1,1,0,0.99539,-0.05889,0.872,0.02306,0.83398,-0.37708,1,0.031,0.524,-0.098,0.59755,-0.44945,0.60536,-0.38223,0.84356,-0.38542,0.502,-0.313,0.56971,-0.199,0.382,-0.47357,0.56811,-0.51171,0.577,-0.46168,0.21266,-0.34090,0.44,-0.491,0.134,-0.45300
0,0.5,0,1,-0.123,0.93035,-0.254,-0.10868,-0.93597,0.975,-0.04549,0.279,-0.67743,0.34432,-0.975,-0.51685,-0.97515,0.079,-0.62237,0.33109,-1,-0.156,-0.45300,-0.24,-0.35734,-0.24,-0.26569,-0.20468,-0.18401,-0.19040,-0.11593,-0.16626,-0.039,-0.136,-0.02447
1,1,0.0,1,-0.026,0.555,0.00485,1.349,-0.12062,0.524,0.01198,0.73082,0.04,0.881,0.00827,0.54591,0.00299,0.83775,-0.13644,0.75535,-0.08540,0.70887,-0.27502,0.43385,-0.092,0.674,-0.40220,0.58984,-0.22145,0.243,-0.17365,0.60436,-0.133,0.301,-0.38238
0,1,0,0.514,-0.45161,1,1,0.48,-1,0,0.0,0.0,0.0,0,0.0,-1,0.14516,0.786,-0.39330,-1.383,-0.54467,-0.69975,1.443,0,0,1,0.90695,0.335,1,1.146,-0.20099,0.353,1,-0.32382,1
1,1,0,1,-0.027,0.674,0.06,0.92106,-0.23255,0.677,-0.16399,0.52798,-0.20275,0.484,-0.008,0.42,-0.257,0.52940,-0.21780,0.45107,-0.17813,0.05982,-0.35575,0.02309,-0.52879,0.03286,-0.368,0.13290,-0.53206,0.02431,-0.62197,-0.05707,-0.784,-0.062,-0.978
0,1,0,0.012,-0.00592,-0.09924,-0.11949,-0.011,-0.114,0.168,0.06637,0.03786,-0.089,0,0,-0.04572,-0.15540,-0.00343,-0.10196,-0.11575,-0.05414,0.016,0.03669,0.01519,0.006,0.03513,-0.01535,-0.035,0.108,-0.071,0.00732,0,0,-0.001,0.173
1,1,0,0.97588,-0.10602,0.602,-0.20800,0.92806,-0.28350,0.85996,-0.392,0.79766,-0.47929,1.058,-0.703,0.74628,-0.418,0.57945,-0.68086,0.43,-0.73641,0.425,-0.588,0.31898,-1.154,0.183,-0.81634,0.13659,-0.82510,0.04606,-0.82395,-0.04262,-0.911,-0.069,-0.80975
0,0,0,0.0,0,0,0.0,1,-1,0,0.0,-1.372,-1,0.0,0,0,0,0.968,0.509,-0.69,-1,0.0,0.0,0,0,1,1.352,1,1.018,0,0,1,1,0,0
1,1.332,0,1.272,-0.07198,1.293,-0.14333,1.424,-0.21313,1,-0.36174,0.92570,-0.43569,0.94510,-0.40668,0.90392,-0.538,0.876,-0.35257,0.84537,-0.66020,0.937,-0.60589,0.994,-0.64225,0.952,-0.65440,0.57577,-0.774,0.25435,-0.63919,0.621,-0.902,0.38895,-0.73420
0,1,0.0,-0.01864,-0.08459,0,0,0,0,0.156,-0.37,-0.45663,-0.38172,0,0,-0.33656,0.38602,-0.37133,0.199,0.632,0.22115,0,0.0,0,0.0,-0.115,-0.01326,0.20645,-0.02294,0.0,0,0.199,0.206,-0.047,0.38065
1,1,0,1,0.06655,1.261,-0.101,1,-0.277,1,-0.43107,1,-0.213,0.96232,-0.436,0.90711,-0.59017,1.305,-0.428,0.69876,-0.70997,0.70645,-0.76320,0.443,-0.80544,0.729,-0.89128,0.319,-0.86500,0.595,-0.83675,0.30996,-0.783,0.22995,-0.89158
0,1,0,0.752,-0.54210,1,-0.59,1.091,-1,0.548,0.36217,1,-0.41119,0.612,1.162,1,-1,1,-0.29354,1,-0.737,1,1,1.024,1,1,-0.40888,1,-0.512,1,-0.911,0.537,-0.813,1,-1
1,1,0,1,-0.16316,1.402,-0.10169,0.99999,-0.15197,1,-0.125,0.614,-0.35151,1.244,-0.29785,0.93719,-0.396,1.399,-0.417,0.474,-0.43383,1.142,-0.57,0.82987,-0.581,0.84080,-0.47137,0.76224,-0.58370,0.822,-0.68794,0.68714,-0.64537,0.64727,-0.67226
0,1,0.0,1,-0.86701,0.751,0.22280,0.85492,-0.228,1,-0.12090,1,0.515,1,0.053,1,-0.14767,1,-1.083,1,-1,0.728,0.15803,1.298,0.773,0.843,-0.17012,1,0.35924,1,-0.66494,1.449,0.88428,1,-0.212
1,1,0.0,1,0.07380,1,0.03420,1.495,-0.05563,0.68,0.08764,1.056,0.19651,1,0.20328,1.324,0.12785,1,0.071,1,0.27087,1,0.44758,1,0.287,0.758,0.20033,1,0.477,0.95603,0.317,1,0.303,1,0.603
0,1,0,0.545,-0.93996,1,0.26708,-0.03520,-0.786,1,-1.318,0.43685,-1,0,0.0,-1.331,-0.34265,-0.37681,0.028,1,-0.716,0.0,0,0,0.0,-0.135,0.64,0.39752,0.26501,0,0,1,0.179,0,0
1,1,0,0.58,0.06468,0.85,-0.006,0.97811,0.02498,0.96112,0.02312,1.461,0.07808,0.854,0.10346,0.94212,0.072,0.88809,0.125,0.86104,0.103,0.81633,0.11830,0.855,0.14442,0.842,0.13412,0.79476,0.098,0.79110,0.15379,0.476,0.15930,0.70941,0.12015
0,0,0.0,0,0,-1,-1,1,1,-1.281,1,-1,1,1,-1.246,1.147,0.891,-1,-1,-1.027,1,1,-1,-1,1.166,-1.422,1.451,1,-1,-1,1.495,-1,-1.019,1,-0.961
1,1,0,0.67065,0.02528,0.471,0.05031,0.57197,0.2,0.08776,0.332,0.878,0.117,0.729,0.203,0.78637,0.11,0.58373,0.18151,0.14395,0.41224,0.53888,0.123,0.51420,0.22625,0.48838,0.23724,0.686,0.238,0.43433,0.25306,0.40663,0.191,1,0.33036
0,0,0.0,1,-1.364,0,0,0,0,1.275,1,0.787,-1,-0.71875,0.769,0,0.0,-1.195,0.667,1,1,-0.857,1,1.384,0.56250,-1,1,1,0.518,1,-1,1,1.15,1,1
1,1,0,0.579,-0.00612,1,-0.105,0.903,-0.07649,1,-0.111,1,-0.11073,1.041,-0.586,0.883,-0.15616,1.035,-0.31884,0.86473,-0.34534,0.91693,-0.44072,0.603,-0.46866,0.81874,-0.268,0.82681,-0.311,0.75784,-0.38231,0.548,-0.40575,0.74354,-0.45039
0,0.0,0,1.32,1,0.0,0,0,0.0,-1,-1.187,0,0,0.0,0.0,-1,-0.953,-1,-1,-1.296,1,-1,1,0,0,0.0,0.0,1,-1,-1,1.28,-1,1,-1,1
1,1,0,0.948,0.07088,1.176,0.045,1,0.09313,0.951,-0.05144,0.89263,0.03,0.801,-0.089,0.87534,0.09831,0.76544,0.003,0.75206,-0.05295,0.65961,-0.057,0.64158,-0.069,0.55677,-0.07705,0.58051,-0.02205,0.475,-0.01251,0.51310,-0.00015,0.632,-0.00182
0,0,0.0,-1,1,0,0.0,0,0,-1,1,1.297,1,0,0,0,0,0.529,-0.715,-1,1,0.515,1,0.0,0,-0.676,-1,1,-0.818,1.279,1.265,-1,1,0.0,0
1,0.709,0,1.14,-0.06182,1.209,0.02942,1,-0.05131,1.094,-0.012,1.228,-0.11726,0.977,-0.05202,0.93392,-0.057,0.69170,-0.07,0.65731,-0.20367,0.94910,-0.31558,0.80852,-0.31654,0.84932,-0.213,0.72529,-0.29174,0.73094,-0.401,0.417,-0.26284,0.64207,-0.39487
0,1,0,1,0.815,0.989,-1,1,-0.844,1,-1,1,-1,1,-1.113,1,-1,1,-1,1.166,-0.865,1.443,-0.62796,1.221,-1,1,-0.961,0.636,-1,1,-1,1.116,-1,1.417,-1
1,1,0,1.22,-0.099,1,-0.198,0.799,-1.081,0.94817,0.361,0.95473,-0.227,0.88486,-0.31736,0.87937,-0.23433,0.81051,-0.62180,0.12245,-1,0.48,0.104,0.62357,-0.78547,0.55389,-0.82868,0.43,-0.86583,0.40650,-0.89674,0.493,-0.92128,-0.13341,-1.34
0,0,0,-1,-1,0,0.0,-1,1.237,1,-0.511,0,0.0,0,0,0,0,1.48,-0.924,-1,-1,1.004,-1,0,0.0,1.076,-0.668,-1,1,-1,-0.747,0,0.0,-1,1
1,1,0.0,1.277,0.08380,1,0.196,1,-0.13308,0.637,0.64520,1,0.47904,1,0.59113,1,0.381,1.111,1.01,0.554,0.95099,1,1,0.99,1,0.91624,1.463,0.83899,1,0.74822,1,0.954,1,0.52479,1.27
0,0,0,-1,-0.685,1,1,0.668,-0.814,-1,1,1,-0.951,-1,-0.932,0,0,1,1,-0.885,-0.859,1.047,-1.418,1,-1.261,1.065,1,1,-1,1,-1,-1,1,1,-1.369
1,1.318,0,1,-0.14236,1.423,-0.237,1,-0.23656,1,-0.102,1,-0.25010,1,-0.26161,1.49,-0.21975,1,-0.267,1,-0.489,1.447,-0.35519,0.86,-0.427,1.328,-0.47643,0.98820,-0.49687,1,-0.75820,1,-0.762,1,-0.84437
0,1.225,0,1,-1.087,1,1.477,1,-1,1.151,-1,1,-1,1,-0.01840,1.018,-1,1,1.443,1.013,-0.85583,1,1.343,1,-1,0.0,0.0,1,1,1.039,-0.79141,1,1,1.065,1
1,0.78,0,0.88208,-0.14639,0.93408,-0.11057,0.92100,-0.16,0.895,-0.17036,1.323,-0.31809,0.85269,-0.31463,0.82116,-0.35924,0.80681,-0.33632,0.835,-0.47022,0.70555,-0.47153,0.61,-0.693,0.61297,-0.348,0.571,-0.54629,0.376,-0.59854,0.399,-0.319,0.42189,-0.58086
0,1,0,0.71253,-0.019,0.41287,-0.128,0.98019,-0.09473,0.662,-0.152,1,-0.158,0.826,1,0.83726,-1,0.82270,-0.126,0.80760,-0.28257,-0.25914,0.776,0.713,0.072,0.65493,-0.20392,0.93124,-0.611,0.63811,-0.21901,1.25,-0.87354,-0.23186,-1
1,1,0,1,-0.091,0.902,0.27686,0.83443,-0.58388,1.309,-0.395,1,-0.404,0.79962,-0.12527,0.76837,0.14638,1,0.39337,0.731,0.26590,0.96354,-0.01891,0.92599,-1.224,1.465,0.14803,1,-0.078,1,-0.134,0.713,0.53372,1,-0.56
0,1,0,0.772,-1,0.66,1,1,-0.416,0.80893,-0.435,1,-1,1.4,-0.89375,1,0.73393,0.104,0.948,1,0.624,1,0.85268,1,-1,1,0.609,1,-0.085,0.95982,-0.36250,0.666,0.972,1,0.34732
1,1,0,0.669,0.002,0.867,-0.01209,1,-0.027,1,-0.07014,0.97839,-0.06256,1,-0.08,0.97261,-0.081,0.596,-0.13665,1.185,-0.14327,0.99589,-0.168,0.94815,-0.13565,0.76,-0.20851,0.89067,-0.17909,0.85644,-0.18552,0.83777,-0.261,1.071,-0.20766
0,0,0,1,1,0.618,-1,0.0,0,0,0,-1,-0.768,0,0,0,0,-1,1,1,1,-1.33,1,-0.748,0.916,0.851,-1.241,1,0.642,-1.426,1,1.052,1,0.0,0
1,1,0.0,0.91241,0.062,0.94191,0.02,1.07,0.05345,0.93582,0.01321,0.864,0.042,0.92766,0.077,0.92048,0.06211,0.88899,0.12722,0.83744,0.14439,0.80983,0.11849,0.77041,0.153,0.75755,0.11299,0.73550,0.135,0.66387,0.15300,0.70925,0.062,0.583,0.154
0,1,0.0,0.597,0.02461,1.304,0.04861,1.047,0.07143,0.61745,-1,0.91036,0.11147,0.88462,0.53640,0.873,0.14137,0.76929,0.15189,1,0.41003,0.619,0.16371,0.60138,0.131,0.666,0.16390,0.524,0.16019,0.43481,0.225,0.351,0.14677,0.74,1
1,1,0.0,1,0.048,1,0.20746,0.93,0.357,0.93051,0.376,0.86773,0.538,0.75474,0.50082,0.79555,0.426,0.65954,0.401,0.799,0.62999,0.47807,0.558,0.40553,0.68840,0.34384,0.72082,0.235,0.72386,0.19296,1.051,0.11372,0.72688,0.06990,0.71444
0,1,0.0,-1,-1,1,1,0.701,-0.14375,0.0,0.0,-1,0.786,0.814,1,0.17917,-1.053,-1,-1,0.08750,-1,0.941,-1,-1,1.126,-1,-1,1.076,-1,-1,-1.279,1,1,0.0,0
1,1,0,0.564,0.08791,0.86528,0.172,0.617,0.16598,0.55187,0.68154,0.70207,0.291,0.18,0.42739,0.57620,0.46086,0.51067,0.49618,0.443,0.12967,0.37824,0.737,0.31274,0.55826,0.24856,0.327,0.247,0.56605,0.12635,0.335,0.065,0.55061,0.145,0.67739
0,1.193,0.0,-0.64286,-1,1,0.974,1.125,-0.813,1,-0.23393,1,1.357,1,-0.31,0.743,-1,1,0.13839,1,-0.921,1,-0.03393,-0.84286,1,0.53750,0.861,1,1,0.819,-1,1,-0.56,1,-1
1,1,0,0.99025,-0.05785,0.837,-0.13009,0.98663,-0.19430,0.99374,-0.303,0.92738,-0.414,1.03,-0.37965,1.296,-0.43796,0.84922,-0.335,0.774,-0.57075,0.79016,-0.792,0.74725,-0.64615,0.375,-0.68479,0.65247,-0.974,0.605,-0.75353,0.54752,-0.80278,0.615,-0.83245
0,0,0.0,0,0.0,0,0,0,0,1,1.038,0.553,1,0,0,0.0,0.0,-0.37500,-1.439,-1,-1.118,0,0,0,0,-1.403,-1,-1,-1.116,-0.957,1,1,0,0.0,0
1,1,0,1.014,-0.03730,1,-0.07383,0.99601,-0.065,0.99838,-0.133,0.98941,-0.13814,0.96674,-0.109,0.95288,-0.28,0.91236,-0.34400,0.90581,-0.428,0.89991,-0.34691,0.87874,-0.37643,0.86213,-0.465,0.855,-0.43122,0.81433,-0.633,0.655,-0.652,0.75115,-0.371
0,1,0.0,0.86,-0.02685,-1.483,0.26131,-0.36393,0.35639,0.69258,-0.42,1,-0.02,-0.29020,-0.004,-0.742,0.15452,0.91921,-0.594,1,-0.50424,-0.29735,-0.332,-1.106,0.37361,0.83872,-0.46734,0.52208,-0.58130,1,-0.537,-0.101,0.20477,-0.06117,0.41913
1,1,0,1.147,0.00874,0.955,-0.03818,0.97565,-0.085,0.659,-0.047,0.99004,-0.04507,1.121,-0.11102,0.74,-0.12790,1.356,-0.11583,0.787,-0.19200,0.88274,-0.17387,0.911,-0.18739,0.88487,-0.194,0.81813,-0.21136,0.574,-0.23864,0.76911,-0.23095,0.74323,-0.23902
0,1,0.0,0.0,0,1,0.51724,0.0,0.0,0.10991,-1,0,0,0,0,-1,-0.22414,-0.55711,-0.83297,0.76940,0.556,0,0,0.796,0.465,-1.006,0.393,1,-0.856,-1,0.81573,0.0,0,0.0,0
1,1,0,1.202,-0.18362,0.43644,0.034,0.93421,-0.00267,0.87947,0.13795,0.81121,-0.01789,0.59,0.54991,0.778,-0.57486,0.75000,-0.29520,0.538,-0.256,1.417,1,0.46610,-0.208,0.90066,-0.025,0.782,-0.01158,0.61582,-0.32298,0.84463,-0.319,0.93323,-0.02
0,0.0,0,1.096,1,1,-1,0,0,0.0,0,1,1.198,1,0.716,-1.497,-1,1,-1,-1,1,0,0,1,-1,0.548,-0.819,1,0.663,-1,-1,0.0,0.0,0.0,0
1,1,0,1,1,1,1.404,0.91010,1,-0.26970,1,-0.683,1,-1,0.549,-1,0.706,-1,-0.57779,-1,-0.43,-1,-1,-0.476,-1.035,0.553,-0.671,0.862,-1,1,-1,1,-0.361,1,0.251
0,1,0,-0.67935,-1.33,-1,1,1.184,0.63317,0.042,-1.444,-1,-1,1,1,0.623,-1,-1,0.5,0.46,1,1,-1,-0.986,-0.975,-0.18856,1,0.613,-1,-1,-1.398,-1,1,1,0.22
1,1,0.0,0.95659,0.048,0.97487,-0.05667,0.97165,-0.066,0.96097,-0.036,0.94717,0.01279,0.513,-0.093,0.94612,-0.19497,0.99630,-0.32268,1.218,-0.35902,0.91428,-0.27316,0.90140,-0.29807,0.563,-0.40747,0.899,-0.34586,0.92059,-0.226,0.983,-0.299,0.82166,-0.41173
0,1.443,0,0.054,-0.20685,-1,1,-1,0.938,1.042,0.47173,-0.82143,-0.422,-1,-1,-1.383,1,-0.032,0.59152,-0.42113,-0.216,-0.74628,-1.376,-1.018,-0.46801,-1,0.23810,0.629,-1,-1,-0.38914,-1.453,-1,-1,0.61458
1,1,0,1.117,-0.02259,1.489,-0.04494,1.349,-0.06682,1,-0.08799,1,0.493,0.936,-0.12738,1,-0.104,1,0.32407,1.155,-0.17639,0.99484,-0.18949,0.95601,-0.20081,1,-1.214,0.87280,-0.21793,0.758,-0.22370,0.674,-0.278,0.73992,-0.13
0,0.0,0.0,-1.082,1,1,-0.906,-1,1,0.0,0,1,1,-1,-0.125,1,0.516,-0.96,-0.892,1,-1,-1.324,-1,1.166,1,1,-1,1,1,1,1,0,0.0,-1,-1
1,1,0.0,1,0.066,0.94525,0.07418,0.99952,0.183,1,-0.01911,0.94846,0.07033,0.95713,0.113,0.94862,0.11224,0.90896,0.20119,0.658,0.081,0.8,0.14258,0.578,0.237,0.91667,0.22431,0.88423,0.23571,1.271,0.252,1.059,0.29576,0.83574,0.31166
0,1,0.0,0.17188,-1,-1,1.352,0,0.0,0.0,0.0,-1,1,0.0,0.0,-0.61354,-0.67708,0.80521,0.36146,0.51979,0.077,0,0,-1,-0.27083,-0.84792,0.664,0.615,1,-1.372,0.67708,0.0,0,0,0
1,1,0,1.293,0.09771,1,0.12197,1,0.22574,1.226,0.09237,0.94930,0.19211,1.324,0.24288,0.89241,0.28343,1.139,0.353,0.745,0.33129,1.034,0.368,1.068,0.39597,0.76193,0.34658,0.68452,0.42746,0.697,0.46031,0.636,0.47033,0.747,0.50903
0,1,0.0,0.01667,-0.35625,0,0,0.0,0,0,0.0,0.0,0,0.0,0.0,0.12292,-0.55000,0.22813,0.82813,1,-0.506,0.0,0.0,0.111,-1,-0.10625,-0.16667,1.361,-0.76667,-1,0.18854,0,0.0,1,-0.27292
1,1,0,1,0.16801,0.99352,0.16334,0.64,0.28,0.91759,0.22610,0.91408,0.37107,0.84250,0.46899,0.81011,0.253,0.69,0.707,0.419,0.312,0.56553,0.588,0.55586,0.64720,0.631,0.55236,0.304,0.69129,0.35684,0.76147,0.428,0.66844,0.326,0.78685
0,1,0,0.63816,1,0.20833,-0.59,1,1.091,0.481,0.189,-0.66886,1.162,-0.048,0.602,0.01754,0.05044,-0.51535,-1,0.116,-0.03,0.32675,-0.43860,-0.537,1,0.80921,-0.788,0.752,-0.06140,1,1,0.20614,-1,1,1
1,1,0,1.134,-0.41457,1.483,0.875,0.87060,0.098,1,-0.09925,0.93844,0.47990,0.427,-0.16080,1,0.00879,0.97613,-0.703,0.80025,-0.24497,1.169,-0.19095,1,-0.12312,1.216,0.158,1.162,-0.087,1,-0.27387,0.43970,0.19849,0.51382,-0.035
0,1,0.0,0.956,0.10598,1,0.39130,1.083,-1,0.66938,0.08424,1.298,0.223,1.177,0.878,0.843,0.35507,1.239,0.02672,0.58424,-0.43025,1,0.63496,0.669,0.26585,0.91033,-0.227,1,0.15942,0.552,-0.01947,1,0.22464,1,0.37409
1,1,0.0,1,0.191,1.495,0.02477,1.089,0.07764,1,0.046,0.98762,0.33266,1,0.05489,1,0.057,1.268,-0.24598,0.84371,-0.059,1,0.04150,0.99933,0.356,0.687,-0.39056,0.73,-0.02174,0.86747,0.23360,0.617,-0.22021,0.80355,-0.07329
0,0,0,0.716,-1,0.772,-0.828,0.786,-1,0.694,-0.606,1,1,1,1.071,1,-1,1.318,1,1.331,1,1,1,1,-0.784,1,-0.943,1,-1,1,0.65625,0,0.0,1,-1
1,1,0,1,0.67784,1.11,0.82021,0.25,1,0.20619,0.576,-0.43872,1,-0.79135,0.476,-1,0.342,-0.39046,-0.58634,-0.97907,-0.482,-0.73083,-0.76339,-0.37671,-1.435,0.41366,-1,0.214,-0.93296,0.246,-1.035,0.956,-0.35222,1.174,0.03446
0,1,0,1,1,1,-1,1.019,-1,1.451,1,1.246,1,1.422,1.42,1.495,-0.961,1.166,1,1,1.281,1,1,1,1.027,1.147,1,1,0.446,0,0,1,-1,1,-1
1,0.964,0.0,1,0.03529,1.486,0.18281,1.0,0.26968,1,0.186,1,0.28778,1.174,0.222,1,0.31674,0.967,0.65701,1,0.53846,1,0.61267,1,0.579,0.953,0.68326,0.89502,0.71374,0.605,0.954,0.74389,0.85611,0.71493,0.75837
0,0,0.0,1.15,-1,0.518,1,-1,-1,1,-0.769,0.0,0,0,0,-0.857,1,1,-1,1,-1,-0.956,1,1,-1,1,-1.195,1,-0.787,-1.43,-1,0,0.0,1.364,-1
1,1,0,0.708,0.09,1.437,0.217,0.867,0.27451,0.98044,0.35052,0.633,0.46281,0.762,0.52517,0.82820,0.58794,0.73242,0.69065,0.69003,0.73140,0.315,0.68820,0.48339,0.76197,0.40615,0.469,0.33401,0.872,0.165,0.917,0.13756,0.86835,0.09048,0.86285
0,1,0,0.69444,0.346,0,0,-0.32937,0.829,0,0,0,0.0,0.0,0.0,0.20635,-0.192,0.23,0.19444,0.46429,0.78175,0.0,0,0.0,0,0.73413,0.405,0.76190,0.63492,0,0.0,0,0,0.0,0
1,1,0,1.036,0.05070,1,0.10827,1,0.19498,1.453,0.332,1,0.34826,1,0.38261,0.94575,0.412,1.069,0.50391,0.727,0.62,0.80644,0.59962,0.965,0.732,0.784,0.631,0.59417,0.69435,0.358,0.72684,0.47027,0.71689,0.33381,0.75243
0,0,0,1.279,0.715,0,0.0,1,-1,1,-1,0.639,1.265,0.676,1,1,-1,0.515,1,1,1,0.529,-1,-1,-1.149,1.297,-0.573,1,-1,1,1,0,0,1,-0.818
1,1,0,1,0.04078,0.859,0.139,1,0.168,1.14,0.27921,0.98703,0.30889,0.92745,0.289,0.91118,0.39749,0.81939,0.46059,0.86,0.46994,0.79400,0.56282,0.70331,0.58129,0.824,0.432,0.58903,0.432,0.53952,0.575,0.277,0.77,0.40442,0.62658
0,0,0,1,1,0.865,-1,1.113,1,1,1.116,1.166,1.409,1,1,1,1,1,-1,-1,1.443,-1.221,0.636,-1.417,1,0.844,-1,1,1,-0.989,1,-0.961,-1,-1,1
1,1,0,0.922,0.24168,1,0.48590,1,0.72973,1.147,1,1.34,1,1,1,1,0.41,1,1.322,1,1.131,0.408,1.496,0.89647,1.22,0.578,0.945,0.38255,1,0.10819,1,-0.17370,0.591,-0.81383,1
0,0,0,0.668,1,1,-1,1,1,-1.48,1.004,0,0.0,1.207,1.413,0.0,0,0,0,-1.237,1,-1,1,1,1.362,1,-0.924,0.936,1,1,1,1,-0.999,-1,1
1,1,0,1.129,-0.098,1,0.62937,1.01,0.09557,1.111,0.20280,1,-1.22,1,-0.40559,1.27,-0.202,1,0.04895,1.253,-0.61538,1,-0.26573,1,-1,0.539,-0.321,1.463,-0.81372,1,-1,0.648,-0.78555,1,-0.48252
0,0,0,1,-1,1,1,1,1.369,1,1,1,1,1,-0.668,1,-0.951,1,1,1,-1,1,1.261,0.932,0.859,1.047,-0.885,1,1,0.814,-1,1.065,1.418,0.685,-1
1,0.82,0.0,0.92277,0.07804,0.955,0.16251,0.89702,0.24618,1.217,0.35197,1.174,0.42196,0.939,0.46983,0.70796,0.486,0.60459,0.64200,0.51247,0.653,0.39903,0.66975,0.34232,0.68343,0.23693,0.85,0.18765,0.511,0.069,0.71038,0.02735,0.77072,-0.031,0.69509
0,1,0,0.68198,-0.17314,0.95,0.21908,0.511,0.32862,0.25795,0.58304,1,-0.128,0.01060,0.44523,0.011,0.38869,0.18681,0.41168,0.085,0.36353,0.039,0.30745,-0.001,0.225,-0.04,0.289,-0.04314,0.14481,-0.04779,0.10349,-0.053,0.041,-0.04013,0.04586
1,1,0,0.448,-0.02811,0.52,-0.05178,0.80621,0.02811,0.85947,0.031,0.63462,0.082,0.71598,0.07840,0.73077,0.05178,0.69,-0.27811,0.586,-0.018,0.78698,0.06953,0.458,-0.18639,0.65385,0.035,0.61009,-0.06637,0.429,-0.21154,0.628,-0.14053,0.433,0.02959
0,1,0,0.39179,-0.06343,1.078,0.035,1,1.404,0.35821,0.15299,0.566,0.085,0.61567,-0.679,0.57836,0.67910,0.66791,-0.12,0.46642,-0.11567,0.463,0.086,0.83209,0.355,0.47015,0.16418,0.49309,0.14630,0.382,-0.02612,0.39118,0.19,0.34411,0.12755
1,1.241,0,0.67547,0.043,0.76981,-0.121,0.77358,0.03774,0.66038,-0.039,0.64528,0.01132,0.66792,-0.13962,0.72075,-0.015,0.76981,0.08679,0.643,-0.07925,0.75849,-0.187,0.73962,-0.14717,0.84906,-0.138,1.007,-0.081,0.66792,0.024,0.86415,0.046,0.73208,0.00755
0,0.829,0,0.799,-0.05000,0.482,0.03462,1,0.433,0.66364,-0.05909,0.518,-0.194,0.81809,0.09559,0.56818,1,0.50455,0.262,0.376,0.083,1,-0.377,0.98636,-1,0.57273,0.32727,0.56982,0.14673,0.247,0.08182,0.48927,0.14643,0.824,1
1,1,0.0,0.57647,-0.01569,0.545,0.0,0.38431,0.185,0.40000,-0.05882,0.56471,0.14118,0.46667,0.08235,0.52549,-0.05490,0.739,0.01569,0.601,0.0,0.434,0.06667,0.58039,0.043,0.49804,0.00392,0.48601,0.10039,0.46275,0.08235,0.317,0.139,0.351,0.17255
0,1,0.0,0.41932,0.146,0.186,0.12500,0.23182,0.27955,-0.03636,0.44318,0.04517,0.524,-0.19091,0.33636,-0.13350,0.183,0.02727,0.40455,-0.317,0.098,-0.265,0.05078,-0.18636,0.36364,-0.14003,-0.04802,-0.09971,-0.049,-1.099,-1.17,-0.02916,-0.081,-0.00526,-0.06314
1,1,0,0.917,-0.21996,1,0.36373,0.82403,0.234,0.508,0.033,0.90558,-0.04292,0.85193,0.374,0.77897,0.25322,0.69206,0.366,0.71030,0.39056,0.73176,0.27575,1.261,0.35,0.35,0.52039,0.69811,0.53235,0.80901,0.402,0.487,0.70923,0.52361,0.403
0,1,0,0.84557,-0.1,-0.31745,-0.648,-0.128,-0.56435,0.80648,0.04576,0.492,-0.00763,-0.115,0.63966,-0.20019,-0.68065,0.85701,-0.096,0.418,-0.15729,-0.067,0.50810,-0.34128,0.80934,0.78932,-0.03718,0.70882,-0.25288,0.77884,-0.106,-0.182,-0.78170,-0.241,-0.733
1,1.258,0,0.808,-0.24783,0.546,0.04348,0.45217,0.352,0.65217,0.18261,0.5,0.26957,0.57826,-0.23043,0.487,0.28,0.38696,-0.522,0.36087,-0.26087,0.26957,0.064,0.53246,-0.054,0.31304,-0.12174,0.544,-0.05,0.48348,-0.04448,0.957,-0.25217,0.50435,0.14783
0,1.35,0,-0.54180,0.14861,-0.33746,0.73375,0.312,-0.13932,0.31889,-0.056,0.20743,-0.086,0.47368,0.08978,0.56347,-0.15480,0.16409,0.634,0.33746,0.042,0.50464,0.07121,-0.63777,-0.326,1.456,0.465,0.352,-0.40116,-0.15170,0.11146,0.016,0.55820,0.344,-0.08978
1,1,0.0,0.29202,0.13582,0.45331,0.16808,0.579,-0.006,0.52632,0.20883,0.384,-0.096,0.47368,-0.04754,0.55518,0.03905,0.566,-0.22411,0.629,-0.06,0.354,0.052,0.414,-0.20883,0.51731,-0.03176,0.632,-0.03351,0.34635,0.09847,0.70798,-0.01868,0.39559,-0.03226
0,1,0,0.79157,0.16851,0,0.0,0.56541,0.087,0.39468,1,0.502,1.236,-0.02439,0.53215,0.23,0.172,-0.02661,0.95122,-0.50998,1.255,-0.10200,0.38803,-0.271,0.295,-0.91574,0.43,-0.329,0.88248,-1,0.69401,-0.8,0.12860,0,0
1,1,0,0.868,0.21,0.79299,0.295,0.72990,0.607,0.59784,0.72997,0.252,0.81152,0.24412,0.87493,0.068,0.554,-0.12611,0.87396,-0.368,0.79617,-0.46635,0.773,-0.57135,0.53805,-0.68159,0.39951,-0.71844,0.25835,-0.448,0.145,-0.809,-0.05525,-0.67699,-0.19904
1,1,0,0.97714,0.19049,1.124,0.296,0.985,0.58732,0.47968,0.84278,0.247,0.468,0.084,0.93945,-0.13254,0.505,-0.308,0.91624,-0.52145,0.79525,-0.68274,0.623,-0.77408,0.268,-0.85376,0.17849,-1.213,-0.007,-0.82366,-0.19321,-0.67289,-0.33662,-0.59943,-0.49700
0,1,0.0,-1,-1,0.0,0,0.50814,-0.78502,0.557,0.32899,-1,-0.41368,0.0,0,0.0,0.0,1.197,-0.292,0.36482,-0.63518,0.97068,-1,-1,-1,1.189,-0.59609,-1,-1,-0.643,-1.49,0.559,-1,0,0
1,1,0,0.74084,0.04974,0.79074,0.02543,0.78575,0.03793,0.907,0.089,0.697,0.31152,0.856,0.093,0.798,0.082,0.70681,-0.07853,0.63613,0,0.61,0.11355,0.66,0.142,0.998,0.15445,0.64158,0.13608,0.65707,0.17539,0.59759,0.14697,0.57455,0.216
0,0.846,0,1,-1,0.0,0.0,0.779,-0.99265,0.80882,0.371,-0.41912,-0.94853,0.0,0,0.0,0,0.72059,-0.77206,0.73529,-0.659,0,0,0.133,-1,-1,-1,-1.24,-1,1,-1,0.532,-0.506,0,0
1,1,0.0,1.474,0.01709,1.261,-0.03142,1.049,-0.03436,1.076,-0.05071,0.899,-0.07092,0.99173,-0.09002,1,-0.15727,1,-0.121,0.98310,-0.078,1,-0.164,1.377,-0.19272,0.98971,-0.194,0.96490,-0.183,0.94599,-0.17123,0.96436,-0.22561,0.87011,-0.23296
0,0.0,0.0,0,0,0,0.0,0.0,0,0.0,0.0,0,0,0.0,0,0,0,0,0,0,0,0.0,0,0,0,0,0,0.554,-0.609,0.0,0,0.0,0,0,0
1,1.129,0,0.95704,-0.098,0.71,-0.12690,0.96365,-0.18242,0.97026,0.114,0.92003,-0.01124,1.014,-0.24719,1.358,-0.31395,0.722,-0.21216,0.98678,-0.21018,1,-0.27165,0.93126,-0.35,1.142,-0.165,0.88793,-0.406,0.81428,-0.276,0.89095,-0.31857,0.69531,-0.41573
0,1,0.0,0.28409,-0.432,0,0,0.68182,-1,0.331,0.95833,0.64394,0.053,0.453,-0.461,0,0,0.59091,-0.318,0.539,-0.433,0,0,0,0.0,0.24242,0.17803,1,-0.23864,0.05,-0.48485,0.16288,-0.70076,0,0.0
1,1,0,0.94490,-0.49311,1,-0.033,1.08,-0.87052,1.27,0.788,1.105,-0.10104,1,-0.12493,1,-0.15017,1,-0.17681,0.653,-0.297,1,-0.153,1,-0.209,1,-0.234,1,-0.33304,1,-0.36931,1.296,-0.40740,1.365,-0.44739
0,1,0.0,0,0,0,0.0,0,0,0,0.0,0.496,1.346,0,0.0,0.0,0,0.36585,-0.71951,0.535,-1,0,0,0,0,0.0,0,1,0.10976,0,0.0,0,0.0,0,0.0
1,1,0,0.99449,0.004,0.619,-0.11313,1.152,-0.16431,0.622,-0.066,1.042,-0.07496,1.164,0.02966,0.87161,-0.20848,0.93881,-0.194,0.98298,-0.08935,0.988,0.00075,0.87836,-0.05882,0.93368,-0.121,0.87579,-0.255,0.94294,-0.16581,0.80253,-0.25741,0.983,-0.27794
0,1,0,0.10135,0.154,0.0,0,0,0.0,0.54730,0.82432,0.208,0.699,0,0.0,0,0,0.37162,-0.582,0.451,-1,0,0.0,0.0,0,-0.42568,-1,0.931,-1,0.55405,-0.23649,0.0,0,0,0
1,1,0.0,1,-0.793,0.646,-0.73371,0.89518,-1.394,1.261,-0.35818,1.175,-0.23229,0.601,-0.86402,1,-0.57535,1,-0.79603,0.57,-0.88952,0.96601,-1,0.704,-1.088,0.61946,-1.01,0.53777,-0.77986,0.81020,-1,1.068,-1,0.30445,-0.76112
0,1,0,0.65909,-0.62879,0,0,0.0,0,0.77273,1.368,1,-0.28030,0.0,0.0,0,0,0.62121,-0.239,0.84091,-1.312,1.32,-1,0,0,0.0,0,1,-1.17,-0.12879,-0.93182,0.0,0,0.0,0.0
1,1,0.0,0.86284,0.145,0.726,0.532,0.67203,0.55785,0.54559,0.727,0.36705,0.81533,0.19617,0.74,-0.04061,0.723,-0.17241,0.75785,-0.318,0.65747,-0.48199,0.56092,-0.831,0.40996,-0.728,0.25747,-0.63038,0.082,-0.57241,-0.07816,-0.54866,-0.105,-0.42912,-0.31954
0,1,0,0.42000,-0.61000,0,0,0.597,-1.282,0.613,1.081,0.43000,0.414,0,0,0,0,0.962,-0.29000,0.84000,-1,0,0.0,0,0,0.297,1.004,1,0.17,0,0.0,0,0.0,0,0
1,1,0,1,0.23395,0.91404,0.52013,0.508,0.694,0.47660,0.84222,0.27639,0.91730,0.084,0.88248,-0.21980,0.91404,-0.406,0.548,-0.297,0.88,-0.64527,0.44614,-0.481,0.29162,-0.751,0.03591,-0.864,-0.11943,-0.432,-0.28183,-0.51251,-0.44505,-0.48,-0.53319
0,1,0,0.91353,0.81586,-0.638,0.995,-0.39466,0.753,0.05405,0.29730,-0.18599,-0.118,-0.03158,-0.123,0.01,-0.03403,0.01108,-0.007,0.002,0.00097,0.00048,0.00075,-0.00003,0.00019,-0.0,0.00002,-0.00001,0.0,0,0.0,0.0,0,0,0
1,1,0,0.21429,-0.09524,0.33333,0.07143,0.19048,0.197,0.23810,0.09524,0.40476,0.021,0.30952,-0.04762,0.406,-0.04762,0.193,-0.11905,0.302,0.056,0.30952,0.0,0.271,-0.135,0.35714,-0.027,0.22109,-0.02290,0.19048,0.0,0.16997,-0.018,0.14694,-0.01877
0,0.856,0,1,-0.162,1,0.04918,0.411,-0.01639,0.817,0.01639,1.221,-0.03279,1.077,0,1.003,-0.16393,0.19672,-0.14754,0.65558,-0.17176,0.592,0.03279,0.837,-0.29508,0.31148,-0.247,0.52385,-0.20325,0.32787,-0.035,0.27869,-0.444,0.49180,-0.06557
1,1,0,0.98182,0.0,0.791,0.027,0.679,0.04572,0.80000,0,0.69091,0.025,0.79343,0.08436,0.77118,0.09579,0.62727,0.25455,0.68182,0.12727,0.669,0.12608,0.68604,0.077,0.74545,0.22727,0.64581,0.177,0.389,0.023,0.60715,0.16465,0.327,0.125
0,1.008,0,0.39286,0.52381,-0.78824,0.11342,-0.16628,-0.943,0.66667,0.01190,0.82143,0.40476,-0.723,0.377,-0.332,-0.325,0.46429,0.15476,0.463,0.04,-0.56,0.44961,-0.469,-0.47594,0.32143,0.70238,0.51971,0.38848,0.57143,0.39286,-0.54891,-0.32,0.25441,-0.307
1,1,0,0.86889,-0.07111,1,-0.019,1.114,-0.06889,0.933,0.00222,0.71,-0.06444,1,-0.102,1.229,-0.177,0.86889,0.05333,0.88000,-0.04,1,-0.093,1,-0.18667,0.966,0.03556,1,-0.14162,0.82222,-0.21,0.809,-0.15609,1,-0.44222
0,1,0.0,0.43636,-0.12727,0.58182,-0.14545,0.18182,-0.67273,0.367,-0.03636,0.29091,-0.05455,0.158,0.29091,0.36364,-0.352,0.20000,-0.01818,0.204,0.05455,0.128,0.49091,0.61818,0.195,0.32727,0.16364,0.607,-0.07027,0.305,-0.068,0.071,-0.525,0.29091,-0.29091
1,1.105,0.0,0.538,-1.183,1,0.75472,0.732,-0.05660,0.62264,0.0,1,-0.0,0.45283,0.07547,0.413,-0.05660,0.819,-0.00085,0.42,0,0.52830,0.07547,0.95190,-0.001,1,0.79245,0.92192,-0.00128,0.94340,-1,1,0.43396,0.523,-0.11321
0,1,0,0.73810,0.83333,-0.808,-0.23810,0.33333,-0.14286,0.45238,-0.14286,-0.67285,0.12808,0.33333,0.0,0.28571,-0.07143,-0.469,0.614,0.23810,0.034,0.45238,0.04762,0.109,-0.26190,-0.623,-0.10234,0.24889,-0.753,0.994,0.0,-0.66667,-0.051,0.156,0.02381
1,1,0,0.43750,0.047,0.58333,-0.10417,0.39583,0,0.33333,-0.058,0.553,0,0.29167,0.106,0.769,0.013,0.543,-0.228,0.284,-0.298,0.233,0.08333,0.258,0.18750,0.39583,-0.18750,0.44012,-0.10064,0.41667,-0.08333,0.58333,-0.31250,0.33333,-0.06250
0,1,0,1,1,0,0.0,0,0,0.0,0,0.622,-0.89098,-0.51504,0.45489,-0.95489,0.309,0.832,1,0,0,0,0.0,0.62030,0.20301,-1.134,-0.802,0.581,-1,0.658,1,0,0.0,0.0,0
1,1.403,0,0.95217,0.06595,1.338,0.175,0.90996,0.19152,0.84881,-0.49962,0.971,0.61320,0.655,0.34328,0.72254,0.37988,0.66145,0.40844,0.95472,0.59862,0.53258,0.44088,0.46773,0.365,0.5,0.44199,0.509,0.43221,0.90330,1,0.275,0.24,0.122,0.511
0,1,0.0,0.59840,0.361,0.82809,0.80521,0.76001,0.70709,0.731,-0.10984,0.97311,0.085,0.95824,-0.85727,0.517,0.88444,0.761,-0.05206,0.607,0.272,0.98484,-1.008,0.86670,-0.85755,0.342,-0.365,1,0.129,0.62958,0.42677,0.87757,0.81007,0.81979,0.68822
1,1,0.0,0.773,0.10129,0.62,-0.01918,0.98313,0.031,0.96974,-0.09316,0.98955,-0.02716,1.279,-0.03096,1,-0.068,1,-0.05179,0.93840,0.016,0.97620,-0.067,0.97889,-0.05318,1.279,-0.092,0.95677,-0.044,1.234,0.01307,1,-0.10797,0.93144,-0.06888
0,1,0,0.0,0,-0.33672,0.885,0,0,0.68869,-1,0.84,0.31385,-0.374,-0.381,-0.225,0.65565,1.085,0.16391,0.0,0,0.0,0,-0.18043,-1,0,0,1,-1,0,0.0,0.04447,0.61881,0.0,0.0
1,1,0,0.661,0.00876,0.874,0.00843,0.56,-0.00763,1.339,-0.02844,0.99820,-0.025,1,-0.016,1,-0.02581,0.837,-0.01175,0.98485,0.00025,0.898,-0.02612,1,-0.04744,0.54,-0.036,0.635,-0.038,0.97020,-0.02478,1,-0.03855,0.98420,-0.04112
0,1,0.0,0,0,0.98919,-0.22703,0.18919,-0.028,0.0,0,0.93243,0.07297,1,-0.20000,0.75,0.08,0.797,-0.078,0,0,0.74,-0.21081,1,-0.41622,0.0,0,1.116,-0.131,0,0,1,-0.361,0.28919,-0.15676
1,1,0.0,0.64122,0.01403,0.192,-0.02439,0.778,0.03466,0.19512,0.12195,0.43313,0.04755,0.21951,0.031,0.29268,0,0.36585,0,0.317,0.07317,0.233,0.146,0.23698,0.05813,0.222,0.09756,0.19304,0.068,0.227,0.05504,0.19512,0.0,0.11,0.07317
0,0.996,0.0,1,1,1,-1,0,0,0,0,1,1,1,-0.701,0.948,1,1,-0.702,0,0.0,0,0,1,-0.27778,0.0,0.0,1.129,-0.594,1,1.069,1,-1,0.0,0
1,0.866,0.0,0.517,0.20408,0.46939,0.24490,0.535,0.20408,0.46939,0.44898,0.30612,0.591,0.12245,0.535,0.0,0.51020,-0.06122,0.492,-0.239,0.55102,-0.28571,0.44898,-0.28571,0.32653,-0.61224,0.192,-0.46579,0.14895,-0.561,0.18367,-0.404,0,-0.26531,-0.24490
0,1,0,0.0,0.0,0.647,-1,0,0.0,0.0,0,1.18,1,0.6,-0.25342,1.031,0.23288,1,-1,0.0,0,0,0,1.278,0.744,0,0,1,-1.117,0,0,1,-1,0,0
1,0.902,0.0,0.89706,0.38235,0.988,0.37500,0.74265,0.542,0.45588,0.77941,0.19118,0.88971,-0.02206,0.86029,-0.20588,0.82353,-0.37500,0.67647,-0.577,0.431,-0.73529,0.533,-0.86029,0.074,-0.74265,-0.12500,-0.67925,-0.141,-0.55147,-0.635,-0.44118,-0.50735,-0.23,-0.62
0,1,0,-1,0.28105,0.22222,0.16,-0.75693,-0.70984,-0.30719,0.668,-1,1.223,-0.717,0.273,-0.79085,-0.02614,-0.98039,-0.83007,-0.36,-0.429,-0.057,-0.83007,1.246,-0.94118,-1.229,-0.43137,0.74385,0.071,-1,0.05229,0.163,0.02614,-0.40201,-0.48241
1,1,0,0.26667,-0.14,0.53333,0.0,0.369,-0.13333,0.36667,0.164,0.442,0.01667,0.71667,0.08333,0.70000,-0.069,0.53333,0.20000,0.41667,-0.019,0.31667,0.20000,0.70000,0.0,0.205,0.077,0.46214,0.064,0.40000,0.022,0.46667,0.03333,0.41667,-0.05000
0,1,0,-0.26667,0.343,-0.27303,0.111,-0.14,-0.04444,0.06192,-0.06879,0.04461,0.02575,-0.00885,0.028,-0.01586,-0.00166,-0.00093,-0.00883,0.007,-0.002,0.00138,0.00238,-0.002,0.001,-0.00069,-0.00050,0.00019,-0.0,0.00026,0.00005,0.0,0.0,-0.00008,0.0
1,1,0,1,-0.37838,0.816,0.29730,0.535,-0.24324,0.717,0.18919,1,-0.27027,0.51351,0.0,0.517,-0.05405,0.32432,-0.117,0.71833,-0.17666,0.62162,0.05405,0.45,0.13514,0.406,-0.29730,0.61031,-0.22163,0.58478,-0.253,0.784,-0.59459,0.3,-0.137
0,1.273,0,0.94531,-0.03516,-1.401,-0.233,-0.592,-0.01563,0.97266,0.01172,0.759,-0.028,-1,0.16406,-1,-0.00391,0.806,-0.03516,0.92188,-0.033,-0.518,0.11719,-1.041,0.34766,1.291,-0.00391,0.82041,0.13758,0.90234,-0.06641,-1,-0.18750,-0.945,-0.34375
1,1,0,0.95202,0.02254,0.93757,-0.01272,0.93526,0.01214,1.056,-0.01734,0.96936,0.00520,0.95665,-0.021,1.047,-0.005,0.99480,-0.02659,0.99769,0.016,0.93584,-0.04971,0.5,-0.016,1.406,-0.04451,1.125,-0.01647,0.857,0.015,0.95434,-0.045,0.95838,0.00809
0,1,0,1.005,-0.038,1,-0.617,0.316,-0.11111,0.54,-0.22222,1,-0.25712,0.16667,-0.061,0.744,-0.36,1.261,-0.232,1,-0.42862,0,-0.25000,1,-0.50333,1,-0.27778,1,-0.647,1,-0.27778,1.219,-0.63156,1,-0.65935
1,0.536,0.0,0.31034,-0.087,0.24138,-0.064,0.20690,-0.08,0.07405,-0.05431,0.03649,-0.03,0.01707,-0.02383,0.00741,-0.01482,0.002,-0.012,0.001,-0.00523,-0.00003,-0.00299,-0.00028,-0.00166,-0.00031,-0.00090,-0.0,-0.00048,-0.0,-0.0,-0.00012,-0.00012,-0.00008,-0.00006
0,1,0.0,0.62745,-0.067,0.827,0,0.60784,-0.07843,0.769,-0.11765,0.68627,-0.11765,0.614,-0.13725,0.48,-0.107,0.54902,-0.114,0.691,-0.21569,0.58824,-0.19608,0.66667,-0.23529,0.45098,-0.298,0.52409,-0.24668,0.56863,-0.31373,0.43137,-0.117,0.7,-0.27451
1,1,0,0.25000,0.16667,0.46667,0.26667,0.19036,0.23966,0.07766,0.247,0.01070,0.14922,-0.02367,0.072,-0.03685,0.06317,-0.03766,0.029,-0.019,0.01532,-0.013,0.00357,-0.01,-0.004,-0.008,-0.00539,-0.008,-0.00586,-0.004,-0.004,-0.00089,-0.003,0.00025,-0.00291
0,1,0.0,-0.65625,0.15625,0.06250,0.0,0,0.043,0.836,0.06250,0.19,0,-0.03125,0.133,0.06250,0,0.15625,-0.15625,0.43750,-0.37500,0,-0.09375,0,0,0.038,-0.46875,0.035,0,-0.71875,0.025,-0.046,0,0.0,0.054
1,1,0.0,1,-0.01081,1,-0.02703,1.222,-0.06486,0.917,-0.01622,1.295,-0.04,0.98919,0.08649,1.339,-0.06486,0.95135,0.09189,0.521,-0.00541,1,0.052,1,0.064,0.622,0.09189,1.247,0.01251,1,-0.03243,1,0.02703,0.97,-0.07027
0,1,0.0,0.674,0.05426,1,0.08069,0.651,1,0.91473,-0.00775,0.982,0.03876,1.291,0.168,1,0.568,0.81395,0.04651,1.09,0.11628,1,0.50670,1,-1,0.777,0.044,1,0.906,0.84496,0.06977,1,1.118,1,1
1,0.814,0.0,0.90374,-0.01604,1.455,0.08021,1,0.022,0.93048,0.00535,0.93583,-0.01604,0.504,0.0,0.787,0.06417,1,0.04813,0.91444,0.04278,0.96791,0.02139,0.592,-0.01604,0.927,0.05348,1.221,0.061,0.87701,0.005,1,0.09091,0.97861,0.06417
0,1,0.0,-0.20500,0.28750,0.23000,0.10000,0.28250,0.31750,0.386,0.35000,0.36285,-0.34617,0.057,0.17,-0.09500,0.21000,-0.08750,0.23500,-0.191,0.31408,-0.48000,-0.095,0.446,0.33176,-0.58000,-0.221,0.352,-0.28475,-0.47000,0.124,-0.227,-0.31228,0.26,0.03050
1,1,0.0,0.60000,0.03333,0.943,0.06667,0.70000,0.06667,0.70000,0,0.63333,0.0,0.822,0.0,0.709,0,0.70000,0.10000,0.581,0.10000,0.73333,-0.03333,0.76667,0,0.867,0.13333,0.77,0.10168,0.60000,0.13333,0.857,0.149,0.714,0.16667
0,1,0.0,0.073,-0.00838,0.06704,0.00838,0,-0.01117,0.00559,-0.021,0.01676,-0.07542,-0.008,0.058,0.06425,-0.034,0,0.09497,-0.033,0.07542,-0.04749,0.025,0.02793,-0.006,0.00838,0.005,0.10335,-0.007,0.03073,-0.00279,0.04469,0,0.034,-0.03352
1,1.377,0,0.94653,0.309,0.72554,0.67248,0.431,0.82455,0.01267,0.89109,-0.212,0.84475,-0.47644,0.56079,-0.75881,0.41743,-0.66455,0.07208,-0.65426,-0.129,-0.46,-0.44000,-0.404,-0.578,-0.04119,-0.64792,0.146,-0.56420,0.36752,-0.618,0.46059,-0.2,0.522,-0.05980
0,1,0,0.029,0.008,-0.02586,0.04598,0.008,0.04598,-0.096,0.012,0.01724,-0.06609,-0.028,0.04310,-0.08333,-0.044,-0.09483,0.08046,-0.04023,0.05172,0.018,0.02299,-0.04,-0.01149,0.019,-0.00862,0.00862,0.01724,0.02586,0.01149,0.02586,0.01149,-0.052,-0.003
1,1.162,0,0.72414,-0.01084,0.79704,0.01084,0.80000,0.00197,1.064,0.01084,0.571,-0.00985,0.83350,0.03251,0.961,0.014,0.80099,-0.009,0.79113,-0.038,0.75961,0.03,1.016,0.05517,0.621,-0.01478,0.948,0.00612,0.74089,-0.05025,0.82956,0.02956,0.902,0.00788
0,1,0.0,0.03852,0.014,0.00428,0,0.01997,-0.028,0.023,-0.04993,-0.04850,-0.01284,0.012,-0.014,0,-0.03281,-0.064,-0.02853,-0.01712,0.046,0.02140,0.002,0.05136,-0.027,0.05136,0.01854,0.03994,0.01569,0.018,0.00713,-0.02568,-0.015,-0.01427,0.01997
1,1,0.0,0.47090,0.149,0.42328,0.33598,0.25661,0.47619,0.01852,0.49471,-0.02116,0.761,-0.373,0.31217,-0.41270,0.32540,-0.404,0.062,-0.5,-0.169,-0.14815,-0.14550,-0.14815,-0.421,-0.23280,0.004,0.03574,-0.31739,0.187,-0.142,0.24868,-0.24339,0.21,0.04233
0,1,0.0,0.079,0.00686,0.13959,-0.04119,0.10526,-0.08238,0.12586,-0.06178,0.223,-0.01144,0.12357,0.07780,0.14645,-0.134,0.232,-0.063,0.21,0.07323,0.082,0,0.11213,-0.003,0.15103,-0.10297,0.08467,0.01373,0.109,-0.094,0.125,-0.07323,0.11670,-0.06865
1,1,0,0.94333,0.38574,0.721,0.64534,0.132,0.77514,-0.55941,0.64899,-0.73675,0.42048,-0.477,0.0,-0.62706,-0.31079,-0.38391,-0.62157,-0.12797,-0.69287,0.49909,-0.63620,0.772,-0.37660,0.948,-0.05484,0.639,0.224,0.622,0.868,0.02742,0.401,-0.21572,0.659
0,1,0,0.027,0.007,0.045,-0.00846,0.025,0.01128,0.01128,0.031,0.00282,0.00141,0.01975,-0.044,-0.017,0.06065,-0.04090,0.02680,-0.02398,-0.004,0.025,-0.02539,0.01834,0,0,-0.01269,0.012,-0.01,0.00564,-0.01551,-0.01693,-0.034,0.00705,0
1,1.314,0,1.188,0.00075,0.81927,-0.042,0.828,-0.04182,0.991,0.09037,0.86258,0.114,1.28,-0.06124,0.78342,0.03510,0.83719,-0.068,0.83570,-0.14190,0.88125,0.01195,0.90515,0.028,0.79686,-0.028,0.537,-0.03678,0.88125,-0.087,0.73936,-0.01942,0.79089,-0.09186
0,1,0,1.32,-1,1.368,0.61,-1.245,1,1,-1.312,1,-1,-1,-1,-1,0.51,1,0.867,1,1,-1,0.684,1,-1.054,1.315,-1,1,1,1,0.502,-1,1,-1,1.264
1,1,0.0,0.85209,0.39252,0.363,0.712,0.08858,0.714,-0.382,0.88744,-1.052,0.646,-0.78,0.10768,-0.85900,-0.31044,-0.66030,-0.55262,-0.101,-0.86063,0.28444,-0.80496,0.64649,-0.366,0.77814,-0.23324,0.881,0.21343,0.37830,0.504,0.19667,0.66315,-0.11215,0.64933
0,1,0,1.436,1,1,0.576,0.664,-0.774,1,1,0.02500,0.021,1,1,0.0,0.0,1,-1,0.647,1,1,1.282,0.31250,1,1,1,1,1,1,1,-0.529,1.413,0.0,0
1,1,0,1,0.704,0.408,1,0.01961,1,-0.284,0.92157,-0.535,0.58824,-1,0.11765,-0.96078,-0.33333,-0.64706,-0.457,-0.23529,-0.626,0.314,-1.06,0.74510,-0.72549,1.11,-0.294,0.92874,0.26,0.72549,0.56863,0.23529,0.90196,-0.113,0.90196
0,1.368,0,0,0,-1.15,-1.376,-1.451,1,0,0.0,-1,1,1,1,1,-1,0.0,0,0.0,0.0,-1,-1.496,-1,1,1,0.591,1,-1,0,0,-0.875,-0.692,-1,1
1,1,0.0,0.44444,0.44444,0.53695,0.92,-0.22222,1,-0.33333,0.601,-1,0.187,-1,-0.105,-0.905,-0.252,-0.691,-0.77778,0.55556,-1,-0.26,-0.77778,0.698,-0.22222,0.33333,0.0,0.92120,0.45019,0.57454,0.84353,0.281,1,-0.55556,1
0,0.0,0,0,0,0.0,0,0,0,0,0.0,0.0,0,0.0,0.0,0,0,0.0,0,0.0,0,0,0,0,0,0.0,0.0,1,0,0,0,0,0,0.0,0.0
1,1,0,1.172,0.0,0.856,0,0.5,0.50000,0.637,0,0.91201,0.108,0.701,0.081,0.86922,0.119,0.75000,0.25000,0.75000,0.278,0.75000,0.0,1,-0.237,0.5,0.50000,0.73944,0.26388,0.436,0.25000,0.69635,0.29074,0.67493,0.30293
0,0,0,-1,0.549,1,1,0.0,0.0,1.234,-1.081,1,-1,1,-1.076,-0.955,-0.983,0,0.0,-1,-1,0.0,0.0,0,0.0,-1,-1,1,-1,1,1,-1,-1,0,0
1,1.065,0.0,1,0,1,0,0.59,0.11111,1,-0.11111,1.275,-0.11111,1,-0.22222,0.661,0.0,1.09,0,1,-0.089,0.77778,-0.11111,0.539,-0.137,0.66667,0,0.90347,-0.061,1,0.118,0.88889,-0.11111,1,0
0,0,0.0,0,0.0,0.0,0,0,0,0.0,0,0,0,-0.543,-1,0,0,0.842,0.75000,0.0,0,0,0,-1,0.555,0.0,0,1.189,-1,-0.884,-1,1,1,0.0,0
1,1,0,0.794,0.45455,1,-0.45455,1,0.09091,1.279,-0.075,1,0,0.573,-0.301,1,-0.18182,1,0.09091,1.442,0,1,-0.438,1,0.09091,0.538,-0.09091,0.663,-0.035,1,0.583,1,-0.407,1,-0.18182
0,1,0,0.371,-0.678,0,0,0,0.0,0.34470,0.353,0.426,0.39394,-0.049,0.51894,0.36364,0.31439,-0.53788,0.32955,0.12121,-0.161,0.028,-0.53409,-0.57576,0.17803,0.225,-0.27273,0.25758,-0.57576,0.458,0.291,0.18182,-0.033,0.17045,-0.41667
1,1,0.0,1,0.11765,1,0.266,1.032,0.41176,1,0.05882,0.7,0.23529,1,0.119,1.419,0.468,1,-0.055,1,-0.11765,1,0.35294,1,0.535,1.24,-0.136,1,0.162,1,0.05882,1,0.35294,1,0.23529
0,1,0.0,0.0,0,-1,-0.679,1,0.365,0.052,-0.23404,-1,-0.36170,0.12766,-0.581,1,-1.134,0.0,0.0,0.82979,-0.07979,-0.25000,1,0.17021,-0.70745,0.0,0,-0.19149,-0.46809,-0.22340,-0.63,0.433,0.90426,-0.67553,0.45745
1,1,0,1.31,0.29167,0.83333,-0.16667,0.581,0.25000,0.87500,-0.054,0.91667,0.04167,0.83333,0.185,0.70833,0,0.735,0.025,1.341,0.08333,0.66667,-0.08333,1.031,0.206,0.83333,-0.12500,0.83796,0.05503,1,0.245,0.764,0,0.70833,0.058
0,1.194,0.0,0.18590,-0.202,0.0,0,0,0,0,0,0,0.0,0.11538,-0.19071,0,0.0,0,0.0,0.0,0.0,0,0.0,-0.05128,-0.06571,0.078,0.078,0.17308,-0.10897,0.12500,0.09615,0.02564,-0.04808,0.16827,0.19551
1,1,0,1.278,-0.107,0.997,-0.11326,0.615,-0.189,1.356,-0.33075,1.35,-0.34281,0.85788,-0.47265,0.91904,-0.48170,0.73084,-0.65224,0.68131,-0.63544,0.82450,-0.78316,0.345,-0.54,0.67033,-0.776,0.48757,-1.042,0.37941,-0.83893,0.161,-0.88846,0.29221,-0.89621
0,1,0.0,1,1.284,-1,1,-1.037,-0.838,0.34649,0.21053,0.46053,0.052,0.197,0.05702,0.35088,0.223,0.501,-0.03947,0.314,0.53070,0,0,-0.344,-0.16228,0.501,-0.66667,1,-1,1,-0.24561,0.504,0.20175,0.82895,0.07895
1,1,0,1,0.154,0.681,0.00369,0.80244,-0.30133,0.89919,-0.23486,0.70643,-0.24077,0.73855,-0.173,0.71492,-0.302,0.38,-0.61189,0.40473,-0.309,0.61041,-0.5,0.53176,-0.294,0.328,-0.569,0.29208,-0.342,0.12777,-0.39143,0.15657,-0.449,0.18353,-0.46603
0,0,0,-0.568,1,1,-1,0,0,0.0,0,1.407,-0.686,1,0.75,0,0.0,1,-1,0,0,0.0,0.0,1.392,1,-0.518,1,1.143,-1,-1,1,-1,-1,0.0,0
1,1,0,1.268,-0.19448,0.96419,-0.231,1.283,-0.22602,0.827,-0.27070,0.79271,-0.349,0.70302,-0.279,0.63338,-0.49967,0.37254,-0.70729,0.235,-0.721,0.40506,-0.649,0.33509,-0.59691,0.14750,-0.63601,0.09312,-0.59589,-0.07162,-0.54928,-0.012,-0.348,-0.109,-0.47898
0,1,0,-1,-1,-0.50694,0.594,1.485,-1,1,0.575,0.0,0,0.23958,-1,1,1,0,0.0,0.701,0.886,1,1,0,0.0,-0.71528,0.948,0.33333,-1,1,-0.595,0.69792,-1,0.649,0.996
1,1.312,0,0.841,0.43460,0.5,0.76160,0.09916,0.834,-0.442,0.753,-0.72363,0.61181,-0.912,0.19409,-0.86709,-0.209,-0.937,-0.568,-0.25105,-0.997,0.16245,-0.786,0.51477,-0.66878,0.74895,-0.28903,0.739,0.07933,0.64135,0.42827,0.31435,0.62447,-0.00422,0.69409
0,1,0,1,0.744,0.0,0,1.031,-1,-1,-0.6,1,1,0.82,-0.647,0.0,0,1,-1,1.18,1,0,0,1.278,-1,-1,-1,0.766,1,-0.94,1,-0.873,1,0,0
1,1,0.0,1,0.535,1.49,1.154,0.836,1.156,-0.465,1,-1,1,0,1,-1,1,-0.583,0,-0.902,-0.66667,-1,-0.92536,-0.802,-0.33333,-0.33333,-1,0.154,-0.901,1,-1,0,-1,1,-0.66667
0,0.0,0.0,-0.938,1,-0.802,-1,0.0,0,-1,0.768,1,-1,-1,-1,-1,0.888,0,0.0,-1,-1.064,-1,0.791,0.0,0,1,-1,1,1,0.598,-1,1,1,0,0
1,0.706,0.0,1,0.057,1.177,0.14211,1,0.22108,1,-0.144,1.106,0.39495,1,0.48981,1,0.58986,-0.217,0.78,0.647,0.0,1,0.92001,1,1,1.039,1,1,1,1,0.25000,1,1,0.82,1
0,0,0,-1,-1.207,0.0,0.0,0,0.0,0.0,0.0,0.0,0.0,0,0,1,-1,0,0,-1,-1,0,0,1,1,1.363,-1,1,-1,0.0,0,0.0,0.0,0,0
1,1,0,0.64947,-0.07896,0.64,-0.084,-0.13129,-0.21384,0.29796,0.04403,0.38096,-0.26339,0.28931,-0.265,0.029,-0.18947,0.20269,-0.29441,0.176,-0.157,0.102,-0.31525,0.037,-0.26795,0.03004,-0.301,-0.0,-0.23210,-0.033,-0.174,-0.04717,-0.18950,0.01336,-0.27201
0,1,0.0,0,0,0,0.0,0.0,0,0.0,0,0.845,-0.33333,0.16667,0.26042,0,0,0,0.0,0,0,-0.19792,-0.21875,-0.16667,1.269,-1,0.598,0.04167,0.75000,-0.309,-0.945,-0.074,-0.27083,-0.103,-0.93750
1,1.449,0,0.772,0.05149,0.99363,0.10123,0.96142,0.14756,0.95513,-0.26496,0.352,0.64,0.884,0.25283,0.495,0.27380,0.464,0.313,0.59615,0.258,0.52494,0.29200,0.603,0.28476,0.39023,0.249,0.32930,0.25553,0.27381,0.23568,0.262,0.21378,0.18086,0.19083
0,1,0.0,1,-0.09524,-1,-1,-1,-1,1.038,0.31746,0.81349,0.42,-0.617,-1.005,-0.632,1,0.47364,1.133,1,1,0.68839,-1,-1,-1,1.241,0.36508,1,0.687,0.744,0.50794,-1.261,-0.194,-1,0.72831
1,1,0.0,0.93669,-0.00190,0.60761,0.43204,0.574,-0.468,1.327,0.16828,0.925,0.09061,0.99676,0.066,0.91586,0.05097,0.721,-0.139,0.87379,-0.14482,1.106,0.26133,0.402,-0.03641,0.84547,-0.02589,0.87293,-0.028,0.738,0.09385,0.78317,-0.10194,0.85841,-0.14725
0,1,0.0,1,-1,1,1,1,1,1,-0.483,1,1,0.542,1,1,1.258,0.0,0.0,0.849,1,1,1,1,-1.405,0.741,1,1,0.62500,1,-0.817,-0.75000,1,1.225,1.17
1,1,0,1.35,0.23058,1,-0.78509,0.529,-0.129,0.565,0.15414,1,0.27820,1.429,-0.06861,1,0.06610,0.95802,-0.18954,0.83584,-0.15633,0.637,0.03728,0.99624,0.13,1,-0.008,0.682,-0.04597,0.91165,0.032,0.684,-0.13722,0.96523,-0.1
0,1,0.0,0.36876,-1,-1.119,-1.213,-0.07661,1.483,1,0.95041,0.74597,-0.38710,-0.577,-1.125,-0.09677,1,0.48684,0.46502,0.425,-0.27461,-0.145,-0.20188,-0.11976,0.06895,0.038,0.052,0.024,-0.009,-0.00403,-0.01672,-0.00761,0.00108,0.00015,0.00325
1,1,0,0.79847,0.38265,0.80804,-0.16964,1,-0.095,0.624,-0.07398,0.70217,0.253,0.531,0.02105,0.98214,0.02487,1.339,-0.193,0.95663,0.07717,1,0.002,0.90306,0.403,0.8,-0.14541,0.97,-0.00394,0.75638,0.07908,0.963,-0.233,1,-0.05740
0,0,0,0,0.0,0,0,0,0,0,0.0,0,0,1,1,1.281,1.173,1.061,-0.568,0.0,0.0,1,1.132,1,-1,1,1,1,0,1,0.79,1,-0.963,0.0,0
1,1,0,1,-0.28428,1.259,-0.203,0.94623,-0.35094,0.787,-0.42,0.467,-0.714,0.90818,-0.44119,0.75723,-0.567,0.69748,-0.58019,0.59623,-0.345,0.68459,-0.964,0.54465,-0.87327,0.315,-0.597,0.35504,-0.76054,0.26352,-0.396,0.16604,-0.73145,0.13994,-0.70000
0,1,0,0,0.0,0,0.0,0,0,-0.85000,-1,0.0,0,0.643,-1,0.0,0.0,-0.719,-1,-1,-1,1,-1,-0.336,-1,1,1.189,-0.92,-0.20000,1,-1,0.0,1.197,0,0
1,1,0,0.967,0.09091,0.95455,-0.09091,1.15,0,1,0,0.95455,0,1.168,0.04545,0.90909,-0.04,1,0.0,1,0,0.86364,0.13,0.77273,0.09091,1.025,0.04545,0.91541,0.02897,0.855,0.115,1.183,-0.093,0.836,0.04545
0,0,0.0,0,0.0,-1,1,1.24,1,-1,-0.673,0.0,0,-1.019,-1,-1,-0.226,-1,-1,1,-1,1,-0.846,0.0,0.0,1,-1,-0.839,-1,0,0.0,1,-1,0,0
1,1,0.0,0.776,-0.08824,0.97059,0.183,0.82353,0.08824,0.91176,-0.02941,0.881,-0.26,0.97059,0.14706,0.94118,0.02941,1.049,0.0,1.076,0,0.76471,0.11765,0.88235,0.039,0.85294,0.026,0.92663,0.02600,0.94118,-0.11765,0.86,0.05882,0.91176,0.053
0,1,0,-1,0.536,-1,0.15244,0.161,1.061,-1,0.554,-1,-1,1,1,-0.609,-0.23476,0.383,-1,1.236,1,-0.31402,-0.956,-0.739,-1,1,-1,-1,-0.021,1,-1,-1.133,-0.32317,0.137,1
1,1,0,0.47368,-0.10526,0.83781,0.01756,0.605,0.02615,0.68421,-0.071,0.68421,0,0.79856,0.05028,0.78315,0.05756,1.084,0.638,1,0.05263,0.843,0.093,0.70301,0.066,0.42105,0.21053,0.733,0.08968,0.601,-0.187,0.515,0.09534,0.648,0.09719
0,1,0,-0.00641,-0.705,0,0,-0.014,1,0,0.0,0,0,0.0,0,0,0.0,0,0,0.261,1.001,-0.189,0.74359,-0.45,-0.80769,0,0,-0.61538,-0.278,0.0,0,0,0,0.0,0
1,1.178,0.0,1,0.45455,1,0.54545,0.64,0.824,1,-0.059,1,0,0.81818,-0.297,0.57,0.27273,1,-0.63636,1.105,-0.27273,0.714,-0.45455,1,0.07750,1,-0.09091,1,0.08867,1,0.36364,1,0.921,0.993,0.298
0,0,0.0,-1,-1.299,1,-1,-1,1.103,0.0,0.0,1,-1,1,-1,0,0,0,0,0,0,-1.314,1,1,-1.346,-1,1,0.639,0.798,0,0,0.992,0.711,0.0,0
1,1,0.0,0.5,0.067,0.469,0.09091,0.27273,0.18182,0.913,0.0,0.36364,-0.09091,0.45455,-0.098,0.48612,-0.01343,0.817,-0.18182,0.45455,0,0.36364,-0.136,0.27273,0.18182,0.475,-0.056,0.34442,-0.01768,0.27273,0,0.36364,0.0,0.28985,-0.01832
0,1,0.0,-1,-0.852,0,0,-1,0.754,-0.87097,1,0,0,0.0,0,0.0,0,0,0,0.0,0.0,-1,-0.841,0.0,0,0.199,0.23387,1,0.51613,0.0,0,0,0.0,0,0
1,1,0.0,0.743,0.14286,1,0.71429,1.004,0.763,1,-0.14286,1.081,-0.14286,1,0.024,1.314,0,0.42857,-0.14286,1,0.053,1,-0.28571,0.652,0,0.396,-0.28571,1,0.04891,1,0.07,1,0.57143,1.43,0
0,0,0,0.51,1,1,-1,1.368,1,1,1,1,1,0.502,-0.684,1.264,1.054,1,-1,0.867,-1.315,1.312,1.32,1.245,0.61,1,-1,1,1,1,1,1,1,1,1
1,1.38,0,0.87032,0.46972,0.697,0.82161,0.093,0.95275,-0.319,0.87916,-0.388,0.503,-1.131,0.156,-0.856,-0.24942,-0.553,-0.63342,-0.24012,-0.82881,0.18823,-0.78699,0.372,-0.57430,0.69274,-0.24843,0.69097,0.10484,0.52798,0.298,0.25974,0.56573,-0.06739,0.57552
0,0,0,1.062,-1,0.682,1,1,-1,1,1,1,-1,1,-1,0.774,-0.647,1,1,1.124,1,1.436,0.561,1.081,-1,1,1.413,1,1,1.282,1.477,1,1,1,-0.597
1,1,0,0.92657,0.024,0.89266,0.187,0.86098,0.19791,0.805,0.238,0.80619,0.426,0.918,0.40552,0.66586,0.48360,0.60101,0.51752,0.475,0.52180,0.48435,0.54212,0.283,0.55684,0.242,0.55274,0.346,0.54214,0.145,0.729,0.14312,0.49124,0.11573,0.46571
0,0.0,0.0,1,1,1,-0.692,1.15,-1,1,1,0.0,0,1.368,-1.496,0.0,0,0,0.0,0.0,0,-1.376,1,1,1,0,0.0,1,1,0,0,-1,-1,0,0
1,0.896,0,0.846,0.13645,0.93716,0.172,0.85705,0.38779,0.79039,0.47127,0.72352,0.59942,0.65260,0.673,0.50830,0.413,0.546,0.82742,0.289,0.85952,0.139,0.85615,0.00494,0.88869,-0.093,0.79780,-0.245,0.78004,-0.33169,0.741,-0.38532,0.61,-0.47419,0.55835
0,0,0,1,-1,-1.457,1,-1,1,1,1,0.881,1,-1,-1,-1.246,-1.055,0.718,0.856,1,-1,-1.002,-0.837,-0.717,-1,1,0.0,1,-1,1.493,-1,-1,1.099,-1,1
1,1,0,0.80627,0.124,0.399,0.24323,0.553,0.19038,0.36923,0.264,0.44793,0.46439,0.25000,0.451,0.143,0.37115,0.15215,0.51877,-0.115,0.421,-0.03462,0.42885,-0.079,0.44424,-0.083,0.40006,-0.19940,0.297,-0.23832,0.29541,-0.155,0.23896,-0.23846,0.31154
0,0,0.0,1,-1,1.069,0.845,1,-1.008,0.672,1,1,-1,1,1,1,-1.234,1,-1,0.955,1,1,1,1,-0.549,1.227,-1,1.076,-1,0.983,1,1,-1,1,0.511
1,1,0,1.036,0.13082,0.94120,0.20036,0.88783,0.261,0.89009,0.32711,1.199,0.45217,0.556,0.52284,0.86,0.58820,0.58548,0.66893,0.521,0.70398,0.44245,0.68159,0.35289,0.75622,0.26832,0.614,0.192,0.668,0.07497,1.154,-0.02962,0.865,-0.091,0.74242
0,0.0,0.0,0,0.0,1,1,0.0,0,1,0.561,0,0,1,-0.842,0.0,0,0,0,0,0.0,0,0,0,0,0,0,1,-1.189,0,0.0,-0.555,1.253,0,0
1,1,0,0.765,0.15451,0.465,0.17,0.72582,0.36790,1.053,0.56830,0.57449,0.62719,0.43270,0.74676,0.31705,0.866,0.19128,0.76818,0.034,0.76171,-0.12064,0.85,-0.237,0.71327,-0.29291,0.65708,-0.56,0.58553,-0.46799,0.332,-0.64,0.40732,-0.447,0.35095
0,0,0,0,0.0,1,1.227,1.199,1,0,0.0,0,0,-1,-1,0.0,0,-1,-1,0,0.0,0.0,0.0,1,1,0,0,1,1.066,0.0,0,-1,0.994,0.0,0
1,1,0.0,0.901,0.38138,0.856,0.69431,0.234,0.87892,-0.06726,0.90135,-0.368,0.80441,-0.64574,0.561,-0.82960,0.26906,-0.78940,-0.085,-0.389,-0.30942,-0.46637,-0.55605,-0.16449,-0.64338,0.09562,-0.61055,0.377,-0.48392,0.613,-0.209,0.532,-0.09461,0.42152,0.12556
0,0,0,1,-1,1,1,0.763,1,1,0.854,1,0.658,1,-1,1,1,1.287,1.303,1,-0.802,1,-1,1,-1,1,-1.082,1.134,1,1,-0.714,0.581,1.16,0.985,1
1,1,0.0,0.73523,-0.38293,0.80151,0.141,0.646,0.15266,0.55580,0.05252,1,0.298,0.47,0.28954,0.68798,0.471,0.49672,0.17287,0.39,-0.038,0.57399,0.5,0.53120,0.44872,1.019,0.57549,0.44174,0.48200,0.12473,1.481,0.35070,0.49721,0.378,0.49831
0,0,0,0,0,0.0,0.0,0,0,0,0.0,0,0,0.0,0.0,0.0,0.0,0.0,0,0,0,0,0.0,0,0,0,0.0,1,0.996,0,0,0,0.0,0,0
1,1,0.0,1.151,0.00892,1.27,-0.00260,0.98922,0.00372,0.95801,0.011,0.94054,0.021,0.97213,0.03,0.98625,0.01858,0.94277,0.07135,1.259,-0.007,0.788,0.04980,0.96358,0.07098,0.93274,0.08101,0.59,0.04356,0.97473,0.00818,1.327,0.099,1,-0.00260
0,0,0,0.501,1,-1.436,-1,-1,-0.687,0.0,0,0,0,-1.037,-0.643,0,0,0.0,0.0,0,0.0,-1,1.376,1,1,0,0,1,-1,0,0,-1.284,-1,-1,-0.688
1,1,0,0.50466,-0.16900,0.575,0.009,0.71063,0.02,0.743,0.01282,0.34615,0.05594,0.69050,0.056,0.481,0.05058,0.67023,0.05692,0.531,-0.04662,0.413,0.06856,0.43,0.066,1.149,0.18065,0.59935,0.047,0.38228,0.06760,0.56466,0.09046,0.54632,0.09346
0,0.686,0,0.39,1,0.91973,-0.76087,0.81773,0.04348,1.07,0.117,0.691,0.823,0.521,0.254,0.75920,0.13712,0.93478,-0.25084,0.70736,0.18729,0.64883,0.182,0.312,0.77425,1,-0.404,0.89262,0.22216,0.71070,0.615,1,-0.06522,0.56522,0.23913
1,1,0,0.773,-0.05,1,-0.407,1,-0.85741,0.449,0.06111,0.45556,-0.372,1,-0.185,1,-0.83519,0.49259,0.01852,0.82222,-0.05926,0.98215,-0.19938,1,0.22037,0.69630,-0.265,1.203,-0.155,0.78889,0.025,1.048,-0.27105,1.464,-0.57037
0,1,0,0.38521,0.15564,0.41245,0.07393,0.251,0.358,0.23346,0.13230,0.22,0.15,0.24514,0.505,0.08949,0.22957,-0.03891,0.22,0.07,0.24903,0.24903,0.09728,0.07782,0.29961,-0.02494,0.304,-0.042,0.184,-0.14786,0.14786,-0.083,0.31128,-0.19,0.28794
1,1.312,0.0,0.57540,-0.037,0.713,-0.05357,0.721,-0.01190,0.53968,0.03373,0.61706,0.09921,0.59127,-0.02381,0.62698,0.01,1.056,0.02579,0.60317,0.015,0.392,-0.02778,0.59127,0.03770,0.5,0.03968,0.61291,-0.01237,0.616,-0.13492,0.68849,-0.01389,0.568,-0.028
0,1,0,0.06404,-0.144,-0.057,0.044,0.08374,-0.02463,-0.013,0.18719,0.06404,0,0.138,-0.09852,0.05911,0.0,0.01970,-0.02956,-0.12808,-0.244,0.093,0.012,0.071,0.02956,0.047,0.16256,0.28079,-0.04926,-0.05911,-0.09360,0.04433,0.05419,0.07389,-0.083
1,1,0,0.61857,0.10850,0.70694,-0.06935,0.70358,0.01678,0.814,0.00224,0.57,0.182,0.602,-0.00224,0.79754,0.06600,0.671,-0.179,0.68680,-0.082,0.364,-0.019,0.55,0.11745,0.822,-0.09508,0.69845,-0.01673,0.63311,0.072,0.78859,-0.05145,0.65213,-0.04698
0,1.064,0,0.25316,0.35949,0,0.0,-0.362,-0.598,0,0,0.07595,-0.07342,0,0,0,0,0,0,0.0,0.0,0.00759,0.68101,-0.154,0.446,-0.10380,0.35696,0.05570,-0.888,0,0,0.079,-1,0.0,0.0
1,1,0.0,0.88103,-0.00857,0.7,-0.02465,0.94105,-0.01822,0.89175,-0.147,0.82208,-0.10932,0.88853,0.008,0.90782,-0.143,0.87138,-0.06109,0.90782,-0.02358,1.235,-0.094,0.479,-0.12433,0.90139,-0.19507,0.88245,-0.123,0.84352,-0.105,0.88424,-0.26,1.014,-0.16827
0,0.957,0.0,0.42708,-0.574,0,0,0.0,0,0.46458,0.51042,0.58958,0.02083,0.0,0,0,0,0.172,-0.389,0.59167,-0.18333,0,0,0,0.0,0.98750,-0.321,-1,-1,-0.18,-0.75625,0,0.0,0,0.0
1,1.074,0,0.88853,0.01,1.011,0.016,0.5,0.011,1.03,-0.129,0.90103,-0.08428,0.93040,-0.01033,0.93094,-0.08918,0.484,-0.05057,0.532,-0.04024,0.88418,-0.12126,0.88907,-0.099,0.82980,-0.14138,0.86453,-0.11808,0.85536,-0.13051,0.83524,-0.12452,0.716,-0.12235
0,0.522,0,0,0.0,1.426,0.12889,0.836,-0.02000,0,0.0,0.813,-0.42444,1,0.19556,1.273,-0.045,1,-0.81556,0,0,1,-0.04000,1,-0.18667,0.0,0,1.401,-1,0.0,0,1,0.11778,1.223,-0.09556
1,0.913,0,0.81143,0.026,0.85143,-0.00143,0.79000,0.008,0.424,-0.04286,0.87571,0,0.85571,-0.06714,0.86429,0.00286,0.82857,-0.05429,0.81000,-0.11857,1.017,-0.122,0.984,-0.034,0.77000,-0.075,0.81598,-0.095,0.82571,-0.10429,0.628,-0.05000,0.723,-0.15143
0,0.617,0,0.0,0.0,0,0,0.0,0,0,0,0,0,-1,1,1,0.672,0,0.0,0,0,0,0,0,0.0,0,0,0.632,1,0.0,0.0,0.0,0,0,0.0
1,1,0,0.581,0.01818,0.43117,-0.09610,0.50649,-0.04156,0.50130,0.081,0.246,0.05974,0.55844,-0.17,0.51688,-0.019,0.424,-0.045,0.55325,-0.01039,0.48571,-0.021,0.418,-0.01039,0.59221,0.0,0.53215,-0.03280,0.562,0.03377,0.668,-0.05455,0.58961,-0.08571
0,0,0.0,0,0.0,0.0,0,0,0.0,0,0.0,0.0,0,0,0,0,0.0,0,0.0,0,0,0,0,0.0,0.0,0,0,1,-1,0.0,0,0.0,0,0,0
1,1.456,0,0.599,0.5,1,0.177,0.205,1,0.16851,0.91180,-0.13336,0.80454,-0.34107,0.518,-0.542,0.37856,-0.43663,0.114,-0.207,0.00678,-0.26477,-0.127,-0.218,-0.12964,-0.07782,-0.12744,-0.02089,-0.10242,0.01033,-0.07036,0.015,-0.022,0.02249,-0.02017
0,1,0.0,0,0.0,0.0,0.0,1,1,-1,-1,0,0,1,-0.11111,0.0,0,0.0,0.0,-1,1,1.467,1,1,-1,0,0,1.419,-1.255,0,0.0,0,0.0,1,1
1,1,0.0,0.87048,0.38027,0.811,0.69212,0.389,0.86625,-0.03933,0.90740,-0.42173,0.635,-0.945,0.762,-0.81049,0.22735,-0.81136,-0.12539,-0.67474,-0.37,-0.38334,-0.62861,-0.13013,-0.70762,0.083,-0.812,0.371,-0.642,0.52573,-0.29897,0.56239,-0.078,0.51460,0.16645
0,1.291,0,0,0.0,0.0,0,0,0,-1,1,0.0,0.0,1.281,0.37333,-0.127,-0.074,0,0,-1.266,-1,0,0,0.79,-1.132,0,0,1,0.22667,0,0,0,0.0,0,0
1,1,0,0.88179,0.597,0.59573,0.77655,0.19672,0.94537,-0.154,0.92544,-0.91,0.36,-0.704,0.33652,-0.92384,-0.05338,-0.77356,-0.352,-0.46950,-0.587,-0.10237,-0.82217,0.26384,-0.747,0.761,-0.282,0.72147,-0.308,0.434,0.09599,0.58137,0.38915,0.34749,0.57656
1,1,0.0,0.489,0.023,0.15236,0.21278,0.14919,0.74003,-0.25706,0.621,-0.10312,0.19380,-0.61352,0.306,-0.94053,-0.05409,-0.13117,-0.171,-0.30315,-0.488,-0.11409,-0.85597,0.017,-0.141,0.27942,-0.06295,0.282,-0.11876,0.27657,-0.07,0.15078,0.13296,0.12197,0.115
1,1.429,0,0.83427,0.457,0.523,0.78579,0.12326,0.89402,-0.33221,0.83578,-0.70086,0.612,-0.86622,0.21909,-1.156,-0.306,-0.59714,-0.598,-0.218,-0.87787,0.12439,-0.89064,0.51109,-0.72454,0.709,-0.296,0.83008,0.08718,0.66592,0.49079,0.559,0.70011,-0.035,0.79444
1,1,0,0.62335,-0.035,0.5,0.00481,0.60409,-0.038,0.727,0.005,0.62455,-0.082,0.67028,0.07220,0.62936,-0.057,0.67509,0.066,0.67148,0,0.837,0.10108,0.50060,0.03129,0.65945,0.14079,0.616,0.02019,0.637,0.04452,0.61733,-0.008,0.61372,-0.09146
1,1,0,0.74449,-0.02390,0.70772,0.03309,0.995,0.16912,0.853,0.07721,0.74,0.43934,0.63787,0.00551,0.70772,0.144,1,0.089,0.61029,0.05147,0.67463,0.038,0.456,-0.262,0.621,-0.14,0.61727,0.074,0.30882,0.08640,0.55916,0.07458,0.79,0.21691
1,1,0,0.61538,0.18923,0.433,0.016,0.457,0.03,0.481,-0.10308,0.77538,0.08000,0.73961,0.054,0.72322,0.055,0.368,-0.08923,0.61692,0.16308,0.66233,0.043,0.79,0.08041,0.60154,-0.07231,0.58803,0.053,0.55077,0.25692,0.53389,0.09207,0.50609,0.126
1,1,0,0.68317,0.044,0.84803,0.001,0.84341,0.003,0.84300,0.134,0.75813,0.055,0.952,0.00585,0.80738,0.00673,0.80622,-0.12447,0.77935,-0.03536,0.653,0.00909,0.662,0.013,0.79632,-0.04243,0.8,0.01096,0.62235,0.11598,0.747,0.01190,0.782,0.01227
1,1,0,0.5,0,0.417,0.147,0.406,0.035,0.46957,-0.03913,0.484,-0.12609,0.275,0.04783,0.446,0.014,0.297,0.19565,0.504,0.14783,0.297,-0.02609,0.32174,-0.11304,0.47391,-0.00870,0.41789,0.06908,0.38696,0.03913,0.457,0.14783,0.44783,0.17391
1,1,0.0,0.79830,0.062,1.101,0.20656,0.782,0.28068,0.69320,0.563,0.65917,0.50122,0.57898,0.60814,0.544,0.58445,0.33354,0.67861,0.29587,0.92,0.09599,0.802,0.016,0.936,-0.069,0.63183,-0.11925,0.397,-0.18226,0.56015,-0.25516,0.51701,-0.27339,0.42467
1,1,0,1,0.127,0.905,0.25101,1.325,0.328,0.80365,0.515,0.74977,0.60297,0.748,0.71942,0.55311,0.74079,0.29452,0.82193,0.21137,0.79777,0.09709,0.82162,-0.017,1.136,-0.15144,0.834,-0.22839,0.552,-0.224,0.60948,-0.40291,0.54522,-0.273,0.44534
1,0.611,0,0.89410,0.183,0.87001,0.232,0.78896,0.477,0.63388,0.59975,0.398,0.71016,0.39699,0.76161,0.258,0.79523,0.09134,0.79598,-0.09159,0.76261,-0.259,1.0,-0.327,0.62610,-0.582,0.659,-0.46215,0.40753,-0.50314,0.27252,-0.52823,0.12,-0.48808,0.05972
1,1,0,0.94631,0.17498,0.90946,0.279,0.85096,0.49960,0.73678,0.577,0.59215,0.73838,0.48698,1.199,0.283,0.90665,0.17959,1.024,-0.00701,0.93109,-0.18880,0.89383,-0.449,0.82492,-0.325,0.76482,-0.58563,0.776,-0.67929,0.75,-0.438,0.42488,-0.542,0.246
1,1,0,0.91767,0.245,0.86090,0.35543,0.72873,0.45747,0.60425,0.69865,0.635,0.74922,0.5,0.821,0.15664,0.83558,0.005,0.85210,-0.16390,0.77853,-0.35996,1.107,-0.32,0.65385,-0.53140,0.771,-0.393,0.40972,-0.64511,0.292,-0.628,0.13667,-0.842,0.05394
1,0.684,0.0,0.76627,0.278,0.63935,0.38112,0.48409,0.693,0.15000,0.22273,0.13753,0.59565,-0.106,0.44545,0.0,0.48636,-0.27491,0.256,-0.287,0.36818,-0.184,0.18864,-0.40533,0.07588,-0.38483,-0.028,-0.33942,-0.132,-0.348,-0.19714,-0.19962,-0.24648,-0.11894,-0.27218
1,1,0.0,0.55,-0.60927,1.049,0.414,1.12,0.07285,0.56623,0.136,0.32781,0.225,0.435,0.12252,0.63907,0.19868,0.71854,0.42715,0.54305,0.1,0.677,0.25,0.68874,0.07285,0.67,0.26653,0.49013,0.27687,0.46216,0.28574,0.43484,0.29324,0.40821,0.29942
1,1.477,0,1,0.088,1.005,-0.12144,0.81594,0.09677,0.71157,0.01139,0.56167,-0.07780,0.471,0.12524,0.58634,0.03985,0.344,-0.038,0.75,0.101,0.72676,0.07211,0.32068,0.05882,0.53321,0.37381,0.49090,0.191,0.215,0.416,0.44141,0.18897,0.56167,0.085
1,1,0.0,0.84843,0.06794,0.80562,-0.02299,0.77031,-0.03299,0.66725,-0.06620,0.764,-0.092,0.67260,-0.05771,0.64260,-0.077,0.535,0.03,0.463,0.01394,0.324,-0.052,0.53430,-0.081,0.47038,-0.22822,0.48659,-0.066,0.52613,-0.08537,0.394,-0.09621,0.42223,-0.09808
1,1,0,1,0.08013,0.96775,-0.00482,0.846,-0.00722,0.87980,-0.03923,1.348,0.01419,0.96186,-0.02,1.32,-0.025,1.212,0.01002,0.91152,-0.12,1.093,-0.017,1.373,-0.02591,0.68,0.02003,0.93772,-0.03034,1,-0.05843,0.92774,-0.03464,0.918,-0.03673
1,1,0,0.47938,-0.069,0.42784,-0.162,0.82,-0.39175,0.662,0.07216,0.236,-0.21649,0.49485,0.15979,0.575,-0.11856,0.429,0.06186,0.5,-0.27320,0.54639,0.18557,0.286,0.08247,0.669,0.19588,0.479,-0.141,0.15464,-0.26289,0.47423,0.04124,0.47,-0.51546
1,1.002,0.0,0.63510,-0.04388,0.76530,0.02968,0.61432,0.538,0.547,-0.00462,0.705,0.119,0.7,-0.541,0.72517,0.54965,0.59584,0.13857,0.925,0.232,0.542,-0.25404,0.70951,0.15359,0.64665,0.23095,0.68775,0.127,0.61663,0.07621,0.66316,0.19841,0.69053,0.36721
1,1,0.0,0.274,-0.03596,0.61124,0.013,0.463,0.01573,0.58876,0.02472,0.66742,-0.00449,0.416,-0.04719,0.385,0.00899,0.57303,0.018,0.64719,-0.07416,0.316,0.126,0.57528,-0.03596,0.46517,0.04944,0.56588,0.00824,0.558,-0.031,0.54607,0.10562,0.60674,-0.069
1,1,0.0,0.71521,-0.00647,0.66667,-0.042,0.63107,-0.05178,0.524,0.08091,0.67314,0.09709,0.64725,0.15858,0.307,-0.01942,0.54369,-0.04531,0.46926,-0.055,0.699,0.14887,0.48,0.21683,0.561,-0.05502,0.45105,0.00040,0.31392,-0.057,0.607,-0.102,0.299,-0.05178
1,1,0.0,0.68148,0.10370,0.77037,0.03457,0.65185,0.069,0.60988,-0.004,0.842,0.132,0.481,0.04938,0.62469,0.09630,0.693,-0.142,0.73827,-0.10864,0.517,0.00988,0.75,0.08148,0.66667,-0.12840,0.63773,-0.035,0.76543,0.02222,0.61235,-0.082,0.51358,-0.04691
1,0.543,0.0,0.60678,-0.02712,0.67119,0.04068,0.52881,-0.024,0.425,0.038,0.70508,-0.07797,0.57966,-0.011,0.53220,0.07797,0.68,0.11864,0.842,-0.02373,0.53220,0.004,0.71525,-0.03390,0.52881,-0.03390,0.681,0.00750,0.58644,-0.004,0.852,-0.02712,0.50169,0.06780
1,1,0,0.49515,0.056,0.357,0.05825,0.34951,0.0,0.412,-0.02427,0.58252,0.02427,0.33495,0.026,0.52427,0.004,0.602,-0.10680,0.43204,0.00485,0.448,0.05825,0.18932,0.204,0.31068,-0.1,0.404,0.03815,0.39320,0.17476,0.378,0,0.37379,-0.01942
1,1,0,0.98822,0.02187,0.93102,0.263,0.83904,0.374,0.813,0.48906,1.085,0.51879,0.55076,0.739,0.617,0.66237,0.31800,0.421,0.28379,0.826,0.07515,0.73696,0.068,0.71284,-0.16489,0.69714,-0.16556,0.584,-0.161,0.55805,-0.34717,0.288,-0.33483,0.37465
1,1,0,0.97905,0.15810,0.90112,0.35237,1.164,0.451,0.71760,0.64888,0.58827,0.73743,0.40349,0.83156,0.25140,0.68,0.04700,0.867,-0.12193,0.792,-0.34,0.80754,-0.37835,0.71676,-0.51034,0.723,-0.57587,0.532,-0.61899,0.348,-0.65754,0.128,-0.662,0.018
1,1,0,0.99701,0.251,0.91966,0.47030,0.76902,0.62415,0.53312,0.78120,0.36774,0.631,0.13,0.668,-0.06827,0.966,-0.278,0.818,-0.43707,0.61688,-0.55769,0.48120,-0.65000,0.35534,-0.493,0.15908,-0.387,0.019,-0.427,-0.13462,-0.711,-0.22949,-0.47201,-0.35032
1,1.403,0,0.94331,0.19959,0.96132,0.44,0.996,0.56569,0.465,0.70830,0.274,0.504,0.205,0.89489,0.05167,1.387,-0.24742,0.83939,-0.42811,0.75554,-0.422,0.62563,-0.65515,0.50428,-0.68851,0.30912,-0.77097,0.223,-1.011,-0.04399,-0.75199,-0.211,-0.66932,-0.34367
1,1,0.0,0.93972,0.28082,0.80486,0.52821,0.52,0.73151,0.34961,1.166,0.074,0.9,-0.20015,0.89335,-0.39730,0.82163,-0.58835,0.62867,-0.925,0.432,-0.457,0.18888,-0.81317,-0.04284,-0.75273,-0.321,-0.63237,-0.46438,-0.46422,-0.61446,-0.395,-0.617,-0.068,-0.71273
1,1,0,0.599,0.223,0.819,0.449,0.43898,0.94353,-0.049,0.80510,-0.22838,0.983,-0.148,0.682,-0.57377,0.28415,-0.66750,0.085,-0.47359,-0.06193,-0.81056,-0.06,-0.33197,-0.47592,-0.08,-0.53620,0.07158,-0.51925,0.311,-0.43478,0.36586,-0.30057,0.42805,0.13297
1,1,0.0,0.146,0.10025,0.23308,0.17293,0.03759,0.297,0.122,0.26316,0.04,0.293,-0.04725,0.12767,-0.06333,0.07907,-0.06328,0.04097,-0.07,0.01,-0.04166,-0.003,-0.02876,-0.01176,-0.02,-0.01,-0.00886,-0.01475,-0.004,-0.01250,0.00096,-0.00948,0.00290,-0.00647
1,1,0.0,0.58459,-0.35526,1,0.35338,0.75376,-0.00564,0.722,0.19361,0.354,-0.301,0.65977,0.06391,0.69737,0.14662,0.606,-0.42669,0.76128,0.062,0.539,0.20489,0.762,-0.23,0.64850,-0.04699,0.322,-0.10571,0.52820,-0.13346,0.15602,-0.155,0.287,-0.10309
1,1,0,0.83609,0.13215,0.72171,0.06059,0.452,0.095,0.23888,0.103,0.324,0.20330,0.49418,0.142,0.44747,0.101,0.29352,0.017,0.25,0.15756,0.244,0.16,0.411,0.14638,0.26436,0.14530,0.23641,0.14314,0.26429,0.16137,0.18767,0.13632,0.234,0.13198
1,1,0,0.94080,0.143,0.85738,0.01038,0.85124,0.01546,0.76966,-0.004,0.84459,0.10916,0.83289,0.04,0.82680,0.036,0.74838,0.01943,0.80019,0.02405,0.509,0.059,0.80259,0.034,0.77336,0.031,0.444,0.091,0.86,0.09251,0.677,0.07090,0.77269,0.07508
1,1,0.0,0.87111,0.04326,0.79946,0.18297,0.99009,0.29292,0.89455,-0.058,0.88598,-0.02028,0.967,-0.26724,0.89410,0.177,0.622,-0.046,0.84452,-0.006,0.582,-0.34024,0.748,-0.25101,0.86661,-0.125,0.85967,-0.04,0.78774,-0.046,0.75935,0.21812,0.88238,0.09193
1,1,0.0,0.74916,0.02549,0.98994,0.128,0.75855,0.12877,0.644,-0.107,0.95842,0.029,0.97921,-0.00469,0.96110,0.10195,1.363,0.03756,0.71026,0.025,0.81221,-0.078,0.819,0,0.641,-0.012,0.82271,0.02552,0.619,-0.01073,0.90409,0.11066,0.72837,0.02750
1,1,0,0.47337,0.19527,0.06213,-0.18343,0.62316,0.01006,0.295,-0.04438,0.56509,0.011,0.44675,0.27515,0.71598,-0.045,0.426,0.12426,0.463,0.11538,0.461,0.038,0.51183,-0.10651,0.451,-0.024,0.46514,0.027,0.53550,0.25148,0.408,-0.14497,0.258,-0.00296
1,1,0,0.59887,0.161,0.56,-0.126,0.85122,-0.13936,0.80979,0.02448,0.50471,0.02825,0.67420,-0.04520,0.80791,-0.13748,0.594,-0.143,0.941,-0.129,0.563,-0.003,0.33333,0.06215,0.783,-0.494,0.61444,-0.16837,0.52731,-0.022,0.53861,-0.31262,0.67420,-0.22034
1,1,0,0.67,-0.03397,0.86412,-0.08493,0.63,0.0,0.73673,-0.094,0.71975,-0.119,0.666,-0.11677,0.464,-0.18684,0.627,-0.21231,0.61996,-0.10191,0.79193,-0.15711,0.89384,-0.032,0.903,-0.319,0.74115,-0.23312,0.66242,-0.22293,0.72611,-0.37792,0.823,-0.24841
1,1,0,0.87772,-0.08152,0.83424,0.06,0.84783,0.042,0.638,-0.02174,0.77174,-0.08,1.156,-0.10598,0.67935,-0.00543,0.88043,-0.20924,0.83424,0.038,0.86413,-0.05978,0.97283,-0.181,0.6,-0.18750,0.83705,-0.059,0.85870,-0.03261,0.868,-0.125,0.617,-0.00543
1,1,0,0.74704,-0.13241,0.53755,0.16996,0.72727,0.075,0.69565,-0.11067,0.431,-0.327,0.87945,-0.19170,0.73715,0.04150,0.63043,-0.00395,0.63636,-0.124,0.79249,-0.345,0.763,-0.28656,0.67194,-0.13,0.566,-0.115,0.60079,-0.20949,0.453,0.059,0.635,-0.01383
1,0.585,0.0,0.589,0.094,0.319,0.00665,0.55432,0.06874,0.47894,-0.13969,0.52993,0.01330,0.63858,-0.16186,0.382,-0.03326,0.54545,-0.145,0.612,-0.04656,0.47894,-0.19512,0.302,-0.112,0.41463,-0.20177,0.53930,-0.095,0.59867,-0.02882,0.53659,-0.129,0.56319,-0.04435
1,0.945,0.0,0.522,0.371,0.72125,0.42881,0.61559,0.762,0.38825,0.635,0.09831,0.96128,-0.17,0.89200,-0.35737,0.77500,-0.65114,0.62210,-0.64,0.508,-0.81856,0.19095,-0.83943,-0.08079,-0.78334,-0.26356,-0.67557,-0.45511,-0.54732,-0.775,-0.30512,-0.348,-0.19312,-1.078
1,1,0,0.82,0.267,0.79917,0.651,0.59952,0.71596,0.288,0.92651,0.04636,0.96748,-0.156,0.95130,-0.432,0.81018,-0.73329,0.904,-1.064,0.395,-0.92254,0.032,-0.93618,-0.19838,-0.578,-0.46906,-0.65165,-0.69556,-0.41223,-1.135,-0.13590,-0.93953,0.10007,-0.94823
1,1,0.0,0.544,0.169,0.73232,0.705,0.354,0.402,0.05717,0.632,-0.09238,0.92118,-0.62403,0.71996,-0.519,0.327,-0.81422,0.41195,-1,-0.00775,-0.78973,-0.41085,-0.76901,-0.45478,-0.57242,-0.766,-0.31610,-0.489,-0.02979,-1.095,0.25392,-0.82127,0.00194,-0.81686
1,1,0,0.83479,0.247,0.69256,0.459,0.49234,0.68381,0.21991,0.86761,-0.08096,0.467,-0.35558,0.77681,-0.52735,0.58425,-0.70350,0.31291,-0.75821,0.046,-0.71225,-0.115,-0.312,-0.51,-0.314,-0.52954,-0.16950,-0.867,0.08425,-0.382,0.308,-0.39,0.40591,-0.35339
1,1,0,1.305,0.32,0.76168,0.927,0.604,0.776,0.21592,1.037,-0.13956,0.96167,-0.256,0.83590,-0.70747,0.65490,-1.1,0.419,-0.91814,0.05595,-0.89824,-0.26173,-0.73969,-0.54069,-0.50757,-0.74735,-0.19,-0.638,0.07810,-1.019,0.36021,-0.78057,0.59407,-0.60270
1,1,0.0,0.83367,0.31456,0.65541,0.57671,0.229,0.874,0.17293,0.78947,-0.276,0.681,-0.221,0.66541,-0.68421,0.47744,-1.009,0.19492,-0.433,-0.04887,-0.62030,-0.395,-0.404,-0.53463,-0.26577,-0.66014,-0.01530,-0.69706,0.22708,-0.64428,0.244,-0.363,0.64662,-0.30075
1,1,0,0.98455,-0.02736,0.98058,-0.046,1,-0.07635,1.198,0.01456,0.95278,-0.02604,0.98500,-0.052,0.99382,-0.07149,0.97396,-0.09532,0.766,-0.12224,1.004,-0.038,1.398,-0.08914,1.302,-0.08341,0.96653,-0.12912,0.539,-0.212,1.44,-0.15755,0.96778,-0.236
1,1,0,0.94052,-0.012,0.94170,0.01001,0.915,-0.01472,0.95878,-0.014,1.175,-0.03710,0.97173,-0.01767,0.97055,-0.038,0.95465,-0.04064,0.95230,-0.063,0.94229,-0.032,1.135,-0.04417,0.92049,-0.04476,1.173,-0.037,1.125,-0.04,0.91991,-0.07244,0.92049,-0.07420
1,1,0.0,0.632,-0.169,0.91324,-0.00228,0.96575,-0.182,0.98630,0.18265,0.725,0.00228,0.93607,-0.081,0.91324,-0.00228,0.493,-0.08676,1.098,-0.21233,0.62,0.10274,0.92009,-0.063,0.92466,0.087,1.215,-0.09252,0.97032,-0.20091,0.85388,-0.08676,0.96575,-0.21918
1,1,0.0,0.52542,-0.027,0.747,0.054,0.52542,-0.16949,0.30508,-0.009,0.414,-0.184,0.64407,0.173,0.83051,-0.35593,0.789,0.01695,0.55932,0.03390,0.59322,0.154,0.86441,0.05085,0.40678,0.15254,0.67287,-0.00266,0.66102,-0.03390,0.83051,-0.15254,0.735,-0.128
1,1,0,0.399,-0.25000,0.286,0.22222,0.462,0.102,0.41667,0.13889,0.31,-0.075,0.54911,-0.08443,0.58333,0.33333,0.55556,0.02778,0.25000,-0.163,0.47222,-0.05556,0.485,-0.02,0.38889,0.08333,0.619,-0.14256,0.19444,-0.152,0.36924,-0.083,0.08333,-0.5
1,1.028,0,0.577,1,0.896,0.469,0.71178,0.80833,0.625,0.46427,0.32,1,0.21249,1.266,-0.17416,1.168,-0.33081,1.47,-0.593,1,-0.52674,0.71699,-0.88500,0.47894,-1,0.35175,-1,0.09569,-1,-0.178,-1,-0.603,-0.91903,-0.65557
1,1,0,0.75564,0.42,0.83550,0.54301,0.54916,0.735,0.35225,0.70792,0.135,0.94749,-0.09818,0.93778,-0.253,0.82223,-0.52742,0.71161,-0.68358,0.67989,-0.87,0.24956,-0.79147,0.02995,-0.716,-0.244,-0.70352,-0.465,-0.337,-0.21,-0.34131,-0.696,-0.099,-0.62956
1,1,0,0.83789,0.591,0.655,0.497,0.479,0.78115,0.16470,0.82732,-0.114,0.86947,-0.46177,0.78497,-0.59435,0.52070,-0.78470,0.26529,-0.745,0.036,-0.62041,-0.31351,-0.47412,-0.721,-0.37298,-0.67796,-0.052,-0.62691,0.158,-0.45911,0.246,-0.39167,0.633,-0.24313
1,1,0,0.93658,0.35107,0.852,0.603,0.269,1.095,0.15323,0.95776,-0.21775,0.96301,-0.56535,0.83397,-0.78751,0.58045,-0.93104,0.276,-0.93641,-0.087,-0.53,-0.219,-0.65079,-0.374,-0.36799,-0.84951,-0.04578,-0.91221,0.27330,-0.634,0.312,-0.69613,0.715,-0.44173
1,1,0,0.92436,0.417,0.874,0.68420,0.29303,0.94078,-0.11108,0.679,-0.27,0.92453,-0.66616,0.883,-1.187,0.42314,-0.94315,0.09585,-1,0.026,-0.902,-0.66278,-0.46010,-0.569,-0.13486,-1.006,0.19765,-1.147,0.48904,-0.70247,0.69886,-0.535,0.76066,-0.13194
1,1,0,1.41,0.16195,0.883,-0.05558,1,0.01373,1.195,-0.168,0.603,-0.01511,1,-0.022,0.832,-0.053,1,-0.07157,1,0.032,1,-0.10108,1,-0.014,1.077,-0.22978,0.703,-0.06823,1,0.08299,1,-0.14194,1,-0.07439
1,0.654,0,0.95559,-0.00155,0.86421,-0.13244,0.94982,-0.003,0.82809,-0.566,1.262,0.146,1,-0.14247,1.169,-0.02542,0.95853,-0.15518,0.918,0.894,1,-0.146,0.87492,-0.08495,0.85741,-0.022,0.658,-0.01769,0.82427,-0.01867,0.633,-0.01957,0.78761,-0.02039
1,1,0,0.79378,0.267,0.409,0.52312,0.41319,0.969,0.184,0.83548,-0.134,0.78772,-0.42911,0.72328,-0.403,0.41471,-0.75436,0.185,-0.69977,-0.09856,-0.57695,-0.23503,-0.40637,-0.38287,-0.17437,-0.501,0.01523,-0.48707,0.19030,-0.369,0.418,-0.23,0.454,-0.08036
1,1.306,0,0.88085,0.26,0.68389,0.65128,0.34816,0.79784,0.084,0.90842,-0.445,0.86490,-0.62635,0.751,-0.77106,0.39309,-0.85803,0.089,-0.898,-0.308,-0.64579,-0.368,-0.39766,-0.68337,-0.11147,-0.75533,0.17041,-0.977,0.255,-0.352,0.56626,-0.36765,0.62765,-0.13305
1,1,0,1.047,0.563,0.66129,0.71804,0.29521,0.90824,-0.04,0.55,-0.425,0.84605,-0.77660,0.835,-0.874,0.25133,-0.833,-0.15315,-0.532,-0.48404,-0.50931,-0.76197,-0.14895,-1.205,0.21581,-0.85703,0.53229,-0.752,0.74846,-0.271,0.83142,-0.07029,0.76862,0.27926
1,1.261,0.0,1,-0.324,1.314,-0.294,0.933,-0.10127,0.88608,0.01266,1,0.11392,0.602,0.088,0.84810,-0.03797,0.63291,-0.431,0.87342,-0.01266,0.93671,0.06329,1,0.188,0.62025,-0.37975,0.84637,-0.05540,1.43,-0.06329,0.53165,0.02532,0.838,-0.02532
1,1.315,0.0,0.512,0.011,0.83312,0.01659,0.82638,0.02469,0.86555,0.01681,0.60504,0.074,0.79093,0.04731,0.77441,0.05407,0.64706,0.19328,1.109,0.036,0.71285,0.07122,0.858,0.07577,0.405,0.08403,0.32,0.08296,0.61345,0.01681,0.297,0.092,0.55330,0.08891
1,1,0.0,0.85013,0.01809,1.192,0.013,0.956,0.02180,0.67,0.08010,0.87597,0.157,0.91161,0.04320,0.90738,0.042,0.87339,0.02842,0.504,0,0.89097,0.07047,0.88430,0.07697,0.83721,0.10853,1.068,0.083,0.656,0.08786,0.793,0.10134,0.84258,0.10698
1,0.597,0,1.124,-0.01179,1,-0.00343,0.682,-0.01565,1,-0.01565,1.413,-0.02809,1.477,-0.02187,1.433,-0.03087,1.276,-0.025,0.557,-0.037,1,-0.03881,0.647,-0.05039,1,-0.04931,0.99842,-0.059,0.99400,-0.06304,0.99057,-0.06497,0.98971,-0.06668
1,1,0.0,0.89505,-0.021,0.87525,0.032,0.861,0.009,0.984,0.025,1.17,-0.00990,1.118,-0.019,0.91881,0.03366,0.93663,0,0.94257,0.01386,0.90495,0.00792,0.644,-0.01782,0.89307,0.016,0.89002,0.01611,0.88119,0.00198,0.87327,0.04158,0.86733,0.02376
1,1.376,0.0,1.232,0.01773,1,-0.01773,1.036,0.005,0.84752,0.077,0.995,0.044,0.97872,0.01064,0.97518,0.03546,1,-0.048,0.89716,-0.03191,1.25,0.07801,0.875,0.09220,0.90071,0.04610,0.94305,0.03247,0.94681,0.02482,1,0.01064,0.93617,0.015
1,1,0.0,0.408,-0.136,0.62655,0.014,0.45455,0.09091,0.645,0.119,0.21212,-0.21212,0.57576,0.137,0.499,0,0.56156,0.04561,0.51515,0.02,0.78788,0.18182,0.30303,-0.136,0.436,0.05929,0.46362,0.06142,0.33333,-0.029,0.41856,0.06410,0.39394,0.24242
1,1,0,0.86689,0.317,0.616,0.831,0.37201,0.876,0.08646,0.944,-0.24118,0.86121,-0.741,0.566,-0.68714,0.41524,-0.77019,0.09898,-0.498,-0.13652,-0.49488,-0.42207,-0.32537,-0.57679,-0.02844,-0.59954,0.15360,-0.53127,0.32309,-0.554,0.332,-0.197,0.597,0.01820
1,1,0,0.89563,0.322,0.67311,0.546,0.35916,0.88696,-0.04193,0.93345,-0.38875,0.84414,-0.492,0.339,-0.969,0.287,-0.5,-0.05365,-0.73564,-0.34275,-0.294,-0.62443,-0.209,-0.73855,0.06911,-0.73856,0.33531,-0.62296,0.291,-0.36,0.61217,-0.1,0.60073,0.08660
1,1.227,0.0,0.968,0.41113,0.65354,0.502,0.29921,0.95905,-0.13342,0.97820,-0.645,0.83263,-0.673,0.55086,-0.96631,0.145,-0.914,-0.25554,-0.71863,-0.59379,-0.212,-0.85205,-0.024,-0.93788,0.36318,-0.86,0.67538,-0.61959,0.925,-0.28123,0.88654,0.09800,0.75495,0.46301
1,1,0.0,1.144,1.435,0.36700,0.05,0.138,0.92713,-0.27586,1.312,-0.31527,0.42,-0.772,0.36946,-0.92857,-0.094,-0.38916,-0.34236,-0.46552,-0.82512,-0.05419,-0.795,0.25616,-0.20443,0.594,-0.45950,0.85471,-0.06831,1,0.77,0.38670,0.00246,0.17758,0.79790
1,0.884,0,1,0.744,0.458,0.33333,0.06061,0.36364,-0.32104,0.73062,-0.45455,0.48485,-0.57576,0.0,-0.57576,-0.067,-0.205,-0.515,-0.134,-0.714,0.48485,-0.323,0.57576,-0.504,1,-0.39394,0.396,0.12331,0.96970,0.57576,0.24242,0.36364,0.09091,0.33333
1,1,0,0.88110,0.0,1.048,-0.035,0.93598,-0.01220,0.90244,0.015,0.90244,0.01829,0.93902,0.00915,0.95732,0.00305,1,0.04,0.94207,-0.01220,0.90854,0.029,0.91463,0.05488,1.487,0.04878,0.483,0.013,0.722,0.007,1.279,0.05488,0.97561,-0.01220
1,1,0.0,0.82624,0.08156,0.79078,-0.08156,0.90426,-0.01773,0.92908,0.006,0.961,0.08865,0.94681,-0.00709,0.94326,0.0,1.145,0.289,0.95035,-0.01,0.975,0.00709,0.80496,0.055,0.91135,0.15957,0.89527,0.081,0.75,0.044,0.92553,0.18085,0.92553,0
1,1.13,0.0,0.74468,0.10638,0.915,0.00982,1.098,0.021,0.87234,-0.01418,0.511,0.10638,0.87657,0.02912,0.87235,0.03382,0.95745,0.101,0.95035,0.04255,0.53,0.04743,0.84931,0.05178,0.7,0.11348,0.83429,0.06014,0.755,-0.03546,0.81710,0.068,0.933,0.07173
1,1,0,0.87578,0.03727,0.89951,0.00343,0.637,0.007,0.85,0,0.725,0.07453,0.87021,0.008,0.86303,0.01,0.83851,-0.06211,0.564,0.02484,1.084,0.01603,0.903,0.02,0.79503,-0.025,0.82111,0.02033,0.81988,0.08696,0.80757,0.026,0.80088,0.02441
1,1,0,0.97513,0.01,1.46,0.01954,1,0.01954,0.99290,0.01599,0.95737,0.02309,0.97158,0.03552,1.237,0.024,0.97869,0.017,0.98579,0.05684,0.97158,0.04,1.267,0.059,0.98401,0.03552,1.368,0.06477,0.94849,0.08171,0.99112,0.085,0.599,0.117
1,1.071,0.0,1.194,0.016,1,0.017,1,0.02320,0.99448,-0.01436,0.99448,-0.00221,0.98343,0.02320,1,0.005,0.849,0.006,0.875,0.01657,0.98011,0.005,0.98122,0.02099,1.178,-0.00663,0.976,0.01600,0.97901,0.01547,0.98564,0.02099,0.98674,0.02762
1,1,0.0,1.305,-0.01342,0.997,0.01566,1,-0.00224,1,0.087,1.189,0.04474,0.64,0.02908,1.356,0.06488,0.98881,0.03356,1,0.026,0.99776,0.055,0.95749,0.07383,1,0.10067,0.99989,0.08763,0.63,0.08501,1,0.10067,0.62,0.129
1,1,0.0,0.899,0.36724,0.67123,0.866,0.39613,0.86399,0.02424,0.641,-0.35148,0.83713,-0.60316,0.58842,-0.78658,0.336,-0.83285,-0.007,-0.69318,-0.32963,-0.52504,-0.53924,-0.27377,-0.468,0.006,-0.96,0.27,-0.39,0.44569,-0.43383,0.778,-0.21542,0.56286,0.02823
1,1,0,0.90147,0.572,0.36,0.43,0.255,0.855,-0.20449,0.844,-0.55483,0.654,-0.81857,0.50949,-1.058,0.10345,-0.91456,-0.31412,-0.70163,-0.832,-0.32354,-0.88999,0.05865,-0.94172,0.303,-0.526,0.74105,-0.55231,0.89415,-0.18725,0.87893,0.144,0.70555,0.54852
1,1,0.0,0.32789,0.11042,0.15970,0.29308,0.156,0.74485,-0.287,0.91993,-0.16503,0.375,-0.63714,0.24865,-0.97650,-0.003,-0.23227,-0.19909,-0.30522,-0.253,-0.107,-0.89991,0.07,-0.198,0.309,-0.258,0.225,-0.11498,0.31005,0.05614,0.21443,0.20540,0.13376,0.26422
1,1,0,0.415,0.43617,0.44681,0.74804,0.05319,0.85106,-0.278,1.129,-0.68253,0.633,-1.242,0.07111,-0.82811,-0.28723,-0.476,-0.71725,-0.04759,-0.86002,0.304,-0.914,0.83,-0.521,0.74300,-0.18645,0.42,0.23713,0.45185,0.59071,0.20549,0.494,-0.18533,0.74356
1,1,0,0.19466,0.05725,0.057,0.25191,-0.10557,0.48866,-0.109,-0.18321,-0.41985,0.054,-0.45420,0.09160,-0.098,-0.30534,-0.072,-0.39695,0.2,-0.166,0.34012,-0.11953,0.398,-0.16031,0.21645,0.24692,0.039,0.351,-0.03817,0.26336,-0.118,0.249,-0.30153,-0.33588
1,0.999,0.0,0.98002,0.00075,1,0,1.475,-0.00075,0.94721,0.023,0.846,0.02130,1.139,0.028,0.99170,0.02338,0.839,0.075,0.799,0.05279,1.145,0.05524,0.819,0.06241,0.94155,0.08107,0.96709,0.07255,0.95701,0.08088,0.98190,0.08126,0.97247,0.08616
1,1,0,0.718,-0.071,0.80462,0.001,0.977,-0.01214,0.86821,-0.07514,0.751,-0.07,0.84624,0.05029,0.83121,-0.07399,0.74798,0.086,0.78324,0.06358,0.86763,-0.02370,0.78844,-0.049,0.74451,-0.032,0.76717,-0.02731,0.74046,-0.058,0.826,-0.031,0.78439,0.01214
1,1,0,0.35346,-0.192,0.802,-0.02423,0.68195,-0.03574,0.55717,-0.06119,0.678,-0.10467,0.56,-0.071,0.59361,-0.061,0.339,-0.26409,0.525,0.04992,0.399,-0.08771,0.46241,-0.052,0.45008,-0.008,0.39146,-0.09038,0.35588,-0.119,0.32232,-0.08637,0.28943,-0.08300
1,1,0.0,0.76046,0.01092,0.86335,0.002,0.513,0.005,0.79988,0.02304,0.81504,0.148,0.83096,0.01,0.81815,0.00854,0.82777,-0.06974,0.614,0.03881,0.76979,0.009,0.75071,0.01232,0.77138,-0.00303,0.70886,0.015,0.827,0.00849,0.622,0.01484,0.561,0.01525
1,1,0,0.66667,-0.009,0.97404,0.056,0.57,0.391,0.75683,-0.004,0.65164,-0.14071,0.40164,-0.48907,0.227,0.58743,1.078,0.31831,0.924,0.11339,0.47541,-0.44945,0.706,0.00683,0.60656,0.058,0.68656,0.17088,0.87568,0.086,0.55328,0.256,0.13934,0.48087
1,1,0.0,0.576,0.067,0.73739,-0.14706,0.84349,-0.06,0.885,-0.04622,0.89391,0.13130,0.81197,0.101,0.79307,-0.08929,1,-0.02101,0.96639,0.06618,0.932,0.016,0.77521,0.094,1.031,-0.04202,0.83479,0.00123,0.596,0.09,0.86660,-0.10714,0.90546,-0.04307
1,0.6,0.0,1.122,0.005,0.95183,-0.028,0.93438,-0.01920,0.94590,0.01606,1.399,0.03281,0.94171,0.07330,0.94625,-0.01326,0.638,0.00140,0.94834,0.06,0.92670,0.08412,1.032,0.062,0.94520,0.01361,0.93522,0.04925,0.93159,0.08168,0.935,-0.00035,1.002,0.04712
1,1,0,0.94701,-0.00034,0.93207,-0.03227,0.66,-0.037,0.95584,0.036,0.633,0.01766,0.92595,0.04688,0.93954,-0.01461,0.94837,0.021,0.93784,0.01393,0.777,0.112,0.89470,0.081,0.91,0.046,0.92489,0.02542,0.92120,0.026,1.255,0.00442,0.92697,-0.00577
1,1,0,0.90608,-0.01657,1.378,-0.024,0.95691,-0.031,0.85746,0.00110,0.89724,-0.03315,1.144,-0.01436,0.785,-0.04530,0.697,-0.00884,0.80773,-0.075,0.88729,0.01215,0.92155,-0.02320,0.594,-0.022,0.89147,-0.07760,0.82983,-0.233,0.769,-0.03757,0.529,-0.16243
1,1,0,0.84710,0.13533,0.481,-0.06151,0.745,0.08260,0.828,-0.064,0.78735,0.06678,0.80668,-0.00351,0.677,-0.007,0.85764,-0.032,0.87170,-0.03515,0.81722,-0.122,0.71002,0.04394,0.528,-0.15114,0.994,-0.04822,0.78207,-0.00703,0.767,-0.042,0.85764,-0.06151
