1,1,0.0,0.99539,-0.05889,0.69,0.02306,0.849,-0.354,1,0.03760,0.85243,-0.17755,0.59755,-0.44945,0.591,-0.304,0.557,-0.38542,0.366,-0.32192,0.56971,-0.255,0.36946,-0.444,0.435,-0.306,0.41078,-0.46168,0.172,-0.34090,0.42267,-0.54487,0.151,-0.45300
0,1,0.0,0.911,-0.18829,0.643,-0.325,-0.10868,-0.93597,1,-0.04549,0.356,-0.701,0.294,-0.823,-0.558,-0.97515,0.05499,-0.62237,0.484,-1.29,-0.187,-0.45300,-0.18056,-0.35734,-0.20332,-0.142,-0.20468,-0.18401,-0.245,-0.11593,-0.16626,-0.06288,-0.13738,-0.02447
1,1,0.0,1,-0.03365,1,0.00485,1,-0.12062,0.88965,0.01,0.73082,0.054,0.85443,0.011,0.54591,0.004,0.752,-0.096,0.693,-0.118,0.70887,-0.27502,0.43385,-0.112,0.57528,-0.40220,0.58984,-0.114,0.385,-0.17365,0.554,-0.273,0.56045,-0.38238
0,0.944,0.0,1,-0.402,1.225,1,0.71216,-1,0,0,0,0,0.0,0,-1.193,0.14516,0.676,-0.329,-0.963,-0.54467,-0.69975,1,0,0.0,1,0.90695,0.451,1.176,0.772,-0.20099,0.25682,1.15,-0.32382,1
1,1,0,0.874,-0.027,1.05,0.06531,0.911,-0.201,0.77152,-0.16399,0.52798,-0.159,0.83,-0.006,0.34395,-0.27457,0.52940,-0.21780,0.564,-0.201,0.05982,-0.35575,0.02309,-0.52879,0.03286,-0.406,0.13290,-0.53206,0.02431,-0.867,-0.05707,-0.524,-0.044,-0.65697
0,1,0,0.02337,-0.00592,-0.09924,-0.149,-0.00763,-0.11824,0.14706,0.038,0.053,-0.034,0,0.0,-0.04572,-0.099,-0.003,-0.114,-0.122,-0.05414,0.01838,0.03669,0.01519,0.011,0.029,-0.011,-0.018,0.09223,-0.07859,0.00732,0,0.0,-0.00039,0.12011
1,1,0,0.98,-0.10602,0.94601,-0.20800,0.92806,-0.28350,0.982,-0.274,0.79766,-0.47929,0.78225,-0.50764,0.74628,-0.61436,0.407,-0.68086,0.37852,-0.893,0.36324,-0.538,0.243,-0.79753,0.136,-0.858,0.13659,-0.82510,0.049,-0.487,-0.045,-1.191,-0.13832,-0.432
0,0.0,0.0,0.0,0,0.0,0,1,-1,0,0.0,-1,-1,0,0,0.0,0.0,1,1,-1,-1.033,0,0,0.0,0.0,1,1,1,1.439,0.0,0,0.949,1,0.0,0
1,1.057,0,1.223,-0.07198,1,-0.14333,1,-0.228,1.121,-0.36174,0.946,-0.43569,0.94510,-0.40668,0.90392,-0.658,0.584,-0.35257,0.872,-0.66020,0.75346,-0.871,0.69637,-0.448,0.433,-0.536,0.637,-0.69712,0.25435,-0.63919,0.45114,-1.054,0.38895,-0.73420
0,0.79,0,-0.01864,-0.08459,0.0,0,0.0,0.0,0.148,-0.164,-0.45663,-0.38172,0,0,-0.33656,0.38602,-0.478,0.15018,0.63728,0.21,0,0.0,0,0.0,-0.09,-0.01326,0.20645,-0.028,0,0.0,0.16595,0.24086,-0.08208,0.525
1,1,0.0,0.749,0.083,1,-0.259,0.738,-0.154,1,-0.568,0.767,-0.41349,0.96232,-0.417,0.90711,-0.59017,0.89230,-0.66474,0.972,-0.70997,0.54,-0.448,0.63081,-0.80544,0.55867,-0.89128,0.47211,-0.86500,0.555,-1.156,0.30996,-0.89093,0.22995,-0.89158
0,1,0,1,-0.572,1,-0.706,1,-0.635,0.603,0.36217,0.954,-0.41119,1,1.485,0.588,-1,1,-0.29354,1,-0.93599,1,1.082,1,1,0.894,-0.40888,1.347,-0.62745,0.564,-1,1.33,-1.453,1,-1.271
1,1,0,0.624,-0.164,1,-0.10169,0.99999,-0.099,0.671,-0.19,0.94055,-0.35151,0.95735,-0.29785,1.387,-0.34412,0.94486,-0.201,0.90137,-0.424,0.86043,-0.47308,0.483,-0.51220,0.842,-0.47137,1.053,-0.711,0.497,-0.433,0.68714,-0.64537,0.64727,-0.67226
0,1,0.0,1,-0.544,1,0.22280,0.62,-0.39896,1,-0.169,1.252,0.39,1.122,0.095,1,-0.08,1,-0.997,1,-1,0.61831,0.15803,1.375,0.62349,0.511,-0.23,1,0.35924,1,-0.66494,0.56,0.88428,1,-0.18826
1,1,0.0,0.665,0.095,1,0.046,1,-0.05563,1,0.08764,0.937,0.19651,1,0.239,1,0.114,1,0.10561,1,0.27087,1,0.44758,1.189,0.41750,1.317,0.275,1,0.399,0.95603,0.48641,1,0.345,1.047,0.243
0,0.983,0,0.50932,-0.93996,1,0.26708,-0.03520,-0.786,1.281,-1,0.43685,-1,0.0,0.0,-1,-0.287,-0.236,0.03623,1,-1,0.0,0.0,0.0,0,-0.094,0.92236,0.412,0.26501,0,0.0,1,0.23188,0,0.0
1,1,0.0,0.99645,0.06468,0.608,-0.01236,0.97811,0.02498,0.96112,0.02312,0.877,0.07808,0.612,0.10346,1.28,0.051,0.858,0.11120,1.252,0.08631,0.81633,0.11830,0.83668,0.115,0.81329,0.109,1.104,0.13638,0.997,0.115,0.77122,0.237,0.70941,0.12015
0,0,0,0,0.0,-1.23,-1,1,1,-1,1,-1,0.8,1.102,-0.536,1.2,0.651,-0.69,-1,-1,0.525,1.207,-1,-1.159,1,-1.443,1,1,-0.977,-1,1,-1,-1,0.932,-1
1,1,0.0,0.67065,0.02528,0.66626,0.067,0.786,0.129,0.061,0.34081,0.667,0.12131,0.62099,0.107,0.78637,0.10976,0.58373,0.18151,0.14395,0.451,0.53888,0.265,0.296,0.298,0.48838,0.251,0.489,0.24618,0.43433,0.25306,0.387,0.25792,1,0.33036
0,0,0,1,-0.757,0,0.0,0.0,0,0.626,0.938,0.508,-0.91,-0.759,1,0,0,-1,1,1.268,1,-1,1,0.916,0.467,-1.273,1.485,1.214,1,1,-1,1,1,1,1
1,0.809,0.0,1,-0.003,1,-0.09834,1,-0.07649,1,-0.10605,1,-0.11073,1,-0.547,1,-0.15616,0.92124,-0.38,0.756,-0.388,0.603,-0.333,0.96060,-0.662,0.81874,-0.503,0.923,-0.212,0.548,-0.38231,0.80448,-0.40575,0.74354,-0.45039
0,0,0.0,1,1,0.0,0,0.0,0.0,-1,-1,0,0.0,0,0,-1.353,-1,-1,-0.538,-1,1.392,-1.128,0.892,0,0,0,0.0,1.123,-1,-0.613,1,-1,1,-0.84,1
1,1,0.0,0.96071,0.07088,1.316,0.043,1,0.062,0.90169,-0.055,0.89263,0.033,0.83250,-0.06142,0.87534,0.09831,0.76544,0.00280,0.75206,-0.05295,0.38,-0.11,0.864,-0.05929,0.55677,-0.07705,0.729,-0.028,0.416,-0.01251,0.604,-0.0,0.52099,-0.00182
0,0,0,-1,1,0.0,0,0,0,-0.942,1,1.371,1,0,0.0,0.0,0,0.642,-1,-1,1,1,1,0,0.0,-1.11,-0.812,1.037,-0.687,0.98,0.989,-1,1,0,0.0
1,1,0,1,-0.06182,0.571,0.029,1.173,-0.031,1.271,-0.013,1,-0.11726,0.84493,-0.044,0.701,-0.06598,0.8,-0.07379,0.65731,-0.191,0.94910,-0.31558,0.80852,-0.31654,0.84932,-0.34838,0.76,-0.29174,0.73094,-0.38576,0.513,-0.351,0.927,-0.39487
0,1,0,0.588,0.57820,0.776,-1,1,-0.672,1.372,-0.65,1,-1,1.262,-1,1,-1.144,1,-1,1,-1.02,1,-0.882,1,-0.919,1,-0.863,1.029,-1.121,1,-1,0.83,-1,1,-1
1,0.568,0.0,1,-0.092,1,-0.17263,0.86635,-0.81779,0.94817,0.61053,0.95473,-0.41382,0.88486,-0.336,0.87937,-0.23433,1.179,-0.62180,0.12245,-0.593,0.90284,0.092,0.452,-0.78547,0.522,-0.82868,0.48136,-1.071,0.572,-0.89674,0.483,-0.92128,-0.084,-0.532
0,0.0,0,-1.412,-1,0,0,-1.171,1,1.111,-0.474,0.0,0,0,0,0,0,1,-1,-1,-1,1.021,-0.845,0,0.0,1,-1.355,-1,1,-1.021,-1.255,0.0,0.0,-1,1
1,1,0.0,1.475,0.08380,1.413,0.17387,1,-0.13308,0.98172,0.804,1.339,0.349,1,0.59113,1,0.70758,1,1.222,1.281,1.064,1,0.802,0.98042,1,1.196,0.924,0.968,1,0.74822,1,0.61,1,0.52479,1
0,0,0,-1,-1.32,1,1,0.784,-1.1,-1,1,0.512,-0.677,-1.485,-1.477,0,0,1,0.969,-1,-0.552,1,-1.297,1,-1,0.98,1,1,-0.795,1,-1,-1.067,1.389,1,-1
1,1,0,0.959,-0.178,0.682,-0.16256,1,-0.211,1.266,-0.07514,1,-0.169,1,-0.26161,1,-0.21975,1.254,-0.34,0.874,-0.539,1,-0.188,1,-0.552,1,-0.47643,0.98820,-0.49687,1,-0.75820,1,-1.135,0.581,-0.84437
0,1,0,1.489,-0.986,1,1,0.976,-1,1,-1,1.066,-1,1,-0.01840,1.358,-1,1.088,1.105,1,-0.85583,1.123,1,1,-0.998,0,0,1,0.88,1.018,-0.856,0.888,1,1,1.38
1,1.16,0,0.88208,-0.168,0.489,-0.091,0.725,-0.204,0.885,-0.17036,1.035,-0.177,0.85269,-0.267,0.82116,-0.35924,0.80681,-0.334,0.75243,-0.47022,0.684,-0.47153,0.66150,-0.534,0.61297,-0.48086,0.56804,-0.54629,0.50179,-0.59854,0.47075,-0.728,0.42189,-0.58086
0,1,0,0.71253,-0.02595,0.556,-0.23067,1.25,-0.09473,1.256,-0.10236,1,-0.09,0.695,0.613,0.83726,-1,0.82270,-0.164,0.80760,-0.243,-0.341,1.352,0.51933,0.05456,0.65493,-0.245,0.93124,-0.522,0.812,-0.21901,0.86136,-0.87354,-0.23186,-1.476
1,1,0,1.323,-0.15899,0.72314,0.27686,0.693,-0.696,1,-0.28207,0.761,-0.49863,1.168,-0.116,1.081,0.14638,1,0.298,0.863,0.365,0.96354,-0.01891,0.92599,-0.91338,1,0.14803,1,-0.11582,1,-0.143,1,0.639,1.486,-0.811
0,1,0.0,0.66161,-1,1,1,0.768,-0.67321,0.80893,-0.40446,1,-1.349,1.381,-1.037,1.105,0.73393,0.17589,1.049,1.48,0.78036,1,0.85268,0.764,-1,0.835,0.85357,1.052,-0.077,0.95982,-0.36250,1,0.65268,1.274,0.389
1,1,0.0,1,0.003,1.172,-0.01209,1,-0.02960,0.703,-0.07014,0.97839,-0.045,0.818,-0.06544,0.97261,-0.07917,0.92561,-0.131,0.973,-0.14327,0.99589,-0.14248,1.266,-0.13565,0.89469,-0.284,0.89067,-0.127,0.597,-0.139,0.83777,-0.20101,1.083,-0.20766
0,0,0,1,1,1,-0.91,0,0.0,0.0,0,-1,-1,0.0,0.0,0,0.0,-0.51,1,1,1,-1.031,1,-1.437,1.21,1,-1,0.97,0.682,-0.522,1,1,1,0.0,0
1,1,0.0,0.756,0.059,0.901,0.02280,0.94705,0.05345,0.93582,0.01321,0.91911,0.035,0.92766,0.132,0.92048,0.06211,0.88899,0.12722,0.83744,0.14439,1.107,0.093,0.601,0.14222,0.604,0.11299,0.73550,0.13282,0.802,0.15300,0.842,0.151,0.87,0.11447
0,1,0.0,0.61,0.02461,1.015,0.04861,0.97545,0.07143,0.529,-1,0.55,0.11147,1.198,0.53640,0.82077,0.186,0.492,0.095,1,0.41003,0.65850,0.16371,0.52,0.164,0.606,0.16390,0.48867,0.16019,0.398,0.15436,0.373,0.14677,1,1
1,0.926,0,1.271,0.06538,0.823,0.20746,1.191,0.26281,0.93051,0.312,0.852,0.39039,0.75474,0.50082,0.79555,0.52321,0.516,0.863,0.57619,0.729,0.47807,0.67135,0.534,0.709,0.34384,0.72082,0.27712,0.657,0.19296,0.629,0.104,0.72688,0.06990,0.71444
0,1,0,-1,-1,0.746,1.188,1,-0.194,0.0,0,-1.183,1,1,1.425,0.152,-0.831,-0.715,-1,0.08750,-1,1,-1,-1.165,1.398,-0.759,-1,1,-1,-1.017,-1,1,1,0.0,0
1,1,0,0.90932,0.118,0.86528,0.16888,1,0.16598,0.802,0.68154,0.961,0.36719,0.198,0.395,0.578,0.273,0.51067,0.412,0.288,0.12967,0.37824,0.325,0.31274,0.55826,0.127,0.56527,0.24,0.56605,0.075,0.56101,0.06927,0.55061,0.065,0.67739
0,1,0.0,-0.64286,-0.873,1.336,0.82857,1,-0.51,1,-0.164,1,0.96161,0.579,-0.37679,1,-0.93,1,0.13839,1.323,-1,1.126,-0.026,-0.84286,1,0.636,0.85714,1.075,1,0.693,-1,1,-1,1.41,-1
1,1,0.0,0.654,-0.05785,0.99793,-0.105,0.98663,-0.182,0.87,-0.25843,0.969,-0.30130,0.92651,-0.562,0.89812,-0.43796,0.89,-0.422,0.87433,-0.57075,0.745,-0.369,0.74725,-0.64615,0.68282,-0.68479,0.5,-0.73174,0.61010,-0.75353,0.54752,-0.784,0.428,-0.83245
0,0,0.0,0,0,0,0,0,0,0.81,0.795,1,0.859,0.0,0.0,0,0,-0.37500,-1.288,-1,-0.542,0,0.0,0,0,-0.937,-1.018,-1,-0.536,-0.629,1,1.463,0,0,0
1,1,0.0,1,-0.038,1.08,-0.07383,1.229,-0.077,0.99838,-0.09931,0.98941,-0.13814,1.378,-0.21695,1.225,-0.25099,0.91236,-0.313,0.90581,-0.32152,0.89991,-0.448,0.909,-0.37643,1.117,-0.42990,0.83172,-0.43122,0.732,-0.48,0.77919,-0.47977,0.75115,-0.45
0,1,0.0,0.94598,-0.022,-1,0.307,-0.36393,0.35639,0.485,-0.715,1,-0.031,-0.29020,-0.005,-0.54852,0.15452,0.91921,-0.46270,1,-0.50424,-0.364,-0.31454,-0.677,0.37361,1.249,-0.558,0.403,-0.58130,1,-0.61393,-0.09634,0.282,-0.084,0.41913
1,1,0.0,1.131,0.008,0.834,-0.03818,1.22,-0.05699,0.95947,-0.06971,0.953,-0.04507,0.94713,-0.11102,0.93369,-0.12790,0.94217,-0.11583,0.79682,-0.24,0.88274,-0.17387,0.853,-0.18739,0.999,-0.165,0.81813,-0.199,0.699,-0.23864,0.666,-0.266,0.74323,-0.23902
0,1,0,0,0,1,0.429,0.0,0.0,0.10991,-1.249,0.0,0.0,0,0.0,-1,-0.22414,-0.55711,-0.83297,0.76940,0.394,0.0,0,0.755,0.406,-0.90302,0.44828,1,-0.639,-1,0.81573,0.0,0.0,0,0
1,1.118,0,0.961,-0.18362,0.43644,0.02919,0.711,-0.00267,0.5,0.13795,0.57,-0.015,0.88559,0.54991,0.91714,-0.57486,0.75000,-0.214,0.56,-0.20104,1,1,0.276,-0.16290,0.808,-0.02778,0.557,-0.01158,0.334,-0.341,0.84463,-0.25706,0.93323,-0.014
0,0,0.0,1,1,1.056,-0.533,0,0,0,0.0,1,1,1,1.465,-1,-1.213,1,-1,-1,0.683,0,0,1.057,-1,1,-1.092,1,1.408,-1,-1.033,0.0,0.0,0.0,0
1,1,0.0,0.697,1.057,1.213,1,0.91010,0.949,-0.137,1,-0.83152,1,-1.022,1,-1,0.72526,-1,-0.832,-1,-0.42052,-1,-1,-0.584,-1,0.90014,-1.201,1.472,-1,1.375,-1,1,-0.463,1,0.495
0,1,0,-0.977,-1,-0.819,1.288,1,0.63317,0.021,-0.594,-1,-1,1.068,1,0.88683,-0.99,-1.203,1,1.11,1.448,1.032,-1,-1,-0.895,-0.18856,1,1,-1,-1,-1,-1.121,1,1,0.427
1,1,0,0.95659,0.062,0.97487,-0.045,0.711,-0.08484,0.96097,-0.06561,0.94717,0.01279,0.537,-0.16795,0.615,-0.19497,1.374,-0.242,0.90343,-0.35902,1.183,-0.27316,0.951,-0.29807,0.99899,-0.561,0.87244,-0.328,0.74,-0.30619,0.83951,-0.238,0.82166,-0.569
0,1,0.0,0.08333,-0.218,-0.586,1,-1,1,0.538,0.47173,-0.82143,-0.62723,-1,-1,-1.319,1,-0.02753,0.529,-0.254,-0.522,-0.74628,-1.347,-1,-0.595,-1,0.183,0.706,-1.409,-1,-0.38914,-1,-1,-1,0.453
1,1,0.0,1.002,-0.02259,1,-0.04494,1,-0.06682,1.33,-0.131,1.002,0.56173,1,-0.155,1,-0.14522,0.635,0.183,1.48,-0.17639,0.585,-0.181,0.95601,-0.277,1,-0.912,0.87280,-0.21793,0.82920,-0.22370,0.78479,-0.331,0.73992,-0.22981
0,0,0,-0.756,1,0.977,-0.624,-1,1.398,0,0,1,1.11,-1,-0.096,1,1,-1,-0.714,0.63,-1.222,-0.671,-1,0.56,1,1,-0.653,1,1,1,1,0.0,0,-1.122,-1
1,1,0.0,1,0.05812,0.511,0.078,0.99952,0.174,1,-0.029,0.764,0.07033,0.601,0.201,1.282,0.11224,0.90896,0.252,0.96741,0.16265,0.99695,0.14258,0.90784,0.16410,1.261,0.22431,0.96,0.23571,0.787,0.22511,0.568,0.29576,0.83574,0.31166
0,1.189,0,0.111,-1,-1.288,1,0,0,0,0,-1,0.52,0.0,0,-0.61354,-0.67708,1.191,0.24,0.51979,0.14375,0,0,-0.627,-0.254,-0.987,0.946,1,1.353,-1.061,0.67708,0.0,0,0,0
1,1,0,1,0.09771,1,0.092,1,0.13,0.98602,0.108,0.746,0.19,0.756,0.252,0.678,0.28343,0.85529,0.162,0.83656,0.33129,0.83393,0.266,0.959,0.35,0.76193,0.34658,0.68452,0.42746,0.43,0.46031,0.56791,0.47033,0.524,0.50903
0,1,0,0.013,-0.35625,0,0.0,0.0,0,0.0,0,0.0,0.0,0.0,0.0,0.12292,-0.55000,0.329,0.82813,1,-0.42292,0.0,0,0.066,-1,-0.10625,-0.16667,0.638,-0.76667,-1,0.281,0,0.0,1,-0.27292
1,1,0,1.06,0.16801,0.99352,0.106,0.94616,0.33347,0.91759,0.237,1.124,0.51,0.976,0.46899,0.81011,0.49225,0.539,0.333,0.65091,0.56977,0.56553,0.58071,0.518,0.486,0.259,0.55236,0.571,0.834,0.35684,0.76147,0.33921,0.66844,0.216,0.78685
0,1,0.0,0.63816,1,0.20833,-1,1,1,0.87719,0.178,-0.636,0.508,-0.079,0.445,0.019,0.035,-0.682,-1,0.14254,-0.042,0.205,-0.43860,-1,1,0.80921,-1,0.904,-0.076,1,1,0.171,-1,1,1
1,1,0.0,0.809,-0.41457,1.056,0.665,0.87060,0.221,1.122,-0.09925,0.93844,0.47990,0.925,-0.16080,1,0.005,0.97613,-0.456,0.972,-0.24497,0.88065,-0.19095,1,-0.12312,1.39,0.10678,1.178,-0.07249,1,-0.27387,0.403,0.186,0.51382,-0.05402
0,1,0.0,1.18,0.10598,1,0.39130,0.898,-1,0.66938,0.095,1,0.305,1,0.60598,0.723,0.211,1,0.038,0.412,-0.283,1,0.63496,0.89130,0.151,0.91033,-0.33333,1,0.178,0.37681,-0.027,1,0.28,1,0.37409
1,1,0.0,1.091,0.28046,1,0.02477,1,0.07764,0.538,0.04317,0.98762,0.33266,1.353,0.05489,1,0.037,0.95750,-0.236,1.059,-0.077,1,0.04150,0.99933,0.229,1,-0.491,0.96414,-0.02174,0.869,0.148,1.003,-0.135,0.80355,-0.07329
0,0,0,1,-1.178,1.275,-1.396,1.141,-0.812,1,-1,0.576,1,1,1,1,-1.371,1,1.037,1,0.98,0.662,1,1,-1,1,-1,0.798,-1,1.118,0.884,0.0,0,1,-1
1,1,0,1.271,0.67784,0.767,0.564,0.4,1,0.20619,1.032,-0.43872,0.978,-0.79135,0.77092,-1,0.398,-0.39046,-0.58634,-0.97907,-0.475,-0.73083,-0.719,-0.327,-0.97491,0.41366,-1,0.483,-0.599,0.147,-1,0.74,-0.35222,0.98816,0.03446
0,1,0.0,1,1,0.853,-1,1,-1,0.751,0.597,1,1,1,1,1,-0.83,1.173,0.863,1,1,1,1.335,1.405,1,1,0.776,1,0.5,0.0,0.0,1.443,-1.262,1,-1
1,0.828,0,1.02,0.03529,1,0.18281,0.593,0.37,1.464,0.25068,1.144,0.264,1,0.227,1.455,0.31674,1,0.427,1.029,0.53846,1,0.61267,1,0.59457,0.89593,0.68326,0.89502,0.71374,0.85611,0.67149,0.74389,0.96,0.518,0.799
0,0,0,1.407,-1,1,1,-1.171,-1,0.629,-1.355,0,0,0,0,-1,0.845,1,-1,1.06,-0.532,-0.75000,1,0.568,-1.079,1,-1,1,-1.237,-1,-1.021,0,0.0,0.796,-0.943
1,0.642,0,0.96087,0.08620,0.96760,0.19279,0.96026,0.27451,1.28,0.39,0.92867,0.316,0.86265,0.606,0.926,0.58794,0.73242,0.69065,0.69003,0.73140,0.788,0.68820,0.48339,0.962,0.6,0.74689,0.33401,0.83796,0.313,0.69,0.203,1.226,0.055,0.86285
0,1,0,1.031,0.38889,0.0,0,-0.441,0.69841,0,0,0.0,0.0,0,0,0.20635,-0.342,0.278,0.207,0.46429,0.613,0.0,0,0,0.0,0.73413,0.268,0.76190,0.63492,0.0,0,0,0,0.0,0
1,1,0.0,0.552,0.05070,1,0.10827,0.874,0.19498,1.1,0.28453,0.677,0.34826,1.254,0.196,0.55,0.42881,1.156,0.50391,0.75906,0.311,0.80644,0.59962,0.79578,0.499,0.66643,0.63942,0.59417,1.026,0.49538,1.089,0.653,0.71689,0.33381,0.75243
0,0.0,0,1.105,1.168,0.0,0.0,1,-1,1,-1,0.882,0.959,0.888,1,1,-1,1,1,1,0.678,1,-1,-1,-1,1,-1,1.018,-0.682,0.926,1,0,0.0,1.266,-1
1,1,0,1,0.04078,1.238,0.11982,1,0.16159,1,0.155,0.516,0.30889,0.92745,0.37639,0.91118,0.39749,0.81939,0.46059,0.78619,0.46994,0.846,0.561,0.79,0.633,0.725,0.59723,0.628,0.60990,0.475,0.60932,0.385,0.948,0.399,0.628
0,0,0,1,1,1.476,-1,1,1.458,1.202,1,0.97,0.824,1.15,1,0.788,1,1.318,-1,-1.17,0.992,-1,1,-1.16,1.26,1,-1,1,1,-1,1.275,-1,-1.269,-1,1
1,1.192,0.0,1,0.24168,1.486,0.48590,0.916,0.553,1,1,1,1.407,1,1,1.346,0.77128,0.613,1.263,1,1,1.087,1,0.89647,1.287,0.53,1,0.38255,1.179,0.10819,1.273,-0.17370,1,-0.81383,1
0,0,0,1,0.863,1,-1.197,1,1,-1.105,0.768,0.0,0.0,1,1.48,0,0.0,0.0,0,-1,1,-1,0.893,1,1,0.761,-1,0.775,1,1.372,0.831,1,-1,-1,1
1,0.764,0.0,1,-0.06604,1,0.802,1,0.059,1,0.3,1,-1.052,1.119,-0.419,1.16,-0.15851,1.381,0.04895,0.818,-0.83,1,-0.26573,1,-1,1,-0.58042,1.172,-0.81372,1.364,-1,1,-0.78555,1,-0.48252
0,0,0,1.336,-1,0.91,1,1,1.024,1,1,1,1,1,-1,0.717,-1,1,1,0.71,-0.522,1,0.819,1,1,1,-0.682,0.955,1.493,1.291,-0.752,0.697,0.931,1,-1
1,1,0.0,0.92277,0.094,0.595,0.128,0.925,0.204,0.84111,0.18,0.628,0.42196,0.493,0.675,0.70796,0.56476,0.60459,0.64200,0.51247,0.64924,0.39903,0.66975,0.406,0.68343,0.23693,1.049,0.18765,1.01,0.09694,0.71038,0.02735,0.747,-0.04023,0.69509
0,1,0,0.492,-0.243,0.82332,0.171,0.46643,0.32862,0.14,0.352,1,-0.15194,0.01060,0.44523,0.014,0.278,0.161,0.41168,0.10567,0.348,0.04325,0.30745,-0.00083,0.242,-0.035,0.216,-0.04314,0.124,-0.04779,0.10349,-0.05,0.07064,-0.04013,0.04586
1,1,0.0,0.74852,-0.02811,0.65680,-0.05178,0.80621,0.02811,0.787,0.025,0.646,0.053,0.71598,0.07840,0.663,0.05178,0.78550,-0.377,0.543,-0.01479,0.78698,0.092,0.217,-0.18,0.65385,0.02811,0.61009,-0.06637,0.53550,-0.196,0.59024,-0.14053,0.716,0.019
0,1,0.0,0.548,-0.06343,0.97464,0.034,1,1,0.369,0.217,0.54478,0.109,0.61567,-0.977,0.515,0.67910,0.88,-0.10448,0.46642,-0.11567,0.65574,0.14792,0.83209,0.45522,0.478,0.125,0.49309,0.144,0.376,-0.02612,0.39118,0.13521,0.34411,0.169
1,1,0,0.869,0.027,0.76981,-0.063,0.77358,0.03774,0.66038,-0.032,0.938,0.01132,0.66792,-0.13962,0.723,-0.02264,0.76981,0.065,0.61887,-0.07925,0.75849,-0.23774,0.73962,-0.199,0.719,-0.137,0.424,-0.083,0.794,0.02264,0.86415,0.045,0.73208,0.00755
0,1.369,0,0.72727,-0.026,0.89241,0.03462,1,0.603,0.891,-0.05909,0.48182,-0.16818,0.81809,0.108,0.611,1,0.27,0.21818,0.341,0.10000,1,-0.30000,0.571,-1,0.436,0.32727,0.337,0.14673,0.403,0.08182,0.594,0.14643,0.925,1
1,1.048,0,0.405,-0.01569,0.40392,0.0,0.38431,0.12941,0.372,-0.05882,0.796,0.123,0.46667,0.08235,0.52549,-0.05490,0.58039,0.01569,0.50196,0.0,0.45882,0.041,0.58039,0.109,0.49804,0.00392,0.48601,0.134,0.46275,0.072,0.425,0.23529,0.296,0.12
0,1,0,0.41932,0.12482,0.35000,0.12500,0.188,0.27955,-0.029,0.44318,0.04517,0.293,-0.146,0.33636,-0.108,0.172,0.02727,0.40455,-0.34773,0.12727,-0.196,0.05078,-0.16,0.341,-0.131,-0.04802,-0.066,-0.07114,-1,-1,-0.02916,-0.076,-0.005,-0.093
1,1,0.0,1.259,-0.228,1.288,0.36373,0.704,0.19206,0.456,0.05901,0.90558,-0.04292,0.596,0.25000,0.77897,0.25322,0.817,0.314,0.71030,0.39056,0.73176,0.27575,1.29,0.34871,0.56760,0.36,0.69811,0.53235,0.80901,0.534,0.43026,1.038,0.52361,0.324
0,0.928,0,0.84557,-0.08580,-0.31745,-0.80553,-0.08961,-0.696,1.037,0.052,0.804,-0.00763,-0.151,0.448,-0.20019,-0.68065,0.785,-0.11344,0.77979,-0.14,-0.06959,0.50810,-0.471,0.80934,0.78932,-0.03718,0.72,-0.25288,1.009,-0.14109,-0.231,-0.404,-0.18494,-0.59867
1,1,0.0,0.70870,-0.369,0.64348,0.04348,0.554,0.38261,0.569,0.18261,0.472,0.26,0.57826,-0.23043,0.50435,0.426,0.38696,-0.42609,0.321,-0.26087,0.26957,0.135,0.735,-0.03845,0.242,-0.12174,0.575,-0.04264,0.577,-0.052,0.64348,-0.25217,0.50435,0.14783
0,1,0.0,-0.677,0.219,-0.33746,0.73375,0.408,-0.13932,0.31889,-0.095,0.20743,-0.129,0.47368,0.08978,0.56347,-0.194,0.16409,0.504,0.33746,0.03406,0.484,0.07121,-0.63777,-0.61610,0.989,0.65635,0.41348,-0.40116,-0.171,0.11146,0.02399,0.348,0.455,-0.075
1,1.118,0,0.29202,0.13582,0.45331,0.16808,0.331,-0.00509,0.657,0.20883,0.52462,-0.107,0.539,-0.04754,0.55518,0.03905,0.81664,-0.162,0.42445,-0.04244,0.308,0.06621,0.153,-0.173,0.731,-0.03176,0.287,-0.03351,0.311,0.09847,0.747,-0.01868,0.494,-0.03226
0,1,0,0.79157,0.16851,0.0,0,0.56541,0.06874,0.301,1.005,0.465,1.046,-0.013,0.53215,0.23725,0.147,-0.02661,0.668,-0.272,0.507,-0.10200,0.569,-0.252,0.23725,-0.91574,0.80710,-0.34146,0.88248,-1.002,0.69401,-1,0.12860,0.0,0
1,1.033,0,0.90116,0.199,0.79299,0.255,0.72990,0.711,0.59784,0.886,0.44303,0.81152,0.188,0.87493,0.068,1.252,-0.12611,0.87396,-0.28739,0.841,-0.46635,0.65924,-0.786,0.53805,-0.661,0.39951,-0.745,0.25835,-0.72369,0.161,-0.71475,-0.05525,-0.67699,-0.217
1,1,0,0.97714,0.211,1.104,0.235,0.71771,0.58732,0.47968,0.84278,0.451,0.99,0.10289,0.93945,-0.137,0.8,-0.19,0.968,-0.52145,0.79525,-0.476,0.506,-1.121,0.33537,-0.85376,0.17849,-1.182,-0.011,-0.82366,-0.19321,-0.67289,-0.33662,-0.59943,-0.49700
0,1,0,-1,-1,0.0,0.0,0.50814,-0.78502,0.60586,0.32899,-0.65,-0.41368,0.0,0,0.0,0.0,1.203,-0.339,0.36482,-0.822,0.97068,-1,-0.99,-0.895,1,-0.768,-1,-1,-1,-1,1,-1.324,0.0,0
1,1,0,0.74084,0.04974,0.79074,0.02543,0.78575,0.03793,0.66230,0.137,0.398,0.31152,0.582,0.056,0.559,0.08442,0.43,-0.059,0.63613,0,0.70021,0.16,0.68183,0.12185,0.923,0.15445,0.608,0.13608,0.485,0.17539,0.48,0.204,0.57455,0.085
0,1,0,0.706,-0.564,0.0,0,0.77941,-0.584,0.80882,0.55147,-0.622,-0.572,0,0,0.0,0.0,0.72059,-0.77206,0.912,-0.60294,0,0,0.164,-1.33,-1,-1.319,-1,-1,1.453,-1,1,-1.347,0,0
1,1,0,1,0.01709,0.917,-0.031,0.988,-0.03436,0.756,-0.05071,0.99026,-0.07092,0.99173,-0.09002,1.48,-0.15727,1,-0.14257,0.642,-0.11813,0.977,-0.116,1.381,-0.19272,0.98971,-0.158,0.562,-0.20243,1.152,-0.172,0.96436,-0.244,0.87011,-0.23296
0,0,0.0,0.0,0,0,0,0.0,0.0,0,0.0,0,0.0,0,0.0,0,0.0,0,0,0,0.0,0,0,0.0,0,0.0,0,1,-0.997,0.0,0,0.0,0,0,0
1,1,0.0,0.95704,-0.12095,0.563,-0.12690,0.96365,-0.18242,1.016,0.08460,1.379,-0.01124,0.907,-0.232,1.176,-0.31395,0.99273,-0.287,1.353,-0.289,1.353,-0.358,0.93126,-0.39458,1,-0.204,0.88793,-0.31565,0.81428,-0.23728,0.89095,-0.41,0.69531,-0.41573
0,1,0.0,0.164,-0.31818,0,0,0.354,-1,0.30682,0.95833,0.64394,0.06439,0.34848,-0.834,0.0,0,0.449,-0.366,0.45076,-0.536,0.0,0.0,0,0,0.24242,0.263,0.991,-0.23864,0.06061,-0.48485,0.16288,-0.818,0.0,0
1,1,0.0,1.284,-0.49311,0.685,-0.054,0.958,-0.87052,0.90083,0.66942,1,-0.10104,1,-0.094,1,-0.119,1,-0.17681,0.608,-0.20491,1,-0.23452,1.281,-0.216,1.037,-0.19,1,-0.33304,1,-0.466,1,-0.36,1,-0.44739
0,1,0,0.0,0,0,0,0.0,0,0,0.0,0.334,1,0.0,0,0,0,0.36585,-0.71951,0.523,-1,0,0,0.0,0,0.0,0,0.977,0.132,0.0,0.0,0.0,0.0,0,0
1,1.244,0,0.99449,0.006,0.577,-0.137,0.88237,-0.16431,0.644,-0.06257,1.271,-0.103,0.85221,0.02966,0.924,-0.157,0.93881,-0.09,0.98298,-0.08935,0.89876,0.00075,0.87836,-0.079,0.93368,-0.19872,0.87579,-0.195,0.94294,-0.16581,0.80253,-0.25741,0.802,-0.16
0,1,0,0.10135,0.10811,0,0.0,0,0,0.54730,0.82432,0.31081,0.938,0.0,0,0.0,0,0.37162,-0.829,0.33108,-1,0.0,0.0,0.0,0.0,-0.405,-1,1,-1,0.55405,-0.12,0.0,0.0,0.0,0
1,1,0,1,-0.57224,0.99150,-0.73371,0.89518,-0.97450,1,-0.204,1,-0.23229,0.62890,-0.97,1.246,-0.289,1,-0.79603,0.76771,-1.059,1.225,-0.756,0.74,-0.74896,0.557,-0.505,0.744,-0.77986,0.81020,-1.413,1,-0.874,0.246,-0.76112
0,1,0.0,0.719,-0.373,0.0,0,0,0,0.77273,1,1.128,-0.313,0,0,0,0.0,0.62121,-0.22727,0.84091,-1,1,-1,0,0.0,0,0.0,1.123,-0.576,-0.181,-0.93182,0.0,0,0.0,0
1,1.481,0,0.86284,0.19310,0.858,0.574,0.845,0.624,0.54559,0.376,0.36705,0.81533,0.19617,0.858,-0.04061,1.016,-0.17241,0.75785,-0.34100,0.65747,-0.48199,0.5,-0.60230,0.40996,-0.341,0.347,-0.63038,0.08818,-0.48,-0.07816,-0.689,-0.19923,-0.565,-0.31954
0,1,0.0,0.42000,-0.419,0,0.0,0.98,-0.798,0.90000,1,0.405,0.64000,0.0,0,0.0,0,0.67000,-0.27,0.84000,-1.275,0,0,0,0,0.135,0.68000,1,0.244,0,0,0.0,0,0.0,0
1,1,0.0,1,0.23395,0.894,0.52013,0.78020,0.675,0.47660,0.84222,0.27639,0.91730,0.09467,0.88248,-0.131,0.91404,-0.395,0.75517,-0.438,0.931,-0.485,0.567,-0.74102,0.29162,-0.56,0.03591,-0.71731,-0.113,-0.642,-0.28183,-0.292,-0.522,-0.37432,-0.53319
0,1,0.0,0.957,1.089,-0.72973,1.262,-0.39466,0.55735,0.05405,0.29730,-0.255,-0.094,-0.032,-0.08970,0.01401,-0.035,0.013,-0.00537,0.00342,0.00097,0.00048,0.001,-0.0,0.00019,-0.0,0.00002,-0.00001,0,0.0,0,0.0,0,0,0
1,1,0,0.21429,-0.107,0.351,0.07143,0.112,0.19048,0.225,0.09524,0.24,0.034,0.30952,-0.051,0.176,-0.04762,0.28571,-0.11905,0.33333,0.04762,0.453,0,0.265,-0.099,0.35714,-0.04762,0.22109,-0.02290,0.19048,0.0,0.16997,-0.013,0.107,-0.01877
0,1,0.0,1,-0.14754,1,0.04918,0.57377,-0.017,0.65574,0.01639,0.515,-0.03279,0.72131,0,0.765,-0.167,0.285,-0.095,0.522,-0.091,0.67213,0.03279,1,-0.346,0.31148,-0.34426,0.52385,-0.20325,0.32787,-0.033,0.378,-0.625,0.336,-0.06557
1,1,0,1.24,0,0.819,0.039,0.86249,0.033,0.80000,0,0.902,0.058,0.79343,0.08436,0.77118,0.077,0.724,0.25455,1.007,0.12727,0.887,0.12608,0.68604,0.128,0.74545,0.22727,0.64581,0.15088,0.451,0.04,0.60715,0.16465,0.58840,0.191
0,1.477,0,0.266,0.52381,-0.78824,0.11342,-0.16628,-0.76378,0.66667,0.009,0.82143,0.432,-0.67230,0.405,-0.34797,-0.63668,0.46429,0.15476,0.537,0.05952,-0.77,0.353,-0.263,-0.47594,0.164,0.992,0.696,0.38848,0.57143,0.39286,-0.54891,-0.29915,0.247,-0.724
1,1,0.0,0.86889,-0.068,1,-0.017,1.1,-0.06889,0.464,0.00222,1.16,-0.06444,1,-0.091,1,-0.3,0.774,0.036,0.88000,-0.033,1,-0.11526,1,-0.18667,1.069,0.03556,1,-0.14162,0.82222,-0.171,1,-0.15609,0.874,-0.44222
0,0.998,0,0.472,-0.12727,0.643,-0.14545,0.18182,-0.67273,0.34545,-0.05,0.433,-0.05455,0.29091,0.29091,0.36364,-0.41818,0.185,-0.023,0.37,0.05455,0.12727,0.667,0.673,0.144,0.32727,0.16,0.41098,-0.07027,0.307,-0.05455,0.136,-0.36364,0.29091,-0.29091
1,1,0,0.986,-0.92453,0.97,0.757,0.49057,-0.064,0.62264,0,1,-0.00054,0.373,0.07547,0.62264,-0.05660,1.055,-0.001,0.52830,0,0.524,0.07547,1.095,-0.001,0.849,0.79245,0.92192,-0.00128,0.524,-1,1.17,0.227,0.43396,-0.11321
0,1,0.0,0.73810,0.763,-0.97,-0.23810,0.33333,-0.123,0.525,-0.208,-0.993,0.105,0.401,0.0,0.28571,-0.091,-0.38214,0.646,0.23810,0.02381,0.45238,0.04762,0.16667,-0.26190,-0.57255,-0.129,0.24889,-0.51079,1.346,0,-0.66667,-0.04762,0.26190,0.02381
1,1,0,0.43750,0.04167,0.58333,-0.10417,0.39583,0.0,0.277,-0.086,0.673,0,0.27,0.134,0.54167,0.013,0.639,-0.22917,0.498,-0.22917,0.33333,0.099,0.25000,0.18750,0.467,-0.18750,0.582,-0.10064,0.316,-0.08333,0.58333,-0.31250,0.33333,-0.093
0,1,0,0.764,1,0,0,0.0,0,0,0.0,0.571,-0.89098,-0.51504,0.45489,-0.95489,0.28571,0.824,1,0.0,0,0,0.0,0.62030,0.156,-1,-0.761,1.48,-1,1.16,0.775,0.0,0.0,0,0
1,1,0,0.95217,0.069,0.704,0.13030,0.64,0.19152,1.172,-0.49962,0.90023,0.61320,0.914,0.34328,0.72254,0.518,0.66145,0.39,0.95472,0.613,0.53258,0.313,0.46773,0.44511,0.40440,0.571,0.211,0.577,0.933,1,0.23405,0.324,0.18632,0.37191
0,1,0,0.59840,0.281,0.432,0.517,0.76001,0.579,1.207,-0.10984,0.97311,0.119,1.32,-1.037,0.837,0.88444,0.684,-0.036,0.88673,0.18135,0.98484,-0.69594,0.86670,-0.85755,0.28604,-0.30063,1,0.176,0.43,0.42677,0.817,0.81007,0.81979,0.68822
1,1,0,0.95882,0.10129,0.722,-0.019,0.502,0.034,0.568,-0.09316,0.98955,-0.02716,0.812,-0.03096,1,-0.05343,1,-0.069,0.93840,0.02,0.97620,-0.127,0.97889,-0.063,0.719,-0.122,0.95677,-0.06995,0.965,0.01307,0.798,-0.10797,0.93144,-0.06888
0,1,0,0.0,0.0,-0.33672,1.061,0.0,0,0.68869,-1,0.918,0.31385,-0.26048,-0.783,-0.30241,0.65565,1.038,0.097,0.0,0,0,0,-0.26,-1,0,0.0,1.376,-1,0.0,0.0,0.04447,0.61881,0,0
1,1,0.0,0.96933,0.00876,1,0.00843,1.36,-0.00763,1.348,-0.017,0.99820,-0.034,1.026,-0.01271,0.679,-0.02581,0.902,-0.01175,1.396,0.0,0.719,-0.02612,1,-0.04744,0.96019,-0.043,0.99188,-0.051,0.97020,-0.025,1,-0.03855,0.98420,-0.04112
0,1.258,0.0,0,0.0,0.98919,-0.22703,0.18919,-0.05405,0,0,1.3,0.07297,1,-0.208,0.947,0.046,1,-0.064,0.0,0,1.207,-0.237,0.553,-0.41622,0,0.0,1,-0.17568,0,0,1.097,-0.25946,0.28919,-0.15676
1,1,0,0.95,0.01403,0.291,-0.02439,0.791,0.025,0.131,0.151,0.43313,0.044,0.293,0.04878,0.149,0,0.36585,0,0.31707,0.07317,0.332,0.12195,0.23698,0.068,0.21951,0.09756,0.182,0.073,0.17410,0.05504,0.19512,0.0,0.17073,0.07317
0,1,0,1.043,0.855,1,-1,0,0,0,0.0,1.49,1,0.722,-0.844,0.542,1,1,-0.764,0,0.0,0.0,0,0.871,-0.27778,0.0,0,1,-1,1.193,1,0.908,-1,0,0
1,1,0,0.183,0.20408,0.46939,0.332,0.40816,0.177,0.329,0.26,0.30612,0.474,0.12245,0.55102,0,0.51020,-0.06122,0.55102,-0.278,0.55102,-0.422,0.44898,-0.182,0.32653,-0.61224,0.22449,-0.46579,0.161,-0.59184,0.272,-0.338,0.0,-0.387,-0.24490
0,1,0.0,0,0,1,-1,0.0,0,0.0,0,0.822,1.476,0.602,-0.25342,1.307,0.23288,1,-0.552,0,0.0,0,0.0,1,1,0,0.0,0.741,-1,0,0,0.575,-1.104,0,0
1,1,0,0.89706,0.38235,0.619,0.37500,0.74265,0.481,0.572,0.77941,0.122,0.88971,-0.02206,0.86029,-0.20588,0.649,-0.37500,0.888,-0.5,0.47794,-0.727,0.38235,-1.15,0.128,-0.411,-0.12500,-0.67925,-0.24131,-0.55147,-0.293,-0.358,-0.401,-0.405,-0.56618
0,1.255,0,-1,0.34,0.22222,0.17,-0.418,-0.70984,-0.358,0.71242,-1,1,-0.494,0.33987,-0.79085,-0.02614,-0.98039,-0.83007,-0.365,-0.687,-0.055,-1.182,0.94118,-1.105,-1,-0.311,0.74385,0.056,-0.605,0.05229,0.18301,0.02614,-0.40201,-0.48241
1,1,0.0,0.26667,-0.10000,0.53333,0.0,0.33333,-0.079,0.352,0.11667,0.308,0.01667,0.71667,0.08333,0.73,-0.065,0.53333,0.20000,0.434,-0.01667,0.31667,0.20000,0.754,0.0,0.25000,0.113,0.46214,0.047,0.40000,0.03333,0.612,0.03333,0.451,-0.05000
0,1,0.0,-0.17,0.345,-0.196,0.12159,-0.17778,-0.046,0.06192,-0.06879,0.043,0.02575,-0.00885,0.031,-0.014,-0.001,-0.00093,-0.00883,0.00470,-0.00153,0.00138,0.00238,-0.001,0.00102,-0.00069,-0.0,0.00019,-0.001,0.00026,0.0,0,0.00015,-0.00008,0.0
1,1.05,0,1,-0.226,0.64865,0.29730,0.948,-0.24324,0.86486,0.18919,1,-0.27027,0.554,0,0.345,-0.05405,0.421,-0.21622,0.427,-0.17666,0.504,0.08,0.75676,0.176,0.526,-0.405,0.791,-0.22163,0.58478,-0.23027,0.504,-0.59459,0.51351,-0.24324
0,0.704,0.0,1.345,-0.03516,-1,-0.33203,-1.221,-0.02,0.97266,0.01172,0.93359,-0.015,-0.834,0.16406,-0.519,-0.00391,0.95313,-0.03516,0.781,-0.028,-1.325,0.11719,-0.93359,0.34766,0.95703,-0.005,0.82041,0.13758,0.90234,-0.06641,-1,-0.192,-0.689,-0.34375
1,1,0.0,1.423,0.024,0.93757,-0.015,1.025,0.01214,0.96705,-0.01734,0.96936,0.00520,0.95665,-0.03064,0.95260,-0.006,0.99480,-0.02,0.99769,0.021,0.93584,-0.04971,0.93815,-0.024,0.97052,-0.024,1.439,-0.011,0.97399,0.01908,0.95434,-0.045,1.046,0.00809
0,1,0,0.559,-0.043,1.215,-0.97,0.5,-0.142,0.235,-0.22222,0.651,-0.305,0.16667,-0.11111,1,-0.214,1,-0.38853,1.352,-0.215,0,-0.25000,1,-0.50333,1,-0.335,1.377,-0.57092,0.846,-0.27778,1,-0.63156,1,-0.65935
1,1.21,0,0.31034,-0.10345,0.24138,-0.10345,0.119,-0.06897,0.07405,-0.062,0.03649,-0.03689,0.017,-0.02383,0.00741,-0.021,0.00281,-0.006,0.001,-0.003,-0.00003,-0.004,-0.0,-0.002,-0.00031,-0.001,-0.00025,-0.00048,-0.00018,-0.00024,-0.00012,-0.0,-0.0,-0.00006
0,0.863,0,0.62745,-0.093,0.588,0,0.599,-0.07843,0.685,-0.133,0.68627,-0.11765,0.808,-0.13725,0.64706,-0.06,0.385,-0.11765,0.317,-0.21569,0.58824,-0.23,0.66667,-0.23529,0.45098,-0.25490,0.62,-0.24668,0.818,-0.31373,0.43137,-0.212,0.47059,-0.27451
1,1,0.0,0.166,0.16667,0.46667,0.26667,0.229,0.23966,0.098,0.19939,0.01070,0.14922,-0.02367,0.10188,-0.03685,0.04,-0.03766,0.03458,-0.035,0.01532,-0.02474,0.00357,-0.01726,-0.00273,-0.013,-0.003,-0.005,-0.006,-0.00294,-0.004,-0.001,-0.004,0.0,-0.00291
0,1,0,-0.547,0.15625,0.06250,0,0,0.068,0.62500,0.079,0.18750,0,-0.03125,0.09375,0.091,0,0.15625,-0.15625,0.301,-0.37500,0.0,-0.09375,0.0,0.0,0.042,-0.608,0.03125,0.0,-0.367,0.03125,-0.027,0,0.0,0.09375
1,1,0.0,1,-0.01081,0.591,-0.027,0.724,-0.06486,0.95135,-0.01622,0.992,-0.022,0.98919,0.096,1,-0.089,0.88,0.09189,1.068,-0.006,1,0.06,1,0.04324,0.549,0.09189,0.98556,0.01251,1,-0.03243,1,0.02703,1.397,-0.07027
0,1,0.0,1.128,0.071,1.429,0.08069,1.078,0.669,0.91473,-0.00775,0.83721,0.03876,0.963,0.388,1,1.019,0.81395,0.04651,0.868,0.11628,1.328,0.50670,0.74,-1,0.80620,0.03876,1,0.71613,0.84496,0.086,1.069,0.87317,1,1
1,1.236,0.0,0.90374,-0.011,1,0.063,1,0.01604,0.576,0.008,0.608,-0.021,1,0,1,0.06417,1,0.04813,0.49,0.04278,0.96791,0.025,0.829,-0.017,0.799,0.05348,0.96974,0.04452,0.87701,0.01070,1,0.077,0.97861,0.06417
0,1,0,-0.15,0.174,0.23000,0.10000,0.28250,0.31750,0.473,0.406,0.36285,-0.34617,0.09250,0.373,-0.09500,0.282,-0.074,0.23500,-0.263,0.31408,-0.48000,-0.08000,0.29908,0.271,-0.58000,-0.19,0.32190,-0.28475,-0.518,0.18500,-0.279,-0.23,0.40445,0.025
1,1,0,0.614,0.026,0.648,0.091,0.70000,0.088,0.777,0.0,0.556,0,0.80000,0,0.73333,0,0.70000,0.10000,0.908,0.10000,0.73333,-0.036,0.469,0,0.864,0.13333,0.65932,0.10168,0.60000,0.13333,0.60000,0.225,0.665,0.16667
0,1,0,0.059,-0.00838,0.099,0.007,0.0,-0.01117,0.00559,-0.045,0.012,-0.059,-0.00559,0.05307,0.078,-0.03352,0,0.09497,-0.06425,0.066,-0.059,0.025,0.02793,-0.00559,0.00838,0.00559,0.10335,-0.00838,0.034,-0.002,0.04469,0.0,0.04749,-0.03352
1,1,0,1.098,0.329,0.562,0.67248,0.47564,0.82455,0.012,0.89109,-0.24871,0.84475,-0.47644,0.567,-0.564,0.41743,-0.809,0.07208,-0.65426,-0.19525,-0.287,-0.44000,-0.30851,-0.55089,-0.022,-0.64792,0.16085,-0.56420,0.322,-0.41901,0.327,-0.294,0.477,-0.038
0,1,0.0,0.05460,0.01437,-0.029,0.039,0.017,0.04598,-0.116,0.00862,0.019,-0.049,-0.03736,0.022,-0.088,-0.04598,-0.09483,0.08046,-0.04023,0.05172,0.015,0.02299,-0.03736,-0.008,0.03161,-0.00862,0.007,0.01724,0.02586,0.007,0.02586,0.007,-0.04598,-0.00575
1,0.762,0,0.421,-0.01,0.79704,0.01084,0.80000,0.00197,0.79015,0.01084,0.645,-0.00985,0.932,0.016,0.85123,0.01675,0.80099,-0.00788,0.79113,-0.02956,0.75961,0.03350,0.789,0.05517,0.934,-0.01478,0.462,0.00612,0.95,-0.05025,0.636,0.026,0.639,0.01
0,1,0,0.03852,0.02568,0.00428,0.0,0.01997,-0.01997,0.02140,-0.04993,-0.071,-0.008,0.01427,-0.02282,0.0,-0.03281,-0.04708,-0.042,-0.01712,0.024,0.032,0.00428,0.037,-0.02282,0.065,0.011,0.039,0.01569,0.01997,0.00713,-0.027,-0.017,-0.01,0.01997
1,1,0.0,0.47090,0.22751,0.42328,0.31,0.25661,0.47619,0.019,0.673,-0.02116,0.53968,-0.23,0.188,-0.391,0.345,-0.72,0.078,-0.5,-0.171,-0.118,-0.14550,-0.14815,-0.38095,-0.23280,0.004,0.03574,-0.31739,0.15873,-0.21693,0.274,-0.24339,0.26720,0.04233
0,1,0,0.08696,0.007,0.122,-0.04119,0.14,-0.054,0.114,-0.06178,0.23341,-0.01144,0.139,0.07780,0.093,-0.07,0.29062,-0.04805,0.18993,0.07323,0.11670,0.0,0.11213,-0.00229,0.15103,-0.10297,0.046,0.01373,0.11213,-0.06636,0.142,-0.078,0.076,-0.035
1,1,0,1.148,0.509,0.48263,0.64534,0.21572,1.017,-0.688,0.64899,-1.026,0.622,-1.031,0.0,-0.538,-0.31079,-0.38391,-0.62157,-0.12797,-0.69287,0.284,-0.671,0.71481,-0.37660,0.73857,-0.066,0.60098,0.30384,0.558,0.436,0.02742,0.54479,-0.21572,0.50457
0,1,0.0,0.019,0.00705,0.04090,-0.00846,0.02116,0.01128,0.01128,0.04372,0.00282,0.00141,0.012,-0.03103,-0.015,0.044,-0.03,0.02680,-0.017,-0.00423,0.032,-0.02539,0.01834,0.0,0,-0.01269,0.01834,-0.011,0.00564,-0.009,-0.01,-0.016,0.00705,0.0
1,1,0.0,0.85736,0.0,0.81927,-0.068,0.77521,-0.037,0.84317,0.09037,0.86258,0.11949,0.602,-0.06124,0.78342,0.03510,1.142,-0.06796,0.83570,-0.14190,0.505,0.015,0.90515,0.02240,0.878,-0.02,1.166,-0.03678,1.074,-0.06423,0.749,-0.016,0.79089,-0.09186
0,1,0.0,1,-0.974,1,1.106,-1,1.065,1,-1,1,-1,-1,-1.298,-1,1,1.49,1,0.509,1,-1.03,0.899,1.225,-1.056,1,-1,0.931,1,1,1,-1.171,1.025,-1,1
1,1,0.0,0.85209,0.443,0.386,1.019,0.11,0.799,-0.42625,0.88744,-1.046,0.49980,-0.547,0.10768,-0.85900,-0.199,-0.66030,-0.759,-0.19260,-0.86063,0.28444,-0.80496,0.377,-0.35230,0.754,-0.23324,0.71698,0.21343,0.55,0.58310,0.19667,0.66315,-0.11215,0.538
0,1,0,1,1,0.514,0.51250,0.62500,-0.525,1,1,0.023,0.033,1,1,0,0,0.689,-1,1.26,1,1.25,1,0.264,0.867,1,0.937,1.205,0.639,1,1,-0.722,1,0.0,0
1,1.46,0,1.166,0.54902,0.594,1.228,0.01961,1,-0.49020,0.92157,-0.959,0.678,-0.759,0.11765,-1.293,-0.33333,-0.64706,-0.68627,-0.341,-0.86275,0.35294,-0.934,0.74510,-0.776,0.941,-0.21569,0.541,0.157,0.72549,0.56863,0.23529,0.90196,-0.11765,0.90196
0,1,0,0.0,0,-1.221,-1,-1,1,0.0,0,-0.772,0.756,1,1,0.805,-1.092,0,0.0,0.0,0,-1,-1,-1,0.896,1,0.429,1,-0.645,0.0,0,-1,-1.409,-1,1
1,1,0.0,0.44444,0.647,0.734,0.90763,-0.22222,0.798,-0.33333,0.88889,-0.504,0.306,-1.301,-0.11111,-1,-0.197,-0.85,-0.893,0.55556,-1,-0.192,-0.77778,0.77778,-0.22222,0.398,0,0.92120,0.45019,0.57454,1.108,0.22222,1,-0.623,1
0,0,0,0.0,0,0,0,0.0,0,0,0.0,0,0,0,0.0,0,0.0,0,0.0,0,0.0,0,0,0.0,0,0,0.0,1.144,0.0,0,0.0,0,0.0,0,0.0
1,0.872,0,0.555,0,1,0,0.5,0.346,0.988,0,0.91201,0.165,0.778,0.14210,0.86922,0.16228,0.867,0.194,0.862,0.5,0.887,0,1,-0.25000,0.5,0.289,0.77,0.26388,0.75000,0.334,0.69635,0.29074,0.894,0.30293
0,0.0,0,-1,1,1.182,1,0,0.0,1,-1,1,-1.114,1.257,-1,-1,-1,0.0,0.0,-1,-1,0,0,0.0,0,-1.125,-0.528,1,-1.384,1,1,-0.942,-1,0.0,0.0
1,1,0,1,0.0,1.248,0,0.387,0.061,1,-0.127,1.135,-0.11111,1,-0.123,0.567,0,0.77778,0,1,-0.147,0.77778,-0.11111,0.723,-0.11111,0.66667,0,1.323,-0.05352,1,0.11111,0.646,-0.126,1.324,0
0,0,0.0,0,0,0,0.0,0.0,0,0,0.0,0,0.0,-1,-0.698,0.0,0.0,1,0.75000,0,0,0,0,-1.134,0.855,0,0,1,-1.467,-0.569,-1.379,1,1,0.0,0
1,1.322,0,1,0.45455,1,-0.311,1,0.065,1.442,-0.09091,0.502,0.0,1.417,-0.27273,1,-0.18182,1,0.135,1,0.0,1,-0.261,1.011,0.088,1,-0.09091,1,-0.04914,1.377,0.256,1,-0.27273,1,-0.18182
0,0.504,0.0,0.62121,-0.551,0.0,0.0,0,0,0.388,0.176,0.42803,0.39394,-0.104,0.51894,0.36364,0.213,-0.352,0.32955,0.12121,-0.14773,0.01894,-0.53409,-0.541,0.245,0.29167,-0.27273,0.311,-0.57576,0.43182,0.24242,0.172,-0.02273,0.17045,-0.41667
1,1,0.0,1,0.11765,1,0.12,1,0.41176,1,0.05882,1,0.194,1,0.13,1,0.47059,1,-0.061,1.097,-0.11765,1.258,0.458,1.394,0.351,0.567,-0.11765,1,0.19,1,0.05882,0.553,0.471,1,0.23529
0,1,0.0,0.0,0.0,-1,-0.749,1,0.51064,0.043,-0.23404,-0.716,-0.36170,0.12766,-0.875,1,-1,0,0.0,0.557,-0.07979,-0.25000,1,0.09,-0.70745,0.0,0,-0.19149,-0.46809,-0.22340,-0.574,0.74468,1.054,-0.67553,0.519
1,1,0.0,0.91667,0.204,1.216,-0.16667,0.70833,0.191,0.762,-0.08333,0.662,0.036,0.83333,0.12500,0.70833,0.0,0.759,0.062,1,0.08333,0.66667,-0.08333,0.75000,0.174,0.668,-0.12500,0.83796,0.05503,1.078,0.20833,0.70833,0,0.606,0.04167
0,0.638,0.0,0.18590,-0.14,0,0.0,0.0,0,0.0,0,0,0,0.157,-0.19071,0.0,0,0.0,0,0,0,0,0,-0.05128,-0.097,0.07853,0.102,0.17308,-0.071,0.12500,0.09615,0.02564,-0.04,0.089,0.19551
1,1.307,0,1.104,-0.107,1,-0.11326,0.99246,-0.29802,1,-0.33075,0.96662,-0.34281,0.85788,-0.47265,0.507,-0.48170,1.032,-0.65224,0.68131,-0.918,0.82450,-0.78316,0.399,-0.572,0.67033,-0.553,0.385,-0.85669,0.56,-0.622,0.24117,-0.632,0.29221,-0.706
0,1.337,0,0.641,1,-1.174,1,-0.605,-1.2,0.34649,0.21053,0.455,0.07018,0.22807,0.046,0.194,0.34649,0.88,-0.03947,0.22807,0.672,0,0.0,-0.29825,-0.16228,1,-0.836,1,-1,1,-0.169,0.35088,0.122,0.82895,0.07895
1,1,0.0,1.209,0.24077,0.61,0.00369,0.771,-0.217,0.89919,-0.202,0.70643,-0.24077,0.73855,-0.30539,0.774,-0.215,0.47194,-0.61189,0.405,-0.621,0.61041,-0.217,0.53176,-0.32681,0.28,-0.52142,0.29208,-0.48390,0.12777,-0.557,0.095,-0.51329,0.18353,-0.46603
0,0.0,0.0,-0.862,0.982,1,-1,0.0,0,0,0.0,1,-1,1,1,0.0,0.0,1,-1,0,0,0,0,0.96,1,-1,1,1,-1.312,-0.636,0.718,-0.664,-0.72,0,0
1,1.093,0,0.92247,-0.221,0.96419,-0.13,0.87024,-0.22602,0.81702,-0.405,0.855,-0.28909,0.70302,-0.49639,0.63338,-0.298,0.37254,-0.70729,0.239,-0.72109,0.40506,-0.615,0.301,-0.59691,0.14750,-0.944,0.072,-0.619,-0.07162,-0.54928,-0.024,-0.79,-0.07457,-0.47898
0,1,0.0,-1.05,-1,-0.50694,0.689,0.519,-0.81,1.423,0.298,0.0,0,0.23958,-0.691,1.361,1,0,0,1.296,1,1,1,0,0,-0.71528,1.02,0.33333,-1,0.595,-1,0.69792,-1,0.47569,1.302
1,1,0.0,1.016,0.363,0.5,0.536,0.09916,0.93460,-0.412,0.88186,-0.72363,0.329,-1.027,0.19409,-0.86709,-0.341,-0.62869,-0.65612,-0.314,-0.85654,0.242,-0.86498,0.51477,-0.66878,0.74895,-0.217,0.77937,0.119,0.658,0.42827,0.266,0.62447,-0.00422,0.69409
0,1,0,0.651,1.494,0.0,0.0,1.086,-1,-1,-1,1.323,1,1,-1,0,0.0,0.97,-1,1.149,1,0,0,1.282,-1,-1,-1.095,1,1.187,-1,1,-0.675,1,0.0,0
1,1,0,1,0.63548,1,1,0.77123,1.44,-0.33333,0.641,-1,0.651,0.0,1,-1,1,-0.502,0.0,-1,-0.524,-1,-0.783,-0.923,-0.383,-0.186,-0.725,0.19235,-1,1.377,-1,0,-1.352,1,-0.66667
0,0,0,-1.018,0.621,-0.573,-0.701,0,0,-1.366,1,1,-1,-1,-1.301,-1,1.132,0,0,-1.182,-1,-0.644,1,0.0,0.0,1,-1.439,1,1,1.21,-1,1,1.413,0,0
1,1,0.0,1,0.059,1,0.14,1,0.22108,1,-0.136,1,0.32,1,0.299,1,0.392,-0.37500,1,0.76,0.0,1.173,0.631,1,0.61,1,1,1.212,1,1.204,0.25000,1,1,1,1
0,0,0.0,-1.045,-1,0.0,0.0,0.0,0.0,0,0,0,0.0,0.0,0.0,0.63,-1,0,0.0,-1,-1,0,0,1,1.329,1.322,-1,1,-1,0,0.0,0,0,0,0
1,1,0.0,0.64947,-0.07896,0.58264,-0.14380,-0.13129,-0.238,0.29796,0.026,0.38096,-0.183,0.315,-0.32,0.03459,-0.18947,0.104,-0.373,0.193,-0.29052,0.09513,-0.31525,0.06556,-0.26795,0.021,-0.25124,-0.00046,-0.278,-0.036,-0.21129,-0.04717,-0.18950,0.019,-0.153
0,1.43,0.0,0,0.0,0.0,0.0,0,0,0.0,0.0,1,-0.33333,0.16667,0.26042,0,0.0,0,0,0,0,-0.19792,-0.21875,-0.16667,0.90625,-1.397,0.619,0.04167,0.75000,-0.153,-1,-0.12500,-0.358,-0.143,-0.867
1,1,0,1.304,0.05149,0.95,0.131,0.98,0.14756,1.366,-0.26496,0.66026,0.54701,0.80426,0.25283,0.73781,0.231,0.358,0.28714,0.59615,0.217,0.649,0.29200,0.296,0.28476,0.39023,0.27226,0.22,0.25553,0.391,0.313,0.22427,0.113,0.18086,0.19083
0,1,0,0.782,-0.09524,-0.83,-1.161,-0.735,-1,1,0.259,0.81349,0.76190,-1,-1.15,-1,1,0.287,1,1,1,0.68839,-0.838,-1.25,-1.355,0.82937,0.248,1,1,1,0.533,-0.619,-0.358,-1,0.72831
1,1,0,0.93669,-0.00190,0.60761,0.43204,0.92314,-0.40129,0.953,0.133,1.297,0.07,0.99676,0.069,0.91586,0.054,0.84628,-0.34,0.637,-0.14482,1.156,0.26133,0.988,-0.053,0.84547,-0.02589,0.87293,-0.02302,0.98544,0.082,0.64,-0.105,0.85841,-0.14725
0,0.819,0.0,1,-1,1,1,1.085,1,1,-0.5,1.364,1.214,1.252,0.78,1,1,0,0,1,0.691,1.1,1,1,-1,1,1,0.699,0.62500,1,-1.022,-0.458,1.023,1.11,1
1,1,0,1.48,0.301,1,-0.685,1,-0.10401,1,0.115,1,0.322,0.98120,-0.06861,0.688,0.06610,0.95802,-0.257,0.83584,-0.15633,0.954,0.038,0.872,0.058,1,-0.014,0.96238,-0.04597,0.91165,0.03885,0.547,-0.108,0.96523,-0.11717
0,1,0,0.36876,-0.964,-1.011,-1,-0.07661,1,0.505,0.95041,0.706,-0.449,-1,-0.79313,-0.118,1,0.48684,0.33,0.31755,-0.145,-0.14343,-0.20188,-0.11976,0.045,0.03021,0.06639,0.026,-0.009,-0.00403,-0.014,-0.006,0.00108,0.0,0.00325
1,1,0,0.708,0.38265,0.80804,-0.179,1.287,-0.094,0.98151,-0.103,0.70217,0.20663,0.99745,0.02105,1.095,0.02487,1,-0.13074,1.428,0.044,1,0.00191,1.158,0.359,1,-0.14541,1,-0.003,0.75638,0.07908,0.591,-0.21,1,-0.047
0,0,0.0,0,0,0,0.0,0,0,0.0,0,0.0,0.0,1,1.476,1,1,1,-1,0,0,0.762,1,1.469,-0.767,0.581,1,1,0.0,1.265,1,0.892,-1,0.0,0
1,1,0,1.102,-0.28428,1,-0.25346,0.569,-0.35094,1,-0.427,0.92736,-0.49057,0.88,-0.44119,0.75723,-0.545,0.69748,-0.58019,0.564,-0.57579,1.016,-0.70975,0.54465,-0.542,0.61,-0.449,0.35504,-0.806,0.164,-0.78239,0.11,-0.73145,0.19,-0.70000
0,1,0,0,0,0,0,0.0,0.0,-0.676,-1,0.0,0.0,0.659,-1,0.0,0.0,-1.127,-1,-1,-1,1,-1,-0.60000,-0.634,1,1,-1,-0.20000,1.049,-1.436,0.0,1.141,0,0
1,1,0,1.331,0.134,0.836,-0.096,0.77273,0,1,0.0,0.95455,0.0,1.068,0.048,0.90909,-0.04545,1,0.0,1,0.0,1.133,0.09091,0.77273,0.09091,0.90909,0.04545,0.462,0.035,0.95455,0.09091,0.86364,-0.09091,0.86364,0.056
0,0,0.0,0,0,-1,0.858,1,1,-1,-1,0.0,0,-1,-1,-1,-0.181,-0.72,-1,0.739,-1,0.57,-1.393,0.0,0,0.729,-0.756,-1,-1,0.0,0.0,1,-1,0,0.0
1,1,0,0.91176,-0.086,0.97059,0.215,0.82353,0.08824,0.91176,-0.02941,0.97059,-0.105,1.235,0.172,0.72,0.02941,0.879,0,1,0,0.76471,0.079,0.894,0.02941,0.883,0.02941,0.675,0.016,0.94118,-0.113,0.97059,0.05882,0.555,0.05882
0,1,0,-1,1.298,-1.225,0.087,0.313,1.106,-0.899,1,-1,-1,1,1,-1,-0.23476,0.28301,-1,1,1.056,-0.428,-0.684,-1.255,-1.171,1.416,-1,-0.833,-0.03578,1,-1,-1.202,-0.32317,0.14939,1
1,1,0.0,0.47368,-0.108,0.83781,0.01756,0.83155,0.02615,0.68421,-0.05263,0.68421,0,0.79856,0.047,0.883,0.05756,0.84211,0.488,1,0.05263,0.721,0.039,0.70301,0.046,0.246,0.289,0.65419,0.087,0.766,-0.21053,0.60150,0.102,0.57418,0.13
0,1,0,-0.00641,-0.5,0,0,-0.01923,1,0.0,0.0,0.0,0,0.0,0,0.0,0,0.0,0,0.31410,1.12,-0.292,0.922,-0.239,-0.80769,0,0,-0.61538,-0.51282,0.0,0,0.0,0.0,0,0.0
1,1,0.0,1.07,0.385,1.228,0.54545,0.81818,0.63636,0.639,-0.086,1,0.0,0.81818,-0.233,0.63636,0.27273,1,-0.63636,1,-0.27273,0.90909,-0.45455,1.46,0.067,1.061,-0.09091,1.166,0.068,1,0.418,1,0.63636,0.72727,0.27273
0,0,0.0,-1,-1,1,-0.711,-1,1,0.0,0,1,-1.021,1,-1.476,0,0,0.0,0.0,0,0.0,-0.934,0.759,1.221,-1,-1.165,1,0.896,1,0,0,0.582,0.5,0,0
1,0.993,0.0,0.45455,0.108,0.63636,0.09091,0.206,0.232,0.63636,0,0.36364,-0.09091,0.45455,-0.09091,0.388,-0.01,0.357,-0.161,0.446,0,0.36364,-0.073,0.298,0.18182,0.36364,-0.09091,0.34442,-0.01768,0.27273,0.0,0.36364,0.0,0.28985,-0.01832
0,0.543,0.0,-0.589,-0.59677,0.0,0.0,-1,0.64516,-0.87097,1,0,0,0,0.0,0.0,0,0.0,0.0,0.0,0,-1,-1,0.0,0,0.29839,0.23387,1,0.51613,0,0,0.0,0,0.0,0.0
1,1.317,0,1,0.189,1,0.62,1,0.826,1,-0.14286,0.614,-0.083,1.363,0.034,1,0,0.333,-0.163,1,0.027,1.06,-0.28571,1,0.0,0.28571,-0.28571,1,0.04891,1.325,0.05182,1,0.57143,1,0
0,0.0,0.0,0.692,1,1,-1,1,1,0.777,1,1.114,1,0.942,-1,0.738,1.042,1,-0.555,1,-1,1,1,1,1,1,-1.337,1.183,0.872,1.149,1,1.045,1,1,1
1,1,0,0.87032,0.509,0.689,0.599,0.10380,0.95275,-0.455,0.87916,-0.73939,0.551,-0.92099,0.16731,-1.191,-0.24942,-0.59383,-0.63342,-0.24012,-0.82881,0.23,-0.78699,0.272,-0.57430,0.871,-0.328,0.69097,0.061,0.52798,0.447,0.307,0.56573,-0.06739,0.718
0,0,0,1,-0.586,1,1.127,1,-0.569,1,1.134,1,-1,1,-1.324,1.132,-0.569,0.727,1.464,1,1.467,0.548,1.143,0.855,-1,0.553,1,1,1,1,1,1,1,1,-1
1,1,0.0,0.92657,0.04174,0.947,0.15766,0.86098,0.19791,0.573,0.36526,0.80619,0.499,0.43,0.40552,0.916,0.48360,0.789,0.307,0.53392,0.262,0.48435,0.54212,0.42546,0.55684,0.46,0.55274,0.258,0.513,0.22307,0.589,0.1,0.49124,0.11573,0.46571
0,0,0.0,0.719,1.379,1,-1.026,1.417,-1,1,1,0,0.0,1,-1,0.0,0.0,0.0,0,0,0,-1,1,1,1.377,0.0,0,1,1.479,0.0,0.0,-1,-1,0,0
1,1.125,0,0.93537,0.13645,0.966,0.172,0.56,0.22,0.79039,0.491,0.72352,0.59942,0.65260,0.75000,0.50830,1.026,0.41629,1.14,0.25539,0.85952,0.13712,0.85615,0.002,0.88869,-0.07361,0.79780,-0.253,0.739,-0.33169,0.71454,-0.38532,0.53,-0.52,0.309
0,0.0,0.0,1,-1,-1,1,-1.107,1,1.166,1,1,0.922,-1.236,-1.258,-1,-1,1,1.333,1,-0.941,-1,-1.173,-0.51,-1,1.297,0,1,-1,1,-1,-1,1.237,-0.853,1
1,0.526,0.0,0.80627,0.1,0.528,0.24323,0.957,0.19038,0.36923,0.45577,0.568,0.46439,0.25000,0.311,0.25192,0.37115,0.15215,0.438,-0.089,0.57500,-0.03,0.42885,-0.08856,0.44424,-0.107,0.40006,-0.19940,0.34976,-0.23832,0.257,-0.302,0.285,-0.23846,0.31154
0,0,0,1,-1,1,1,1.46,-0.638,0.868,0.7,1,-1,1.479,0.58,0.855,-1,1,-1,1,1,1,1.355,1,-0.974,1,-1,1,-0.801,1,1.48,1.078,-1.043,1.188,1
1,1,0.0,1.112,0.13082,0.52,0.168,0.88783,0.32248,0.89009,0.188,0.85550,0.591,0.474,0.52284,0.69946,0.31,0.58548,0.739,0.48869,0.958,0.364,0.68159,0.261,0.75622,0.26832,0.76210,0.16813,0.78541,0.07497,1.065,-0.02962,0.77702,-0.152,0.74242
0,0,0.0,0,0,1.412,1,0,0,0.789,0.711,0.0,0,1.254,-1,0,0.0,0.0,0.0,0.0,0.0,0,0,0,0.0,0,0,1,-1,0.0,0,-0.764,1,0,0
1,1,0.0,0.92308,0.225,0.525,0.29757,0.72582,0.445,0.70588,0.315,0.727,0.732,0.43270,0.74676,0.31705,0.795,0.138,0.76818,0.04686,0.76171,-0.12064,0.76969,-0.18479,0.71327,-0.177,0.65708,-0.487,0.58553,-0.566,0.303,-0.53146,0.40732,-0.56231,0.214
0,0,0,0.0,0,1,1,1.041,0.982,0.0,0.0,0,0.0,-1.423,-0.664,0,0.0,-1,-0.862,0,0,0.0,0.0,1,1,0,0,1,1,0,0.0,-1,1,0,0.0
1,1.039,0,0.799,0.417,0.65926,0.69431,0.158,0.997,-0.076,0.90135,-0.39597,0.80441,-0.64574,0.769,-0.82960,0.26906,-0.78940,-0.08205,-0.62780,-0.30942,-0.502,-0.55605,-0.16449,-0.569,0.09562,-0.61055,0.262,-0.48392,0.275,-0.29838,0.47029,-0.051,0.303,0.121
0,0,0,1,-1,1.302,1,1,1,1,1,1,1.485,1,-1,0.554,1,1,1.361,1.299,-1.296,1.462,-0.597,0.737,-1.496,1,-1.079,1,0.81,0.778,-0.691,1,1,1,1
1,0.749,0,0.772,-0.38293,1.003,0.124,1.122,0.15266,0.55580,0.05252,1,0.21225,0.734,0.28954,0.68798,0.32925,0.49672,0.17287,0.785,-0.02,0.57399,0.42528,0.53120,0.599,0.94530,0.57549,0.229,0.329,0.086,1,0.293,0.296,0.30588,0.49831
0,0,0,0.0,0.0,0,0.0,0.0,0,0,0.0,0,0,0,0,0.0,0,0,0,0,0,0.0,0.0,0,0,0.0,0,1.094,1,0.0,0,0.0,0.0,0.0,0
1,1.019,0.0,0.94649,0.011,1.182,-0.001,0.98922,0.00372,0.95801,0.01598,1.206,0.049,0.97213,0.04719,0.98625,0.009,0.94277,0.07135,0.98551,-0.00706,0.97770,0.04980,0.627,0.044,1.234,0.08101,0.95243,0.052,0.97473,0.011,0.97845,0.07061,1,-0.002
0,0,0,1,1.44,-0.846,-1,-1,-1,0.0,0.0,0.0,0.0,-1.073,-0.725,0.0,0,0,0,0,0.0,-0.573,1,0.641,1,0,0,1,-1,0,0.0,-1,-1,-1.301,-1
1,1,0.0,0.50466,-0.16900,0.71442,0.009,0.71063,0.022,0.438,0.013,0.42,0.05594,0.69050,0.04393,0.743,0.05058,0.965,0.064,0.63403,-0.038,0.64503,0.06856,0.63077,0.07381,0.993,0.104,0.59935,0.08304,0.38228,0.047,0.56466,0.128,0.54632,0.09346
0,1.173,0,0.522,1,0.58,-0.76087,0.561,0.04348,0.76087,0.129,0.86789,0.73746,0.70067,0.223,0.75920,0.13712,0.892,-0.315,0.70736,0.18729,0.431,0.24582,0.60201,0.77425,1.079,-0.328,1.058,0.22216,0.939,0.53846,1,-0.072,0.56522,0.23913
1,1,0.0,0.83,-0.098,1,-0.29630,1,-0.85741,0.80000,0.06111,0.45556,-0.42778,1.045,-0.11,0.693,-0.83519,0.49259,0.01852,0.82222,-0.05926,1.43,-0.166,1,0.163,0.69630,-0.289,0.92148,-0.24549,0.519,0.01,1.134,-0.27105,1.267,-0.57037
0,1,0.0,0.538,0.15564,0.41245,0.082,0.26459,0.175,0.233,0.159,0.134,0.169,0.246,0.36965,0.08949,0.22957,-0.03891,0.36965,0.05058,0.24903,0.24903,0.09728,0.044,0.29961,-0.02494,0.28482,-0.06024,0.26256,-0.165,0.203,-0.09339,0.31128,-0.113,0.17
1,1,0,0.761,-0.03175,0.75198,-0.077,0.411,-0.01190,0.55,0.03373,0.61706,0.09921,0.59127,-0.022,0.676,0.01190,0.757,0.02579,0.746,0.015,0.47817,-0.02778,0.59127,0.05,0.5,0.029,0.566,-0.01237,0.595,-0.13492,0.985,-0.01389,0.62500,-0.03175
0,0.649,0,0.083,-0.15271,-0.055,0.05911,0.088,-0.02463,-0.01478,0.18719,0.06404,0.0,0.12315,-0.09852,0.05911,0,0.026,-0.023,-0.183,-0.20690,0.06897,0.01478,0.085,0.018,0.066,0.137,0.28079,-0.04926,-0.05911,-0.09360,0.04433,0.062,0.04,-0.10837
1,1,0.0,0.455,0.10850,0.70694,-0.055,0.70358,0.023,0.542,0.002,0.71029,0.133,0.71588,-0.002,0.79754,0.04,0.83669,-0.16555,0.68680,-0.09060,0.62528,-0.01342,0.826,0.096,0.71253,-0.09508,0.58,-0.019,0.63311,0.053,0.78859,-0.05145,0.65213,-0.04698
0,1,0.0,0.266,0.35949,0,0,-0.29620,-1.023,0.0,0.0,0.07595,-0.07342,0.0,0,0.0,0.0,0,0,0.0,0.0,0.01,0.68101,-0.20000,0.33671,-0.091,0.35696,0.05570,-1,0,0.0,0.06329,-1.085,0,0
1,1,0.0,0.88103,-0.00857,0.89818,-0.015,0.94105,-0.01822,0.702,-0.12755,0.82208,-0.10932,0.88853,0.012,1.007,-0.139,0.68,-0.042,0.90782,-0.027,1.101,-0.14577,0.82851,-0.12433,0.90139,-0.19507,0.77,-0.14903,0.928,-0.12862,0.88424,-0.225,0.91747,-0.118
0,0.63,0,0.42708,-0.437,0,0,0.0,0,0.33,0.51042,0.58958,0.016,0,0.0,0.0,0.0,0.16458,-0.45417,0.59167,-0.18333,0.0,0,0.0,0,1.341,-0.40833,-0.947,-1,-0.27917,-0.75625,0,0.0,0,0.0
1,1,0.0,0.88853,0.013,0.486,0.01,0.891,0.01359,0.89179,-0.10223,0.90103,-0.062,0.93040,-0.01033,0.93094,-0.099,0.86025,-0.033,0.574,-0.06,0.88418,-0.103,0.88907,-0.11909,1.155,-0.14138,0.86453,-0.11808,0.432,-0.13051,0.83524,-0.12452,0.86786,-0.07
0,1,0.0,0,0.0,1,0.15,0.715,-0.025,0,0,1,-0.42444,1,0.19556,1,-0.056,1,-0.81556,0.0,0,1,-0.051,1.287,-0.209,0.0,0,1.055,-1,0,0,0.762,0.104,0.90667,-0.09556
1,1,0.0,0.81143,0.03714,0.427,-0.002,0.979,0.008,0.79571,-0.04286,0.87571,0.0,0.85571,-0.06714,0.537,0.00286,0.589,-0.039,0.81000,-0.079,0.76857,-0.08429,0.84286,-0.05000,0.633,-0.06857,0.81598,-0.08669,0.82571,-0.101,0.81429,-0.05000,0.51,-0.14
0,1,0,0,0.0,0,0,0.0,0.0,0,0,0,0,-1,1,0.922,0.819,0.0,0.0,0,0,0,0,0,0.0,0.0,0,1.049,1,0.0,0,0.0,0.0,0,0.0
1,1,0,0.532,0.01818,0.43117,-0.108,0.50649,-0.021,0.475,0.09610,0.44675,0.05974,0.489,-0.11948,0.51688,-0.03636,0.775,-0.05974,0.55325,-0.01039,0.48571,-0.036,0.269,-0.01039,0.375,0.0,0.708,-0.03280,0.43117,0.022,0.54545,-0.067,0.304,-0.08571
0,0,0.0,0,0.0,0,0,0.0,0.0,0,0.0,0.0,0,0.0,0,0.0,0.0,0.0,0,0,0,0,0,0,0.0,0,0,0.878,-1,0.0,0,0,0,0,0.0
1,0.739,0.0,0.729,0.479,1,0.25000,0.318,1,0.16851,0.91180,-0.13336,0.466,-0.258,0.438,-0.43820,0.225,-0.318,0.16709,-0.36676,0.00678,-0.26477,-0.09025,-0.16178,-0.12964,-0.07782,-0.12744,-0.016,-0.143,0.01033,-0.049,0.022,-0.04142,0.02249,-0.02017
0,1,0,0.0,0,0,0,1,1,-0.599,-1.167,0.0,0.0,1,-0.098,0,0,0,0,-1,1.219,1,1.255,1,-1,0.0,0,1.013,-1,0.0,0.0,0.0,0,1.202,1
1,1.03,0,0.87048,0.218,0.64099,0.69212,0.31347,0.86625,-0.02,1.063,-0.597,0.79346,-0.745,0.51560,-0.81049,0.295,-0.994,-0.12539,-0.607,-0.38102,-0.424,-0.62861,-0.121,-0.70762,0.15552,-0.66421,0.41,-0.51568,0.783,-0.29897,0.56239,-0.061,0.51460,0.16645
0,0.562,0.0,0.0,0,0,0,0,0.0,-1,0.588,0,0.0,1.455,0.37333,-0.117,-0.12000,0,0,-1,-1,0,0,1,-0.828,0.0,0.0,1.128,0.22667,0,0.0,0.0,0,0,0
1,1,0,1.063,0.43491,0.381,0.77655,0.184,0.723,-0.304,0.833,-0.328,0.69,-0.86443,0.33652,-0.92384,-0.034,-0.77356,-0.44707,-0.46950,-0.73285,-0.087,-0.82217,0.229,-0.77570,0.386,-0.643,0.72147,-0.305,0.72478,0.09599,0.58137,0.38915,0.34749,0.57656
1,1.165,0.0,0.32834,0.013,0.109,0.21278,0.14919,0.792,-0.25706,0.92324,-0.10312,0.183,-0.61352,0.196,-0.879,-0.05409,-0.13117,-0.14329,-0.30315,-0.651,-0.133,-0.85597,0.02668,-0.22786,0.27942,-0.073,0.33737,-0.16,0.161,-0.121,0.15078,0.13296,0.12197,0.20468
1,1,0.0,0.83427,0.39121,0.408,0.441,0.12326,0.577,-0.339,0.673,-0.70086,0.59564,-0.85,0.21909,-0.84442,-0.24164,-0.59714,-0.61894,-0.19354,-0.87787,0.12439,-1.289,0.51109,-0.72454,0.786,-0.197,0.83008,0.123,0.66592,0.599,0.336,1.034,-0.03983,0.79444
1,1,0,0.62335,-0.03490,0.59085,0.004,0.304,-0.07461,0.63177,0.009,0.62455,-0.097,0.67028,0.07220,0.722,-0.08424,0.67509,0.102,0.67148,0,0.703,0.111,0.46,0.04,0.65945,0.14079,0.60463,0.02019,0.702,0.04452,0.811,-0.011,0.49,-0.09146
1,1,0.0,0.646,-0.02390,0.70772,0.024,0.957,0.16912,0.79228,0.07721,0.81434,0.368,0.63787,0.008,0.384,0.237,1.434,0.072,0.61029,0.059,0.917,0.04228,0.52022,-0.25000,0.72978,-0.15809,0.61727,0.07124,0.30882,0.051,0.553,0.07458,0.60294,0.21691
1,1,0,0.426,0.18923,0.78157,0.01780,0.821,0.015,0.753,-0.10308,0.602,0.092,0.73961,0.05060,0.72322,0.076,0.812,-0.093,0.61692,0.216,0.474,0.101,0.63878,0.08041,0.82,-0.07231,0.58803,0.08767,0.55077,0.25692,0.53389,0.09207,0.442,0.09322
1,1,0.0,0.68317,0.05375,0.84803,0.001,0.84341,0.00301,1.031,0.119,0.75813,0.036,0.775,0.007,0.426,0.004,0.80622,-0.172,0.77935,-0.03536,1.104,0.00909,0.74635,0.00978,0.79632,-0.04243,0.667,0.01096,0.62235,0.09,0.66624,0.012,0.64407,0.01227
1,1,0,0.5,0.0,0.38696,0.10435,0.49130,0.074,0.46957,-0.03913,0.35652,-0.12609,0.514,0.052,0.287,0.02609,0.35652,0.19565,0.245,0.216,0.42174,-0.019,0.234,-0.11304,0.605,-0.011,0.231,0.082,0.38696,0.03913,0.35217,0.195,0.44783,0.17391
1,1,0,0.454,0.09417,0.78129,0.20656,0.807,0.28068,0.792,0.41252,0.819,0.294,0.799,0.60814,0.646,0.58445,0.441,0.642,0.206,0.63548,0.09599,0.68104,0.02066,0.72236,-0.099,0.63183,-0.11925,0.89,-0.18226,0.56015,-0.25516,0.549,-0.27339,0.363
1,1,0,1.102,0.09802,1,0.371,0.98390,0.317,0.80365,0.53020,0.991,0.358,0.56937,0.71942,0.798,0.74079,0.29452,0.82193,0.106,1.098,0.09709,0.82162,-0.017,0.45,-0.15144,0.536,-0.22839,0.69187,-0.31713,0.60948,-0.29,0.374,-0.433,0.44534
1,0.654,0.0,1.232,0.13425,0.438,0.31543,0.78896,0.43388,0.388,0.59975,0.765,0.71016,0.269,0.716,0.24266,0.79523,0.09134,0.79598,-0.09159,0.76261,-0.20201,0.66926,-0.30263,0.62610,-0.384,0.50489,-0.474,0.562,-0.50314,0.236,-0.52823,0.173,-0.672,0.05972
1,1,0,0.94631,0.192,1.007,0.442,0.85096,0.49960,0.73678,0.63842,0.825,0.73838,0.548,0.474,0.155,0.90665,0.169,1.176,-0.00701,0.93109,-0.197,0.89383,-0.34,0.82492,-0.383,0.76482,-0.724,0.66335,-0.376,0.52564,-0.75321,0.42488,-0.81210,0.26092
1,1,0.0,0.91767,0.168,0.86090,0.414,0.72873,0.593,0.432,0.69865,0.50376,0.74922,0.36100,0.81795,0.15664,1.034,0.005,0.462,-0.16390,0.77853,-0.307,0.511,-0.43087,0.65385,-0.797,0.53886,-0.894,0.465,-0.64511,0.27338,-0.65710,0.13667,-0.337,0.05394
1,0.87,0,0.76627,0.21106,0.63935,0.38112,0.48409,0.52500,0.156,0.302,0.13753,0.455,-0.07727,0.44545,0.0,0.34,-0.27491,0.365,-0.56136,0.36818,-0.36591,0.239,-0.40533,0.055,-0.38483,-0.029,-0.33942,-0.12486,-0.41,-0.19714,-0.168,-0.211,-0.104,-0.27218
1,1,0.0,0.58940,-0.60927,0.545,0.55298,0.81126,0.07285,0.56623,0.16225,0.39,0.24172,0.266,0.12252,0.512,0.12,0.71854,0.42715,0.54305,0.13907,0.65232,0.378,0.68874,0.07285,0.767,0.26,0.528,0.27687,0.303,0.28574,0.576,0.29324,0.604,0.174
1,1,0,1.307,0.11385,0.575,-0.12144,0.81594,0.09677,0.71157,0.007,0.737,-0.07780,0.69070,0.12524,0.58634,0.03985,0.53131,-0.049,0.69450,0.16888,0.802,0.07211,0.238,0.05882,0.53321,0.286,0.349,0.122,0.224,0.32448,0.504,0.149,0.31,0.15180
1,1,0,0.84843,0.06794,0.80562,-0.015,0.77031,-0.041,0.66725,-0.037,0.59582,-0.112,0.67260,-0.05771,0.64260,-0.039,0.496,0.027,0.562,0.01,0.55970,-0.065,0.754,-0.08453,0.47038,-0.22822,0.48659,-0.114,0.52613,-0.08537,0.44277,-0.09621,0.565,-0.097
1,1.423,0.0,1.167,0.08013,0.96775,-0.00482,0.533,-0.00722,1.033,-0.024,1,0.01419,0.96186,-0.015,0.692,-0.019,0.586,0.01002,0.91152,-0.08848,1.149,-0.02,0.94636,-0.02591,0.98164,0.02003,0.93772,-0.03034,1,-0.05843,1.005,-0.042,0.92226,-0.03673
1,0.636,0.0,0.345,-0.12371,0.232,-0.12371,0.70103,-0.422,0.631,0.07216,0.26289,-0.21649,0.649,0.106,0.326,-0.11856,0.42268,0.062,0.5,-0.285,0.54639,0.18557,0.42268,0.08247,0.678,0.19588,0.454,-0.12447,0.152,-0.26289,0.47423,0.04124,0.45361,-0.51546
1,0.899,0,0.63510,-0.04388,0.76530,0.04,0.61432,0.36028,0.743,-0.00462,0.938,0.08314,0.79446,-0.564,0.72517,0.624,0.59584,0.102,0.66,0.21940,0.492,-0.152,0.70951,0.15359,0.706,0.23095,0.68775,0.17704,0.665,0.07621,0.586,0.19841,0.663,0.36721
1,1,0,0.50112,-0.03596,0.61124,0.01348,0.58876,0.01573,0.58876,0.032,0.66742,-0.006,0.753,-0.033,0.454,0.00899,0.57303,0.02,0.961,-0.044,0.56854,0.14157,0.57528,-0.03596,0.258,0.04944,0.391,0.011,0.47640,-0.054,0.54607,0.108,0.60674,-0.042
1,1,0.0,0.71521,-0.00647,0.66667,-0.053,0.473,-0.053,0.77994,0.099,0.67314,0.09709,0.921,0.212,0.60194,-0.021,0.54369,-0.038,0.46926,-0.10032,0.64725,0.223,0.211,0.21683,0.782,-0.05502,0.45105,0.0,0.31392,-0.06796,0.346,-0.10680,0.30421,-0.05178
1,1.187,0.0,0.444,0.10370,0.901,0.03457,0.836,0.089,0.412,-0.005,0.908,0.091,0.59753,0.04938,0.679,0.09630,0.78272,-0.17531,0.73827,-0.10864,0.496,0.00988,0.60988,0.08148,0.66667,-0.12840,0.63773,-0.024,0.76543,0.02222,0.61235,-0.095,0.51358,-0.04691
1,1,0.0,0.60678,-0.021,0.437,0.049,0.715,-0.025,0.50508,0.03729,0.354,-0.095,0.49,-0.02034,0.53220,0.07797,0.736,0.11864,0.56949,-0.033,0.53220,0.00678,0.71525,-0.03390,0.52881,-0.03390,0.57262,0.00750,0.363,-0.002,0.58983,-0.039,0.50169,0.06780
1,1,0,0.56,0.09709,0.29612,0.05825,0.34951,0,0.328,-0.02427,0.758,0.02427,0.33495,0.04854,0.52427,0.007,0.47087,-0.10680,0.43204,0.006,0.323,0.05825,0.118,0.311,0.31068,-0.106,0.517,0.03815,0.4,0.112,0.152,0,0.241,-0.01942
1,1,0.0,0.98822,0.02187,0.916,0.34100,0.827,0.35222,0.876,0.48906,0.449,0.629,0.336,0.519,0.43130,0.66237,0.242,0.835,0.28379,0.68873,0.07515,0.73696,0.06338,0.71284,-0.18,0.839,-0.134,0.60510,-0.16209,0.55805,-0.34717,0.44195,-0.367,0.37465
1,1,0.0,1.198,0.15810,0.90112,0.35237,0.545,0.642,0.599,0.64888,0.58827,0.73743,0.40349,0.83156,0.165,0.84804,0.032,1.136,-0.12193,0.79749,-0.282,0.80754,-0.37835,0.71676,-0.555,0.58324,-0.57587,0.46040,-0.61899,0.30796,-0.687,0.23,-0.404,0.022
1,1,0,0.99701,0.21677,0.47,0.47030,0.76902,0.908,0.639,0.683,0.36774,0.88291,0.101,0.578,-0.094,0.89274,-0.28269,0.426,-0.43707,0.686,-0.384,0.48120,-0.843,0.45,-0.818,0.15908,-0.66651,0.02277,-0.707,-0.13462,-0.54615,-0.22949,-0.47201,-0.35032
1,0.724,0,0.872,0.19959,0.96132,0.40803,0.80514,0.566,0.337,0.785,0.41836,0.555,0.138,0.502,0.05167,1.309,-0.24742,0.83939,-0.467,1.081,-0.50251,0.603,-0.65515,0.50428,-0.91,0.30912,-0.77097,0.15619,-0.75406,-0.04399,-0.75199,-0.193,-0.66932,-0.34367
1,1.069,0,1.343,0.28082,0.80486,0.283,0.773,0.73151,0.34961,0.80511,0.139,0.90403,-0.20015,0.89335,-0.39730,0.435,-0.393,0.62867,-0.76305,0.40368,-0.81262,0.18888,-1.163,-0.041,-0.75273,-0.333,-0.468,-0.46438,-0.46422,-0.801,-0.326,-0.722,-0.08937,-0.71273
1,1,0,0.89835,0.404,0.67333,0.526,0.43898,0.738,-0.03643,0.80510,-0.191,0.942,-0.25137,0.48816,-0.57377,0.28415,-0.66750,0.072,-0.47359,-0.06193,-1.098,-0.05,-0.216,-0.389,-0.095,-0.53620,0.07158,-0.51925,0.24321,-0.456,0.226,-0.349,0.42805,0.13297
1,1,0,0.29073,0.082,0.23308,0.17293,0.032,0.34336,0.12030,0.29,0.038,0.286,-0.04725,0.132,-0.046,0.063,-0.056,0.055,-0.05431,0.01408,-0.04166,-0.00280,-0.02876,-0.01176,-0.023,-0.01505,-0.009,-0.022,-0.00280,-0.01250,0.00096,-0.007,0.00290,-0.00647
1,1,0,0.58459,-0.484,1.363,0.35338,0.75376,-0.00564,0.82519,0.118,0.628,-0.27632,0.54,0.06391,0.69737,0.163,0.987,-0.298,0.76128,0.04511,0.522,0.20489,0.868,-0.40977,0.64850,-0.04699,0.393,-0.115,0.54,-0.13346,0.123,-0.12218,0.44767,-0.10309
1,1.48,0.0,0.83609,0.13215,0.72171,0.053,0.65829,0.084,0.23888,0.12961,0.507,0.20330,0.49418,0.12686,0.44747,0.093,0.29352,0.022,0.48158,0.173,0.376,0.14616,0.29495,0.178,0.26436,0.114,0.23641,0.14,0.26429,0.16137,0.18767,0.13632,0.145,0.172
1,1,0,1.046,0.11933,0.85738,0.012,0.466,0.015,0.76966,-0.00278,0.84459,0.10916,0.83289,0.019,0.82680,0.025,0.378,0.014,0.80019,0.024,0.599,0.04901,0.622,0.028,0.77336,0.02220,0.79058,0.06235,0.85939,0.089,0.77863,0.086,0.77269,0.07508
1,1,0,0.971,0.046,0.79946,0.235,0.647,0.29292,0.89455,-0.08337,0.88598,-0.013,1.053,-0.219,0.89410,0.19964,0.88644,-0.04642,0.48,-0.008,0.97882,-0.419,0.78954,-0.323,0.86661,-0.054,0.85967,-0.02908,1.176,-0.04101,0.75935,0.21812,0.88238,0.128
1,1,0.0,0.376,0.02549,0.883,0.09792,0.582,0.144,0.74313,-0.09188,0.557,0.02482,1.445,-0.00469,0.777,0.09,0.91482,0.055,0.749,0.02683,0.81221,-0.08048,1,0,0.71764,-0.015,0.82271,0.02552,0.595,-0.01073,0.643,0.11066,0.72837,0.02750
1,1,0.0,0.47337,0.19527,0.06213,-0.227,0.62316,0.01006,0.45562,-0.04438,0.56509,0.026,0.624,0.267,0.71598,-0.03846,0.55621,0.077,0.257,0.107,0.561,0.027,0.51183,-0.10651,0.47929,-0.02367,0.46514,0.03259,0.53550,0.151,0.227,-0.197,0.212,-0.00296
1,1.436,0,0.59887,0.14689,0.69868,-0.092,0.971,-0.154,0.547,0.036,0.569,0.026,0.427,-0.041,0.80791,-0.13748,0.51412,-0.195,0.81544,-0.14313,0.744,-0.00377,0.316,0.06215,0.56121,-0.33145,0.61444,-0.16837,0.52731,-0.02072,0.53861,-0.328,0.67420,-0.22034
1,1,0,0.84713,-0.03397,0.86412,-0.126,0.81953,0.0,0.645,-0.07643,1.065,-0.181,0.74947,-0.11677,0.77495,-0.18684,0.953,-0.139,0.653,-0.052,0.79193,-0.15711,0.89384,-0.019,0.84926,-0.26115,0.74115,-0.28,0.334,-0.22293,0.769,-0.496,0.65817,-0.24841
1,1,0,0.87772,-0.08152,0.83424,0.07337,0.483,0.05,0.77174,-0.029,0.77174,-0.07,0.593,-0.10598,0.67935,-0.003,0.88043,-0.284,0.83424,0.03261,0.867,-0.05978,0.97283,-0.246,1.185,-0.18750,0.61,-0.124,0.85870,-0.03261,0.546,-0.10870,0.678,-0.00543
1,1,0,0.454,-0.13241,0.53755,0.172,0.72727,0.09486,0.812,-0.066,0.66798,-0.299,0.87945,-0.129,0.73715,0.04150,0.63043,-0.00395,0.63636,-0.11858,0.471,-0.25296,0.491,-0.217,0.655,-0.128,0.61847,-0.12041,0.438,-0.20949,0.37549,0.053,0.585,-0.01383
1,1,0,0.46785,0.11308,0.58980,0.009,0.55432,0.06874,0.678,-0.123,0.52993,0.01330,0.802,-0.16186,0.67849,-0.03326,0.601,-0.15,0.363,-0.04656,0.47894,-0.202,0.50776,-0.13525,0.238,-0.20177,0.661,-0.095,0.59867,-0.02882,0.645,-0.138,0.507,-0.04435
1,1,0,1.175,0.27475,0.72125,0.42881,0.61559,0.673,0.38825,0.90502,0.101,0.96128,-0.20097,0.914,-0.333,0.755,-0.65114,0.905,-0.78768,0.45535,-0.81856,0.215,-0.83943,-0.08079,-1.076,-0.393,-0.67557,-0.485,-0.54732,-0.342,-0.30512,-0.339,-0.251,-0.75597
1,1,0,0.93147,0.29282,0.79917,0.384,0.384,0.421,0.325,0.92651,0.037,0.96748,-0.23237,0.95130,-0.55926,1.021,-0.73329,0.62385,-0.531,0.36200,-0.802,0.06040,-1.285,-0.19838,-0.83192,-0.46906,-0.65165,-0.652,-0.399,-0.71,-0.071,-0.93953,0.099,-0.94823
1,1,0,0.88241,0.196,0.73232,0.57816,0.296,0.58527,0.05717,1.15,-0.09238,0.978,-0.477,0.682,-0.69767,0.407,-0.81422,0.41195,-0.514,-0.009,-0.78973,-0.6,-0.651,-0.45478,-0.659,-0.67605,-0.31610,-0.81876,-0.036,-0.86841,0.25392,-0.739,0.00194,-0.81686
1,0.896,0,0.972,0.409,0.69256,0.47702,0.49234,0.68381,0.21991,0.81,-0.08096,0.85011,-0.255,0.793,-0.307,0.786,-0.70350,0.31291,-0.75821,0.03939,-0.875,-0.15317,-0.58315,-0.39168,-0.37199,-0.377,-0.245,-0.60863,0.08425,-0.467,0.269,-0.716,0.40591,-0.35339
1,1.274,0,0.748,0.325,0.76168,0.852,0.49305,0.65,0.21592,0.95193,-0.17,0.96167,-0.47202,0.83590,-0.456,0.65490,-0.491,0.36750,-0.91814,0.05595,-0.89824,-0.344,-0.73969,-0.54069,-0.50757,-0.74735,-0.22323,-0.86122,0.078,-0.771,0.393,-0.78057,0.449,-0.719
1,1,0,0.83367,0.31456,0.65541,0.646,0.34962,0.70677,0.207,0.428,-0.18976,0.79886,-0.607,0.557,-0.68421,0.281,-0.74725,0.19492,-0.939,-0.054,-0.62030,-0.28195,-0.536,-0.53463,-0.244,-0.66014,-0.013,-0.69706,0.22708,-0.514,0.43100,-0.258,0.742,-0.30075
1,1,0,0.973,-0.039,1.336,-0.029,1,-0.101,1.13,0.01456,0.95278,-0.023,0.98500,-0.099,0.99382,-0.07149,0.97396,-0.13,0.715,-0.12224,1.052,-0.05252,1.255,-0.08914,0.97352,-0.117,0.96653,-0.12912,0.93469,-0.116,0.97132,-0.15755,0.96778,-0.18800
1,1,0.0,0.94052,-0.021,0.652,0.012,0.94994,-0.01472,0.95878,-0.006,0.826,-0.03710,0.97173,-0.018,1.148,-0.034,0.899,-0.04064,0.95230,-0.04711,0.696,-0.02179,0.92815,-0.04417,0.92049,-0.026,0.92695,-0.05827,0.944,-0.07479,1.064,-0.07244,0.92049,-0.07420
1,1,0.0,0.97032,-0.14384,1.018,-0.00228,0.96575,-0.099,0.98630,0.219,0.995,0.002,0.93607,-0.08447,1.028,-0.003,1.091,-0.08676,0.97032,-0.251,1,0.131,0.92009,-0.05251,1.219,0.06849,0.496,-0.09252,0.97032,-0.19,0.85388,-0.08676,0.96575,-0.21918
1,1,0,0.52542,-0.025,0.94915,0.106,0.52542,-0.096,0.346,-0.009,0.744,-0.077,0.64407,0.28814,0.83051,-0.403,0.62,0.009,0.55932,0.03390,0.785,0.261,0.86441,0.05085,0.40678,0.15254,0.489,-0.00266,0.66102,-0.03390,0.83051,-0.224,0.76271,-0.10169
1,1,0,0.33333,-0.239,0.44444,0.21,0.219,0.16667,0.573,0.13889,0.343,-0.11111,0.54911,-0.08443,0.58333,0.33333,0.729,0.031,0.25000,-0.19444,0.277,-0.077,0.52778,-0.02778,0.38889,0.08333,0.29,-0.14256,0.242,-0.082,0.392,-0.167,0.08333,-0.5
1,1,0.0,0.51207,1,1,0.53810,1.053,0.817,0.45622,0.46427,0.33081,1,0.281,0.94,-0.169,0.719,-0.33081,0.98722,-0.885,1.377,-0.52674,0.509,-0.541,0.47894,-1,0.35175,-1,0.09569,-0.502,-0.16713,-1,-0.598,-0.796,-0.65557
1,1,0.0,0.681,0.49638,0.83550,0.54301,0.54916,0.72063,0.386,0.357,0.151,0.898,-0.09818,0.613,-0.37604,0.82223,-0.52742,0.71161,-0.68358,0.67989,-0.966,0.24956,-0.449,0.02995,-0.98988,-0.3,-0.477,-0.32792,-0.521,-0.19185,-0.35,-0.73,-0.19609,-0.62956
1,1,0.0,0.83789,0.42904,0.72113,0.58385,0.684,0.91,0.16470,0.779,-0.144,0.86947,-0.46177,0.78497,-0.735,0.611,-0.78470,0.135,-0.84014,0.034,-0.62041,-0.407,-0.47412,-0.48905,-0.37298,-0.67796,-0.064,-0.347,0.14690,-0.568,0.495,-0.39167,0.48319,-0.24313
1,0.87,0,0.493,0.419,0.539,0.65640,0.45571,0.88576,0.134,0.95776,-0.21775,0.522,-0.842,0.83397,-0.78751,0.58045,-0.845,0.26020,-0.628,-0.06418,-0.87028,-0.52,-0.6,-0.487,-0.36799,-0.84951,-0.04578,-0.91221,0.27330,-1.271,0.54827,-0.69613,0.74828,-0.501
1,1,0.0,0.79,0.296,1.051,0.436,0.316,0.94078,-0.11108,1.037,-0.31605,0.92453,-0.66616,0.78766,-0.961,0.323,-0.94315,0.083,-1,0.03191,-0.66431,-0.66278,-0.46010,-0.78174,-0.2,-0.88082,0.138,-0.718,0.48904,-0.70247,0.69886,-0.681,0.76066,-0.13194
1,1,0.0,1,0.16195,1,-0.05558,0.528,0.016,1,-0.081,0.822,-0.01511,0.839,-0.024,1.324,-0.06374,0.741,-0.07157,1,0.05900,1,-0.061,1.141,-0.02685,1,-0.22978,1.307,-0.06823,0.58,0.092,1,-0.14194,1,-0.07439
1,1,0.0,0.95559,-0.002,1.248,-0.187,1.27,-0.00461,0.654,-0.51171,0.92441,0.10368,0.575,-0.14247,0.99264,-0.02542,0.95853,-0.15518,0.84013,0.61739,1,-0.116,0.87492,-0.08495,0.85741,-0.01664,0.571,-0.014,1.217,-0.014,0.554,-0.013,0.78761,-0.02039
1,1,0,0.79378,0.29492,0.389,0.657,0.41319,0.769,0.115,0.83548,-0.16831,0.78772,-0.42911,0.907,-0.832,0.253,-0.75436,0.197,-0.846,-0.055,-0.57695,-0.23503,-0.40637,-0.38287,-0.105,-0.52540,0.01523,-0.48707,0.19030,-0.482,0.31008,-0.14,0.249,-0.08036
1,1,0.0,0.88085,0.382,0.377,0.65128,0.34816,0.79784,0.05832,0.90842,-0.29784,0.621,-0.54,0.69590,-1.098,0.39309,-0.85803,0.08408,-0.784,-0.24017,-0.64579,-0.425,-0.39766,-0.684,-0.11147,-0.449,0.199,-0.71504,0.40675,-0.57649,0.59,-0.361,0.62765,-0.161
1,1.077,0.0,0.645,0.39286,0.66129,0.71804,0.29521,0.90824,-0.04787,0.601,-0.303,0.84605,-0.77660,0.768,-0.92819,0.286,-0.92282,-0.15315,-0.76064,-0.48404,-0.489,-0.76197,-0.203,-0.763,0.21581,-0.85703,0.479,-0.68593,0.849,-0.221,0.83142,-0.038,0.76862,0.27926
1,1,0,1.299,-0.213,1,-0.20253,0.68,-0.15,1.148,0.01266,1,0.079,0.92405,0.066,0.84810,-0.021,0.63291,-0.396,0.87342,-0.009,0.93671,0.06329,1,0.25316,0.62025,-0.37975,1.237,-0.05540,1,-0.051,0.795,0.015,0.83544,-0.02532
1,1,0.0,0.74790,0.00840,0.695,0.01659,0.582,0.02469,0.86555,0.01681,0.617,0.041,1.03,0.05,0.77441,0.05407,0.921,0.242,1.122,0.029,0.71285,0.07122,0.68895,0.07577,0.811,0.08403,0.63728,0.08296,0.365,0.01681,0.302,0.08757,0.55330,0.08891
1,1.095,0.0,0.872,0.01809,0.92211,0.008,1.373,0.02180,0.92765,0.088,0.956,0.085,0.91161,0.04320,0.697,0.05018,0.87339,0.02842,1.041,0,0.755,0.07047,0.88430,0.07697,0.83721,0.131,0.86923,0.134,0.87597,0.103,0.85198,0.10134,0.84258,0.10698
1,1,0,1,-0.014,1,-0.00343,1,-0.01565,1.352,-0.01565,1,-0.02809,1,-0.03,1.321,-0.04,0.99528,-0.03238,1.199,-0.052,1,-0.03,1,-0.034,0.651,-0.04931,0.99842,-0.056,0.964,-0.06304,0.498,-0.077,0.98971,-0.06668
1,1,0.0,1.165,-0.046,0.87525,0.036,0.89505,0.01386,0.92871,0.02772,0.662,-0.006,0.94059,-0.01584,0.91881,0.039,0.93663,0,0.94257,0.01386,0.90495,0.00792,0.88713,-0.01782,0.755,0.026,0.551,0.01611,0.88119,0.001,0.889,0.057,0.86733,0.022
1,1,0.0,0.90071,0.012,1,-0.01773,0.521,0.00709,0.526,0.05674,1.182,0.039,0.97872,0.01064,0.96,0.03546,1,-0.018,0.577,-0.03191,0.975,0.07801,0.61,0.09220,0.90071,0.04610,0.94305,0.032,0.94681,0.02482,1,0.015,0.759,0.02128
1,1,0,0.39394,-0.294,0.735,0.01270,0.345,0.09091,0.63636,0.12,0.129,-0.21212,0.363,0.101,0.27,0,0.56156,0.04561,0.62,0.03030,0.78788,0.18182,0.332,-0.15152,0.419,0.057,0.46362,0.06142,0.33333,-0.036,0.41856,0.06410,0.425,0.24242
1,1,0.0,0.57,0.35950,0.63,0.886,0.37201,0.83049,0.08646,0.85893,-0.24118,0.597,-0.51763,0.67577,-0.68714,0.41524,-0.77019,0.09898,-0.69397,-0.13652,-0.538,-0.42207,-0.422,-0.427,-0.02844,-0.59954,0.15360,-0.65,0.409,-0.404,0.385,-0.247,0.428,0.01820
1,1,0,0.896,0.37917,0.378,1.011,0.35916,0.88696,-0.05,1.019,-0.38875,0.84414,-0.922,0.62078,-0.82680,0.337,-0.86150,-0.037,-0.435,-0.34275,-0.265,-0.62443,-0.235,-0.73855,0.046,-0.73856,0.33531,-0.693,0.52414,-0.25,0.61217,-0.17343,0.60073,0.08660
1,1,0.0,1.203,0.41113,0.808,0.74761,0.29921,1.34,-0.13342,0.97820,-0.483,0.83263,-0.79657,0.728,-0.96631,0.15192,-0.93001,-0.246,-0.687,-0.59379,-0.41546,-0.85205,-0.015,-0.679,0.392,-0.79,0.67538,-0.886,0.85977,-0.28123,0.88654,0.105,0.75495,0.46301
1,1,0.0,1,1,0.36700,0.06158,0.12993,1.209,-0.27586,0.501,-0.31527,0.316,-0.87192,0.36946,-0.92857,-0.093,-0.206,-0.34236,-0.302,-0.646,-0.05419,-0.579,0.25616,-0.20443,0.73792,-0.45950,0.85471,-0.058,1.236,1,0.38670,0.004,0.254,1.029
1,0.607,0,1,0.51515,0.309,0.33333,0.081,0.36364,-0.262,0.73062,-0.45455,0.48485,-0.662,0.0,-0.57576,-0.178,-0.264,-0.48485,-0.067,-0.84848,0.403,-0.72,0.47,-0.42424,1.355,-0.39394,0.72961,0.12331,1.125,0.57576,0.24242,0.36364,0.09091,0.33333
1,1,0,0.88110,0,0.729,-0.037,0.93598,-0.01220,1.217,0.015,0.923,0.01829,0.93902,0.01,0.806,0.00305,1,0.02,0.94207,-0.017,0.90854,0.025,0.91463,0.056,0.99695,0.04878,0.89666,0.02226,0.90854,0.012,1,0.05488,0.856,-0.01
1,1,0,0.82624,0.08,0.617,-0.08156,0.90426,-0.021,1.128,0.011,1.093,0.08865,0.94681,-0.004,0.94326,0,0.93262,0.176,0.95035,-0.00709,1.006,0.00709,0.80496,0.07092,0.91135,0.15957,1.121,0.089,0.537,0.06738,0.92553,0.201,0.92553,0.0
1,1,0,0.74468,0.10638,0.88706,0.006,0.88542,0.01471,0.87234,-0.01418,0.73050,0.123,0.603,0.02912,0.999,0.041,0.712,0.07801,0.95035,0.04255,0.85597,0.064,0.84931,0.05178,1.291,0.11348,0.457,0.06014,0.753,-0.027,0.715,0.054,1.054,0.07173
1,1,0,0.87578,0.024,1.0,0.00343,0.89210,0.00510,0.833,0,0.95031,0.061,0.87021,0.00994,0.491,0.006,0.83851,-0.06211,0.635,0.028,0.445,0.01603,0.618,0.017,0.79503,-0.04348,0.82111,0.014,0.697,0.08696,0.80757,0.02308,0.80088,0.016
1,1,0,1.091,0.01,0.98579,0.01954,0.767,0.01954,0.99290,0.01599,0.95737,0.021,0.97158,0.03552,0.762,0.046,0.97869,0.022,0.583,0.05684,1.451,0.04796,0.94494,0.05506,1.266,0.03552,0.97540,0.057,1.0,0.08171,0.99112,0.08,0.98934,0.116
1,1,0,1,0.01105,1,0.016,0.822,0.029,0.99448,-0.01436,0.707,-0.00221,0.654,0.019,0.711,0.00884,1.038,0.004,0.97901,0.01657,0.98011,0.01,0.98122,0.019,0.97127,-0.00663,0.98033,0.01600,0.97901,0.009,0.612,0.02099,0.98674,0.034
1,0.946,0,1,-0.01342,1,0.01,0.969,-0.00224,1.102,0.066,0.97763,0.066,0.95973,0.02908,0.612,0.06488,1.381,0.03356,1,0.03579,0.92,0.128,0.95749,0.044,1,0.107,0.99989,0.08763,0.99105,0.08501,1,0.10067,0.675,0.145
1,1,0,1.176,0.36724,0.67123,0.61,0.315,1.27,0.028,0.93182,-0.35148,0.83713,-0.304,0.58842,-0.746,0.38778,-0.83285,-0.007,-0.69318,-0.32963,-0.333,-0.53924,-0.18,-0.831,0.007,-0.359,0.26028,-0.60678,0.44569,-0.43383,0.574,-0.21542,0.56286,0.02823
1,1,0.0,0.95,0.238,0.845,0.75725,0.30440,0.95148,-0.245,0.96534,-0.487,0.81191,-1.211,0.50949,-0.96986,0.10345,-0.976,-0.31412,-0.459,-0.65461,-0.32354,-0.88999,0.032,-1.392,0.44483,-0.82154,0.902,-0.725,0.89415,-0.161,0.87893,0.20359,0.70555,0.54852
1,1,0,0.195,0.11042,0.115,0.294,0.102,0.74485,-0.25131,0.91993,-0.16503,0.204,-0.63714,0.184,-0.953,-0.005,-0.23227,-0.15,-0.30522,-0.34,-0.183,-0.89991,0.054,-0.28916,0.28307,-0.18560,0.537,-0.11498,0.381,0.05614,0.21443,0.20540,0.13376,0.26422
1,1,0,0.65845,0.43617,0.44681,0.774,0.039,0.85106,-0.307,0.958,-0.68253,0.658,-0.504,0.07111,-0.82811,-0.193,-0.413,-0.71725,-0.04759,-0.86002,0.23292,-0.76316,0.56663,-0.575,0.753,-0.113,0.74758,0.289,0.376,0.806,0.20549,0.76764,-0.18533,0.74356
1,1,0,0.238,0.05725,0.044,0.25191,-0.061,0.572,-0.18321,-0.18321,-0.214,0.06107,-0.311,0.101,-0.197,-0.396,-0.10305,-0.39695,0.18702,-0.17557,0.34012,-0.111,0.28626,-0.16031,0.21645,0.24692,0.042,0.28,-0.03817,0.26336,-0.16794,0.238,-0.30153,-0.501
1,0.808,0.0,0.576,0.001,1,0.0,0.98982,-0.001,1.378,0.02394,0.97700,0.02130,0.97888,0.03073,0.99170,0.02,0.962,0.033,0.93552,0.05279,0.971,0.05524,1,0.06241,0.529,0.08107,0.96709,0.07255,0.95701,0.1,0.98190,0.08126,0.97247,0.084
1,1,0.0,0.629,-0.07572,0.80462,0.00231,0.87514,-0.017,0.86821,-0.086,0.878,-0.11734,0.793,0.05029,0.83121,-0.07399,0.74798,0.046,0.78324,0.06358,0.719,-0.03,0.71,-0.038,0.74451,-0.021,0.743,-0.02731,0.389,-0.07630,0.70058,-0.04220,0.78439,0.01214
1,1,0,0.335,-0.201,0.69387,-0.02423,0.795,-0.027,0.55717,-0.036,0.523,-0.10467,0.397,-0.06527,0.59361,-0.07289,0.42271,-0.324,0.58213,0.04992,0.532,-0.101,0.331,-0.08989,0.45008,-0.007,0.415,-0.09038,0.35588,-0.10306,0.166,-0.08637,0.28943,-0.08300
1,1,0,0.76046,0.01092,0.86335,0.002,0.85821,0.00384,0.79988,0.031,0.81504,0.12068,0.83096,0.007,0.659,0.01,0.82777,-0.054,0.76531,0.03881,0.786,0.016,0.567,0.01232,0.721,-0.002,1.026,0.02,0.66161,0.00849,0.66298,0.01484,0.454,0.01525
1,1,0.0,0.59,-0.019,0.97404,0.034,0.591,0.547,0.75683,-0.00273,0.65164,-0.129,0.512,-0.48907,0.39208,0.58743,0.76776,0.365,0.77,0.11339,0.47541,-0.44945,1,0.00683,0.60656,0.06967,0.68656,0.17088,1.15,0.07787,0.606,0.24590,0.181,0.27
1,0.589,0,0.83508,0.08298,0.73739,-0.128,1.008,-0.03,0.986,-0.04622,0.884,0.13130,0.597,0.058,0.79307,-0.08929,1.121,-0.02101,1.385,0.09,0.87605,0.01155,0.77521,0.06618,0.95378,-0.035,1.168,0.00123,1,0.12815,1.262,-0.10714,0.90546,-0.04307
1,1,0,0.95113,0.00419,0.95183,-0.016,1.08,-0.01920,0.94590,0.01606,0.96510,0.044,0.94171,0.053,0.94625,-0.018,0.97173,0.00140,0.94834,0.06038,0.982,0.08412,0.93124,0.134,0.94520,0.012,0.93522,0.034,1.071,0.093,1.239,-0.0,0.91483,0.037
1,1,0.0,0.94701,-0.0,0.93207,-0.03227,0.95177,-0.03431,0.95584,0.014,1.049,0.018,0.92595,0.04688,1.181,-0.02,1.16,0.02004,0.93784,0.01393,1.094,0.07677,0.932,0.06148,0.819,0.024,0.92489,0.02,0.92120,0.02242,0.92459,0.002,0.92697,-0.00577
1,1,0,0.90608,-0.021,0.98122,-0.01989,0.95691,-0.03646,0.85746,0.00110,0.89724,-0.037,1.287,-0.01436,0.90608,-0.033,0.91381,-0.01,0.469,-0.12928,0.88729,0.016,0.67,-0.03,0.91050,-0.02099,0.89147,-0.07760,0.9,-0.098,0.909,-0.043,0.483,-0.16243
1,1,0.0,0.84710,0.144,0.73638,-0.06151,0.87873,0.093,0.761,-0.09139,0.448,0.06678,0.80668,-0.005,0.79262,-0.014,1.065,-0.04569,0.87170,-0.03515,0.934,-0.052,0.71002,0.04394,0.86467,-0.208,0.81147,-0.028,0.78207,-0.00703,1.111,-0.06678,1.125,-0.06151
