1,1,0.0,0.964,-0.05889,0.85243,0.02306,0.843,-0.224,1.442,0.03760,1.127,-0.17755,0.59755,-0.44945,0.60536,-0.366,0.84356,-0.38542,0.58212,-0.162,0.56971,-0.29674,0.36946,-0.47357,0.396,-0.51171,0.41078,-0.26,0.151,-0.322,0.625,-0.373,0.18641,-0.499
0,1,0,1,-0.18829,0.93035,-0.26,-0.154,-0.93597,0.94,-0.04549,0.311,-0.67743,0.474,-0.629,-0.26,-1.343,0.052,-0.62237,0.225,-1,-0.13151,-0.465,-0.18056,-0.35734,-0.20332,-0.26569,-0.282,-0.159,-0.23,-0.11593,-0.16626,-0.06288,-0.13738,-0.016
1,1.041,0.0,1.097,-0.03365,1,0.005,1.236,-0.12062,0.917,0.01198,0.688,0.05346,0.85443,0.005,0.302,0.00299,0.689,-0.13644,0.75535,-0.08540,0.945,-0.14,0.48,-0.103,0.57528,-0.40220,0.742,-0.22145,0.43100,-0.17365,0.60436,-0.24180,0.56045,-0.38238
0,1,0,1,-0.45161,1,1,0.71216,-1,0,0.0,0,0.0,0.0,0.0,-1,0.173,0.54094,-0.39330,-1.173,-0.54467,-0.501,1,0.0,0.0,0.908,0.609,0.602,1,1,-0.20099,0.385,1.297,-0.176,1
1,1,0.0,1,-0.033,0.94140,0.06531,0.92106,-0.23255,0.77152,-0.16399,0.52798,-0.20275,0.56409,-0.00712,0.299,-0.239,0.783,-0.21780,0.672,-0.15,0.042,-0.35575,0.024,-0.459,0.048,-0.702,0.13290,-0.406,0.02431,-0.62197,-0.05707,-0.59573,-0.039,-0.526
0,1,0,0.02337,-0.00592,-0.09924,-0.11949,-0.00763,-0.069,0.14706,0.06637,0.024,-0.06302,0,0,-0.024,-0.151,-0.003,-0.10196,-0.11575,-0.04,0.01838,0.05,0.02,0.00888,0.03513,-0.01535,-0.038,0.136,-0.051,0.00732,0.0,0.0,-0.0,0.159
1,1.337,0,1.41,-0.10602,0.94601,-0.206,1.37,-0.28350,1.129,-0.186,0.79766,-0.529,0.598,-0.50764,0.74628,-0.339,0.371,-0.68086,0.37852,-0.73641,0.286,-0.76562,0.31898,-0.79753,0.22792,-0.81634,0.079,-0.82510,0.04606,-1.163,-0.034,-0.81318,-0.098,-0.80975
0,0,0,0,0.0,0.0,0,1,-1,0,0,-1.255,-1,0.0,0.0,0.0,0.0,0.553,1,-0.607,-1.209,0,0,0,0.0,1,0.605,1,1,0,0.0,0.605,1,0,0.0
1,1,0,0.96355,-0.075,1.209,-0.103,0.552,-0.21313,1,-0.215,0.92570,-0.436,0.94510,-0.40668,0.90392,-0.394,1.024,-0.346,0.915,-0.94,0.75346,-0.707,0.69637,-0.64225,0.817,-0.65440,0.57577,-0.69712,0.219,-0.424,0.45114,-0.72779,0.38895,-0.73420
0,1,0,-0.01864,-0.111,0.0,0.0,0,0.0,0.11470,-0.26810,-0.45663,-0.433,0.0,0,-0.33656,0.246,-0.334,0.204,0.612,0.12,0,0,0,0,-0.131,-0.01326,0.178,-0.02294,0,0,0.16595,0.263,-0.088,0.38065
1,0.81,0.0,1.299,0.06655,0.778,-0.127,1,-0.27320,1,-0.43107,1,-0.563,0.96232,-0.382,0.90711,-0.59017,0.89230,-0.66474,0.905,-0.70997,0.92,-1.133,0.944,-0.80544,0.55867,-0.961,0.47211,-0.86500,0.40303,-0.83675,0.172,-1.302,0.137,-0.89158
0,1,0,0.595,-0.374,1.026,-1.336,1,-1,1,0.36217,0.848,-0.41119,1,1.02,0.682,-0.519,1,-0.29354,0.704,-1.171,1.423,1,0.834,1.221,1,-0.40888,1,-0.757,1,-0.749,1,-1,1,-1
1,1,0,1,-0.177,1,-0.10169,0.99999,-0.227,1,-0.225,0.94055,-0.35151,0.516,-0.29785,1.022,-0.34412,1.035,-0.28106,0.90137,-0.574,0.581,-0.47308,0.82987,-0.56,0.84080,-0.47137,0.586,-0.595,0.65723,-0.667,0.68714,-0.963,0.744,-1.005
0,1,0.0,1,-0.86701,1,0.269,0.85492,-0.39896,0.651,-0.12090,1.282,0.255,0.786,0.112,1,-0.2,0.559,-1.215,1,-0.651,0.734,0.15803,1,0.313,1,-0.144,1,0.35924,1.377,-0.66494,1,0.88428,1,-0.18826
1,1,0.0,1,0.087,1,0.03420,1,-0.064,0.923,0.08764,1,0.19651,1.073,0.20328,1,0.12785,1.413,0.10561,1.301,0.328,0.641,0.44758,0.573,0.269,1,0.20033,1,0.502,0.95603,0.551,1,0.228,0.621,0.46712
0,1,0.0,0.50932,-1.102,0.578,0.26708,-0.03,-0.609,1,-1,0.43685,-1,0,0.0,-1.439,-0.278,-0.447,0.044,1,-1.097,0.0,0.0,0,0,-0.123,0.92236,0.39752,0.321,0,0,1,0.23188,0,0
1,0.954,0.0,0.99645,0.06468,0.664,-0.01236,1.268,0.02498,1.037,0.025,0.653,0.07808,0.89323,0.10346,0.94212,0.05269,0.88809,0.11120,1.144,0.08631,0.81633,0.087,0.83668,0.181,0.513,0.092,1.051,0.167,0.79110,0.15379,0.77122,0.15930,0.592,0.12015
0,0.0,0.0,0,0,-1,-1,1.09,1.0,-1,1,-1,1,0.511,-1,1,1,-1.456,-1.199,-0.693,1,1,-0.591,-0.689,0.561,-1.266,1.113,0.875,-1,-1,1,-1,-1,1.003,-1
1,1,0,0.62,0.024,0.66626,0.07,0.34,0.18761,0.096,0.34081,0.787,0.12131,0.45,0.14285,0.78637,0.122,0.58373,0.18151,0.14395,0.441,0.53888,0.158,0.554,0.22625,0.698,0.23724,0.46167,0.228,0.43433,0.335,0.40663,0.25792,0.667,0.33036
0,0,0.0,1.304,-1,0,0,0,0.0,1,1.236,0.957,-1.438,-0.877,1,0,0,-1.019,0.529,1.289,1,-0.931,0.536,1.002,0.56250,-1,1.328,1,1.429,1,-1,1,1,1,1
1,1,0,0.965,-0.00612,1,-0.09834,1,-0.07649,0.658,-0.10605,0.941,-0.11073,1,-0.34,1,-0.15616,1.331,-0.31884,0.86473,-0.34534,1.083,-0.44072,0.746,-0.46866,1.074,-0.40372,0.934,-0.494,0.528,-0.464,0.80448,-0.42,0.552,-0.234
0,0,0,1,0.947,0.0,0.0,0,0,-1,-1,0.0,0,0.0,0,-1.187,-0.567,-0.989,-1,-0.6,1,-1,0.721,0.0,0,0.0,0,0.664,-0.967,-1,1.108,-1,1,-1,1
1,1,0,0.868,0.07088,1,0.028,1,0.09313,0.90169,-0.073,0.89263,0.038,0.744,-0.06142,0.87534,0.09831,0.518,0.002,0.75206,-0.05295,0.65961,-0.059,0.782,-0.047,0.545,-0.07705,0.67,-0.02205,0.49664,-0.01251,0.476,-0.0,0.363,-0.00182
0,0.0,0.0,-0.77,1,0.0,0,0,0,-1,1.042,1.301,1,0.0,0.0,0,0.0,0.973,-1,-1,1,1,0.698,0,0,-0.708,-1,1,-0.64,1.232,1,-1,1.446,0,0
1,1,0.0,1.396,-0.049,1.335,0.015,1,-0.077,0.949,-0.01707,1,-0.11726,0.555,-0.075,0.499,-0.06598,0.69170,-0.07379,0.65731,-0.116,0.94910,-0.31558,0.883,-0.227,0.84932,-0.34838,0.72529,-0.21,0.73094,-0.38576,0.54356,-0.26284,0.575,-0.39487
0,1,0.0,1,0.57820,1,-1,1,-0.517,1,-1,1.441,-0.824,0.597,-1,1,-1,1.042,-0.516,0.763,-1,1,-0.881,1.206,-1,1,-1.163,1.492,-1,1.208,-1,1,-1.018,0.893,-1
1,1,0.0,1,-0.113,0.881,-0.248,0.881,-0.81779,0.94817,0.75,0.95473,-0.41382,0.88486,-0.456,0.578,-0.23433,0.81051,-0.648,0.175,-1,1.178,0.11053,0.62357,-0.78547,0.55389,-0.82868,0.48136,-0.895,0.581,-0.89674,0.425,-0.626,-0.13341,-1
0,0,0.0,-1,-1,0.0,0.0,-1,1,0.989,-0.498,0,0,0,0,0.0,0,1,-1.342,-0.656,-1,1.17,-1,0.0,0.0,1,-0.764,-1.181,1,-0.721,-1.182,0,0,-1,1
1,1.308,0.0,1,0.08380,1,0.186,1,-0.13308,0.534,0.64520,0.539,0.47904,1,0.59113,0.988,0.709,1,0.82777,1,0.95099,1,1,0.697,1,1.097,1.148,0.84,0.719,0.996,1,0.64358,0.637,0.745,1
0,0,0,-1,-1,0.865,1,1.195,-1,-1,1,1,-1,-1,-1.177,0.0,0.0,0.987,0.926,-1,-1.419,0.71,-0.592,0.61,-1,1,1,1,-1,1,-0.799,-1,1.185,1.398,-1.263
1,1,0.0,0.844,-0.14236,1,-0.112,0.733,-0.23656,0.773,-0.07514,1.319,-0.25010,1.226,-0.26161,1,-0.21975,1,-0.38606,1,-0.232,1,-0.262,0.889,-0.59661,1,-0.475,0.98820,-0.549,0.718,-0.721,0.76,-0.75761,1,-0.84437
0,1.161,0.0,1,-1,1,1,1,-1.434,1,-1,0.517,-1,1,-0.02,1,-1,0.504,1,1.45,-0.85583,0.694,1.45,1.356,-1,0.0,0,1,1,0.912,-1.015,1.349,0.918,1,1
1,0.781,0.0,0.88208,-0.14639,0.526,-0.11057,0.92100,-0.186,0.88307,-0.17036,0.88462,-0.31809,0.85269,-0.31463,0.502,-0.299,0.80681,-0.376,0.626,-0.341,0.586,-0.508,0.66150,-0.544,0.452,-0.48086,0.56804,-0.526,0.50179,-0.59854,0.394,-0.57377,0.42189,-0.58086
0,1,0.0,0.71253,-0.015,0.582,-0.23067,0.98019,-0.09473,0.94,-0.071,1,-0.10951,0.58965,0.789,0.83726,-1.105,0.426,-0.17863,0.80760,-0.28257,-0.25914,0.73,0.51933,0.028,0.464,-0.253,0.93124,-0.411,0.63811,-0.185,0.86136,-0.87354,-0.227,-1
1,1.488,0,1.293,-0.15899,0.444,0.27686,1.141,-0.34,1,-0.386,1,-0.49863,0.79962,-0.12527,0.86,0.156,1,0.39337,1,0.399,1.234,-0.01,0.92599,-0.91338,1.036,0.097,0.549,-0.107,1,-0.11129,1,0.53372,1,-0.57758
0,0.693,0.0,0.66161,-1,1,1,0.842,-0.67321,0.712,-0.29,1,-1,1.411,-1.333,1,0.73393,0.132,0.895,1,0.78036,1,1.008,1,-1,0.772,1.083,1.128,-0.08571,1.43,-0.472,1,0.65268,1,0.34732
1,1,0.0,1,0.006,1,-0.015,0.762,-0.035,1,-0.07014,1.164,-0.056,0.597,-0.06544,0.97261,-0.07917,0.92561,-0.13665,0.94184,-0.214,1.483,-0.14248,0.94815,-0.13565,0.719,-0.228,0.89067,-0.17909,1.27,-0.154,1.219,-0.20101,0.83867,-0.20766
0,0,0.0,1,0.547,1.269,-1,0.0,0,0.0,0,-1,-1,0,0,0,0,-1.149,0.831,1,1.079,-1.499,1,-0.923,1,0.973,-1,1.325,1,-0.888,0.842,1,0.564,0,0
1,1,0,0.91241,0.032,0.94191,0.016,0.689,0.05345,0.93582,0.01321,0.91911,0.061,1.034,0.083,1.339,0.062,0.88899,0.165,0.83744,0.14439,0.80983,0.11849,0.77041,0.119,0.75755,0.11299,0.73550,0.103,0.563,0.158,0.70925,0.111,0.65258,0.129
0,1,0,1,0.02461,0.91,0.028,0.97545,0.07143,0.681,-1,0.91036,0.11147,0.88462,0.584,0.82077,0.14137,0.695,0.164,1,0.215,0.749,0.16371,0.579,0.243,0.54446,0.167,0.48867,0.16019,0.487,0.167,0.562,0.14677,1.325,1
1,1,0,1,0.06,1,0.242,1.004,0.151,0.93051,0.282,0.992,0.39039,0.75474,0.50082,0.568,0.332,0.65954,0.424,0.532,0.62999,0.605,0.978,0.397,0.68840,0.34384,0.72082,0.27712,0.72386,0.19296,0.784,0.15,0.72688,0.06990,0.71444
0,0.863,0,-1.095,-1,0.939,1,1.414,-0.183,0,0.0,-1,1,1,1,0.17917,-0.532,-1.254,-1,0.105,-1.289,1,-1,-1,0.628,-1.208,-1,1,-1,-0.575,-1,0.765,1,0.0,0
1,1.219,0,0.813,0.08791,0.86528,0.228,0.942,0.16,0.55187,0.68154,0.737,0.36719,0.207,0.42739,0.57620,0.46086,0.51067,0.49618,0.31639,0.144,0.37824,0.54462,0.31274,0.745,0.24856,0.45,0.095,0.56605,0.171,0.56101,0.05,0.405,0.169,0.67739
0,1,0,-0.523,-1,0.703,0.886,1.225,-1.418,1,-0.23393,1,0.96161,1,-0.37679,1.441,-1,1.456,0.13839,1.194,-1.425,1,-0.029,-0.84286,1,0.722,0.872,1.201,1,1.133,-1,1,-1,0.752,-1
1,1,0,1.193,-0.05785,0.99793,-0.13009,0.98663,-0.19430,0.99374,-0.25843,0.92738,-0.30130,0.92651,-0.401,1.132,-0.507,0.513,-0.517,0.87433,-0.431,0.672,-0.42,0.74725,-0.64615,0.68282,-0.68479,0.559,-0.665,0.61010,-0.797,0.54752,-0.704,0.608,-0.951
0,0,0.0,0,0,0,0,0,0.0,1,0.85,1.443,1.498,0.0,0,0,0.0,-0.233,-0.834,-1,-0.579,0,0.0,0.0,0,-1,-1,-0.9,-1,-1,1,1,0.0,0.0,0
1,1,0,1,-0.034,1,-0.07383,0.99601,-0.069,0.99838,-0.09931,1.396,-0.13814,0.96674,-0.165,1.205,-0.286,0.91236,-0.34400,0.583,-0.243,0.552,-0.34691,0.87874,-0.37643,0.969,-0.307,0.83172,-0.241,0.679,-0.42593,0.611,-0.47977,0.75115,-0.349
0,1,0,0.94598,-0.02685,-1.196,0.26131,-0.36393,0.35639,0.69258,-0.533,1,-0.028,-0.354,-0.00550,-0.638,0.156,0.91921,-0.34,1,-0.446,-0.29735,-0.31454,-0.73864,0.37361,0.842,-0.46734,0.52208,-0.467,1.323,-0.597,-0.124,0.20477,-0.075,0.568
1,1,0,0.913,0.00874,0.98103,-0.03818,0.97565,-0.081,0.997,-0.06971,0.99004,-0.051,1.13,-0.165,0.93369,-0.161,0.545,-0.11583,0.79682,-0.283,0.88274,-0.17387,0.895,-0.205,1.194,-0.203,0.81813,-0.21136,0.903,-0.23864,0.76911,-0.23095,0.74323,-0.181
0,1,0.0,0.0,0.0,1.015,0.51724,0,0.0,0.10991,-1,0,0.0,0.0,0,-1,-0.125,-0.55711,-0.609,0.76940,0.63147,0.0,0,0.43,0.35668,-0.90302,0.513,0.582,-1,-1,0.81573,0,0,0.0,0.0
1,1,0,0.84134,-0.18362,0.305,0.015,0.93421,-0.003,0.87947,0.114,0.81121,-0.016,0.88559,0.678,1.197,-0.57486,0.75000,-0.192,1.109,-0.104,1.418,1,0.46610,-0.16290,0.702,-0.016,0.93358,-0.01158,0.846,-0.32298,0.84463,-0.25706,0.75,-0.01425
0,0.0,0,1,1,1.25,-1.303,0,0.0,0,0.0,1,1.228,1.452,1.306,-0.58,-1,1.129,-1,-1,1,0,0,1.007,-0.769,1,-1.209,1,1,-1,-0.821,0.0,0,0,0
1,0.574,0.0,1.211,1,1.007,1.137,0.91010,1,-0.26970,0.627,-0.83152,1,-0.507,1,-0.844,0.72526,-1,-0.57779,-0.647,-0.42052,-1,-1.289,-0.66,-1,1.28,-1,1,-1,1,-1,0.914,-0.349,0.809,0.34845
0,1,0.0,-0.805,-1,-1,1,1.216,0.63317,0.03515,-0.983,-1.089,-1.112,1,1,0.788,-0.546,-1,1,0.445,1,0.632,-1,-0.682,-1,-0.18856,1,1.033,-1,-1,-1,-0.903,0.895,1,0.234
1,0.885,0,0.95659,0.08143,0.97487,-0.05667,0.97165,-0.08484,0.96097,-0.06561,1.002,0.01279,0.95436,-0.16795,0.492,-0.14,1.09,-0.32268,0.574,-0.244,0.605,-0.216,0.90140,-0.191,0.99899,-0.40747,1.147,-0.427,1.288,-0.30619,0.782,-0.39061,0.869,-0.41173
0,1,0.0,0.08333,-0.14,-1,1,-1,0.69,0.842,0.47173,-0.965,-0.62723,-0.549,-1.372,-1,1,-0.02753,0.59152,-0.42113,-0.45,-1.118,-1,-1,-0.46801,-1.203,0.319,1.199,-1,-1.339,-0.38914,-1,-0.656,-1,0.68
1,0.761,0.0,1,-0.032,1,-0.04494,1.33,-0.089,1,-0.097,1,0.56173,1.372,-0.137,1,-0.14522,1,0.32407,1,-0.097,1.445,-0.218,0.95601,-0.20081,1,-0.604,0.87280,-0.288,0.82920,-0.239,0.78479,-0.338,0.73992,-0.22981
0,0.0,0,-1,0.945,1,-1,-1.105,1,0.0,0.0,1,0.906,-1,-0.21,1.171,1,-1.242,-1,0.99,-1,-1,-1.404,1,1,1,-1.141,1,1,1,0.575,0.0,0,-1,-0.613
1,0.576,0,1.179,0.05812,0.94525,0.07418,0.684,0.13231,0.607,-0.01911,0.94846,0.103,1.073,0.14644,0.918,0.11224,0.90896,0.20119,1.304,0.16265,1.402,0.14258,0.90784,0.135,0.504,0.124,0.88423,0.35,0.88568,0.141,0.78324,0.29576,0.83574,0.329
0,1,0.0,0.231,-1,-1,1,0,0.0,0,0,-1,1,0,0.0,-0.729,-0.721,0.80521,0.213,0.383,0.074,0,0.0,-1,-0.27083,-0.84792,0.96250,1,1,-0.733,0.893,0.0,0.0,0.0,0
1,1,0.0,1,0.094,0.574,0.12197,0.509,0.22574,0.98602,0.09237,0.94930,0.254,0.92992,0.24288,0.753,0.28343,0.85529,0.146,0.83656,0.33129,0.83393,0.332,0.74829,0.589,0.76193,0.248,0.758,0.324,0.62764,0.512,0.516,0.47033,0.771,0.50903
0,1,0,0.01667,-0.35625,0.0,0,0.0,0,0.0,0,0,0.0,0.0,0.0,0.139,-0.55000,0.27,0.82813,1,-0.42292,0,0.0,0.08333,-1.22,-0.10625,-0.16667,1,-0.569,-0.903,0.146,0.0,0,1.14,-0.27292
1,1,0.0,1,0.174,1.435,0.194,0.94616,0.173,1.113,0.22610,0.897,0.37107,0.793,0.46899,0.81011,0.49225,0.78473,0.633,0.65091,0.55,0.56553,0.382,0.401,0.445,0.48311,0.55236,0.43317,0.482,0.35684,0.76147,0.33921,0.379,0.22101,0.78685
0,1,0,0.63816,1,0.20833,-0.742,0.967,1,0.87719,0.205,-0.649,0.677,-0.05921,0.58772,0.01754,0.05044,-0.359,-1.174,0.14254,-0.043,0.32675,-0.327,-0.947,0.6,0.80921,-0.619,1.234,-0.06140,1,0.978,0.228,-1,1,1
1,1,0.0,1,-0.289,1,0.503,0.87060,0.18593,1.154,-0.09925,1.386,0.47990,0.611,-0.144,1,0.00879,0.97613,-0.50126,0.80025,-0.24497,0.691,-0.255,1,-0.12312,1.353,0.099,1.209,-0.058,1.219,-0.27387,0.43970,0.179,0.51382,-0.05402
0,1.232,0,0.84783,0.10598,1,0.39130,1,-1.042,1.001,0.075,0.788,0.27038,0.949,0.467,1,0.35507,1.307,0.02672,0.81,-0.309,1.396,0.63496,1.012,0.26585,0.91033,-0.213,0.973,0.15942,0.37681,-0.01947,1,0.22464,1,0.265
1,1,0,1.208,0.231,1.092,0.02477,0.657,0.07764,1,0.04317,0.51,0.48,0.718,0.042,1,0.04384,0.95750,-0.14,0.84371,-0.116,1,0.04150,0.99933,0.27376,1.018,-0.39056,0.96414,-0.025,0.445,0.341,0.94578,-0.118,0.80355,-0.07329
0,0.0,0.0,1,-1,1,-1,1,-1.042,1.441,-1.429,1.437,0.537,1,1,0.881,-1,1.492,0.597,1,1,1,1,1.206,-1,1.289,-1,0.893,-1.042,1,0.65625,0,0,0.516,-1
1,1,0.0,1,0.67784,0.81309,0.969,0.43019,1,0.20619,0.80541,-0.288,1,-0.79135,0.948,-1,0.522,-0.265,-0.841,-0.97907,-0.635,-0.73083,-1.024,-0.37671,-0.97491,0.41366,-1.017,0.573,-1.103,0.267,-1.305,0.93570,-0.348,0.98816,0.03446
0,1,0,1,1.094,1,-1,1.001,-1,1.197,1,0.988,1.308,1,1,1,-1.327,1.277,0.945,0.764,1,0.618,1.17,1,1,1,0.719,0.71,0.5,0,0.0,0.721,-1,1,-1
1,1.42,0,1,0.02,1.002,0.18281,1.067,0.26968,0.61,0.25068,1,0.28778,1.398,0.208,1,0.31674,1.332,0.358,1,0.53846,1,0.567,1,0.59457,0.89593,0.784,0.53,0.71374,0.85611,0.67149,0.594,1.014,0.455,0.75837
0,0.0,0.0,1,-1,1,1,-1,-0.998,0.69,-1,0,0,0,0.0,-1.177,0.865,1.301,-1,0.733,-1,-0.4,1,1,-1,0.71,-1.263,1,-1,-1,-1.195,0,0.0,1.226,-1
1,1,0,1.297,0.092,0.713,0.19279,0.96026,0.27451,0.98044,0.267,0.852,0.358,1.251,0.52517,0.82820,0.523,0.73242,0.346,0.69003,0.696,0.781,0.68820,0.48339,0.384,0.40615,0.985,0.33401,0.83796,0.24944,0.86061,0.099,0.86835,0.082,0.86285
0,1,0,0.69444,0.304,0,0,-0.32937,0.69841,0.0,0,0,0.0,0.0,0,0.24,-0.24206,0.296,0.211,0.46429,1.06,0.0,0.0,0.0,0,0.73413,0.27381,0.76190,0.63492,0.0,0,0.0,0.0,0,0.0
1,1,0,1.087,0.05070,1,0.109,1,0.134,1,0.28453,1,0.393,1,0.32,0.94575,0.357,0.89126,0.50391,0.839,0.305,0.902,0.577,0.79578,0.62758,0.66643,0.36,0.339,0.503,0.49538,0.374,0.47027,0.71689,0.33381,0.849
0,0,0.0,0.787,0.549,0,0,1,-0.653,1,-1,1,0.709,0.994,1.069,1,-0.977,1,1,1,1.411,1.28,-1,-1,-1.488,1.24,-1,1,-1,0.845,0.943,0.0,0,1,-1
1,1,0,0.717,0.04078,1.119,0.11982,1,0.16159,1,0.27921,0.98703,0.32,0.92745,0.515,0.844,0.39749,0.81939,0.532,0.78619,0.326,0.487,0.56282,0.893,0.58129,0.357,0.59723,0.58903,0.60990,0.406,0.86,0.62,0.37,0.607,0.62658
0,0,0,0.772,1,1.492,-1,1.19,1,1,1,1.489,1,1,1,1,1,0.762,-1,-1.128,1.198,-1.489,1,-1,0.88,1.261,-1.183,1,1,-1.302,1.492,-1,-0.897,-1,0.842
1,1.499,0.0,1.455,0.201,0.973,0.48590,1.092,0.72973,1,1,1.482,1.36,1.255,1,1,0.62,1,1,1,1,0.445,1.471,0.796,1,0.857,1,0.38255,1,0.10819,1,-0.14,1,-0.81383,1
0,0,0,1,0.564,1.134,-1.09,1.454,1,-1,1,0.0,0,1,1,0.0,0,0,0,-0.547,1,-1.149,0.773,1,0.842,1.269,-0.923,1.114,0.834,1,1.079,1,-1,-1,1
1,1,0.0,1,-0.049,1,0.331,1.293,0.141,1,0.209,1,-1,1.103,-0.457,0.997,-0.15851,1,0.041,1.032,-0.668,1,-0.193,1,-1,0.904,-0.58042,1,-0.81372,1,-1,1,-0.78555,1.137,-0.48252
0,0,0.0,1,-1,1,0.714,1.021,1.143,1,1,1,1.465,1.457,-1,0.699,-1,1.265,0.913,1,-0.567,0.963,1.325,1,1,1,-1,0.923,1.08,1,-1,1,1,1.09,-1
1,0.98,0,0.92277,0.07804,0.589,0.142,0.89702,0.131,0.84111,0.35197,0.874,0.462,0.71,0.46983,0.70796,0.56476,0.60459,0.748,0.295,0.64924,0.375,0.66975,0.34232,0.371,0.23693,0.76146,0.18765,0.73885,0.128,0.446,0.016,0.71,-0.04023,0.69509
0,1,0.0,0.815,-0.17314,0.994,0.21908,0.46643,0.32862,0.25795,0.58304,0.964,-0.215,0.01060,0.44523,0.01060,0.335,0.18681,0.41168,0.141,0.491,0.056,0.235,-0.00083,0.24936,-0.039,0.19405,-0.04314,0.182,-0.058,0.132,-0.04585,0.07064,-0.04013,0.034
1,1,0,0.74852,-0.022,0.65680,-0.05178,0.80621,0.02811,0.973,0.022,0.516,0.107,1.042,0.111,0.814,0.026,0.78550,-0.27811,0.65976,-0.011,0.78698,0.073,0.34615,-0.18639,0.909,0.02811,0.775,-0.06637,0.53550,-0.21154,0.415,-0.14053,0.531,0.02959
0,1,0,0.454,-0.055,0.969,0.04328,1,1.441,0.452,0.205,0.54478,0.13060,0.61567,-0.698,0.57836,0.67910,0.66791,-0.149,0.351,-0.118,0.65574,0.156,0.878,0.45522,0.47015,0.176,0.589,0.14630,0.32463,-0.031,0.39118,0.13521,0.34411,0.12755
1,1,0,0.67547,0.03,0.76981,-0.10566,0.957,0.034,0.66038,-0.04528,0.538,0.01,0.403,-0.168,0.72075,-0.02264,0.76981,0.08679,0.61887,-0.07925,0.866,-0.23774,0.624,-0.14717,0.641,-0.079,0.73886,-0.036,0.66792,0.02,0.86415,0.032,0.514,0.00755
0,1,0,0.72727,-0.05000,0.89241,0.026,1,0.768,0.957,-0.037,0.722,-0.16818,0.843,0.09559,0.366,1,0.50455,0.21818,0.66818,0.083,1.4,-0.30000,0.98636,-0.714,0.405,0.182,0.434,0.14673,0.42273,0.047,0.48927,0.14643,1,0.9
1,1,0,0.702,-0.01569,0.317,0,0.542,0.12941,0.40000,-0.05882,0.499,0.14118,0.286,0.08235,0.52549,-0.04,0.58039,0.02,0.50196,0,0.45882,0.061,0.58039,0.046,0.56,0.00392,0.555,0.07,0.46275,0.08235,0.455,0.304,0.531,0.17255
0,1,0.0,0.337,0.168,0.35000,0.105,0.23182,0.212,-0.03636,0.44318,0.04517,0.36194,-0.19091,0.194,-0.13350,0.27322,0.02727,0.40455,-0.34773,0.12727,-0.265,0.05078,-0.187,0.36364,-0.158,-0.065,-0.083,-0.069,-1.193,-1.196,-0.02916,-0.07464,-0.008,-0.06314
1,1,0.0,0.88305,-0.21996,1.256,0.36373,0.82403,0.19206,0.979,0.064,0.90558,-0.04292,0.85193,0.25000,1.104,0.185,0.644,0.57940,0.822,0.39056,0.76,0.292,1,0.34871,0.59,0.305,0.69811,0.53235,1.191,0.58584,0.393,0.70923,0.52361,0.558
0,0.804,0,0.591,-0.125,-0.31745,-0.80553,-0.047,-0.56435,0.80648,0.048,1.088,-0.00763,-0.144,0.63966,-0.261,-0.779,0.85701,-0.069,0.573,-0.088,-0.06959,0.50810,-0.34128,0.821,0.78932,-0.03718,0.70882,-0.25288,0.836,-0.14109,-0.192,-0.78170,-0.18494,-0.59867
1,1,0,0.70870,-0.24783,0.64348,0.04348,0.45217,0.224,0.65217,0.18261,0.5,0.26957,0.375,-0.23043,0.732,0.37826,0.38696,-0.42609,0.29,-0.37,0.217,0.063,0.536,-0.03845,0.31304,-0.074,0.686,-0.04264,0.398,-0.04448,0.793,-0.323,0.26,0.114
0,1,0.0,-0.311,0.169,-0.33746,0.73375,0.587,-0.13932,0.31889,-0.06811,0.20743,-0.19,0.47368,0.08978,0.576,-0.15480,0.16409,0.59,0.33746,0.022,0.414,0.093,-0.63777,-0.61610,1,0.65635,0.501,-0.40116,-0.15170,0.135,0.02399,0.562,0.646,-0.128
1,0.546,0.0,0.29202,0.13582,0.414,0.16808,0.51783,-0.004,0.679,0.254,0.52462,-0.235,0.32,-0.04754,0.55518,0.03905,0.822,-0.22411,0.42445,-0.042,0.34975,0.06621,0.291,-0.188,0.51731,-0.027,0.50369,-0.017,0.217,0.09847,0.70798,-0.01868,0.39559,-0.03226
0,0.889,0,0.79157,0.16851,0.0,0.0,0.3,0.043,0.349,1,0.454,0.99557,-0.016,0.53215,0.23725,0.12860,-0.02661,0.95122,-0.348,0.84922,-0.10200,0.41,-0.42572,0.212,-0.638,0.80710,-0.34146,0.561,-1.089,0.647,-1,0.12860,0,0
1,0.79,0.0,0.90116,0.16607,0.79299,0.37379,0.72990,0.50515,0.801,0.599,0.62,0.858,0.24412,0.604,0.06438,0.85038,-0.12611,1.023,-0.149,0.79617,-0.46635,0.867,-0.57135,0.53805,-0.463,0.39951,-0.71844,0.355,-0.519,0.11218,-0.485,-0.05525,-0.67699,-0.246
1,1,0,0.97714,0.19049,0.82683,0.46259,0.843,0.384,0.47968,1.01,0.31409,0.92643,0.153,1.004,-0.177,0.466,-0.32020,0.503,-0.52145,0.879,-0.68274,0.49508,-0.508,0.446,-1.279,0.17849,-0.922,-0.015,-0.82366,-0.19321,-0.809,-0.33662,-0.59943,-0.49700
0,0.884,0.0,-1.441,-1,0,0.0,0.50814,-1.039,0.6,0.385,-1.452,-0.41368,0,0,0,0.0,1,-0.26710,0.36482,-0.63518,0.97068,-1.116,-1.422,-1.335,0.797,-0.685,-1,-1,-1,-1.105,1,-1,0,0
1,1,0,0.426,0.04974,0.79074,0.021,0.83,0.03793,0.66230,0.061,0.67801,0.31152,0.75934,0.07348,0.468,0.08,0.388,-0.07853,0.576,0.0,0.70021,0.134,0.68183,0.151,0.765,0.15445,0.955,0.13608,0.923,0.17539,0.59759,0.14697,0.644,0.15114
0,1,0,0.968,-1,0,0,1.045,-0.99265,0.80882,0.55147,-0.217,-0.94853,0,0.0,0.0,0.0,0.437,-0.77206,0.423,-0.413,0,0.0,0.18382,-0.552,-1.188,-1,-1,-1,1.484,-1.348,1,-1.407,0,0
1,1,0.0,1,0.01709,0.688,-0.033,1,-0.025,1,-0.067,0.582,-0.07092,0.927,-0.09002,1.108,-0.165,1,-0.14257,0.98310,-0.131,0.843,-0.18519,1,-0.274,0.98971,-0.22083,0.96490,-0.255,0.94599,-0.235,0.96436,-0.165,0.87011,-0.23296
0,0,0,0,0,0.0,0,0.0,0.0,0.0,0,0.0,0.0,0.0,0,0,0,0,0.0,0,0,0.0,0.0,0,0.0,0,0,0.957,-1.323,0,0.0,0,0,0.0,0
1,1,0,0.95704,-0.142,0.63318,-0.12690,1.176,-0.142,0.904,0.096,0.92003,-0.01124,0.987,-0.24719,1,-0.271,1.122,-0.278,0.65,-0.218,1,-0.33,0.93126,-0.39458,1,-0.19233,0.88793,-0.31565,1.176,-0.23728,0.89095,-0.307,0.69531,-0.308
0,1,0,0.28409,-0.181,0.0,0.0,0.841,-1,0.30682,1.125,0.64394,0.06439,0.34848,-0.84848,0,0,0.58,-0.35985,0.427,-0.536,0,0.0,0.0,0,0.24242,0.092,0.697,-0.264,0.06061,-0.576,0.158,-0.70076,0,0
1,1,0,0.94490,-0.296,1,-0.03692,0.98898,-0.87052,0.881,0.866,0.742,-0.10104,1.477,-0.12493,1,-0.183,0.677,-0.17681,1,-0.20491,0.894,-0.23452,1,-0.26571,1,-0.29852,0.903,-0.248,0.967,-0.258,0.619,-0.576,0.928,-0.44739
0,1,0.0,0,0.0,0.0,0,0.0,0,0,0,0.62195,1,0.0,0,0.0,0,0.451,-1.04,0.56098,-1.301,0,0.0,0,0.0,0,0.0,1,0.10976,0,0,0.0,0.0,0,0.0
1,1,0,0.637,0.005,1.258,-0.074,0.88237,-0.16431,0.99061,-0.059,0.96484,-0.07496,1.137,0.02966,0.87161,-0.304,1.301,-0.12977,0.775,-0.08935,0.89876,0.0,0.87836,-0.061,0.671,-0.19872,0.87579,-0.101,0.677,-0.16581,0.80253,-0.359,0.76586,-0.27794
0,1,0.0,0.10135,0.10811,0,0,0.0,0.0,0.283,0.82432,0.31081,1.092,0.0,0.0,0,0.0,0.449,-1,0.33108,-1.163,0,0,0,0.0,-0.42568,-1,0.534,-1,0.826,-0.23649,0.0,0.0,0,0
1,1,0,1,-0.747,0.99150,-0.73371,0.89518,-0.97450,1.429,-0.373,1.034,-0.23229,0.413,-0.86402,1.017,-0.807,1.289,-1.181,0.76771,-0.88952,0.96601,-1,0.70120,-1.079,0.61946,-1.105,0.474,-1.119,0.418,-1,1.429,-1,0.30445,-0.76112
0,1,0.0,0.386,-0.688,0,0,0.0,0,0.507,1,1,-0.384,0,0,0,0.0,0.834,-0.279,0.571,-1,1.295,-1,0,0,0,0,1,-1.2,-0.12879,-0.93182,0.0,0.0,0.0,0
1,1,0.0,0.86284,0.193,0.799,0.41149,0.67203,0.401,0.54559,0.915,0.421,0.81533,0.19617,0.85671,-0.04061,0.86284,-0.17241,0.579,-0.453,0.65747,-0.26,0.357,-0.60230,0.388,-0.59234,0.275,-0.63038,0.08818,-0.762,-0.07816,-0.39,-0.19923,-0.42912,-0.383
0,1,0,0.42000,-0.61000,0,0.0,1,-0.926,0.533,0.563,0.43000,0.64000,0,0,0.0,0,0.801,-0.158,0.84000,-1.301,0,0.0,0.0,0.0,0.21000,0.859,1,0.22000,0,0,0.0,0,0.0,0.0
1,1,0.0,0.865,0.23395,0.91404,0.52013,0.78020,0.72144,0.47660,0.841,0.203,0.873,0.105,1.082,-0.21980,0.91404,-0.288,0.75517,-0.397,0.637,-0.64527,0.44614,-0.511,0.29162,-0.70838,0.03591,-0.71731,-0.06,-0.64962,-0.202,-0.51251,-0.524,-0.276,-0.53319
0,1,0,0.46,0.81586,-0.72973,1.066,-0.39466,0.512,0.05405,0.29730,-0.18599,-0.10241,-0.029,-0.13,0.01401,-0.045,0.01108,-0.007,0.00342,0.001,0.001,0.001,-0.00003,0.0,-0.0,0.0,-0.0,0,0,0,0.0,0,0,0
1,1.087,0.0,0.131,-0.074,0.33333,0.059,0.192,0.132,0.23810,0.09524,0.436,0.026,0.30952,-0.04762,0.30952,-0.04762,0.237,-0.088,0.33333,0.04762,0.258,0,0.21429,-0.11905,0.344,-0.04762,0.22109,-0.02290,0.19048,0,0.142,-0.02034,0.14694,-0.021
0,1,0.0,1,-0.116,1,0.034,0.57377,-0.01639,0.369,0.01639,0.486,-0.031,0.807,0,0.761,-0.16393,0.19672,-0.183,0.65558,-0.17176,0.476,0.03279,1,-0.333,0.31148,-0.291,0.52385,-0.20325,0.17,-0.03279,0.144,-0.44262,0.694,-0.06557
1,1,0,0.98182,0.0,0.88627,0.031,0.965,0.069,0.795,0.0,0.69091,0.04545,0.79343,0.052,0.77118,0.051,0.344,0.348,0.68182,0.1,0.905,0.131,0.733,0.13493,0.74545,0.22727,0.64581,0.15088,0.67273,0.041,0.60715,0.16465,0.58840,0.17077
0,0.88,0,0.39286,0.781,-0.78824,0.11342,-0.115,-0.76378,0.66667,0.01190,0.949,0.40476,-0.853,0.30729,-0.34797,-0.63668,0.524,0.212,0.393,0.05952,-0.51830,0.261,-0.47651,-0.47594,0.405,0.991,0.774,0.38848,0.57143,0.39286,-0.462,-0.225,0.236,-0.55837
1,1,0.0,1.181,-0.105,1,-0.037,1,-0.06889,1.277,0.00222,1.246,-0.06444,1.183,-0.07287,1,-0.20000,1.131,0.05333,0.708,-0.045,1,-0.069,1,-0.222,0.84444,0.03556,1,-0.14162,0.82222,-0.132,0.833,-0.15609,0.762,-0.44222
0,1,0,0.43636,-0.12727,0.872,-0.193,0.151,-0.726,0.34545,-0.03636,0.258,-0.05455,0.29091,0.29091,0.36364,-0.41818,0.20000,-0.017,0.397,0.05455,0.12727,0.49091,0.91,0.188,0.179,0.16364,0.41098,-0.07027,0.433,-0.053,0.139,-0.462,0.234,-0.29091
1,1,0,1,-0.92453,1,0.779,0.49057,-0.05660,0.481,0,1,-0.00054,0.435,0.07547,0.694,-0.048,0.824,-0.001,0.683,0.0,0.52830,0.07547,0.678,-0.00112,1,0.79245,0.92192,-0.001,1.064,-0.747,0.564,0.43396,0.492,-0.11321
0,0.997,0,0.73810,0.83333,-0.76190,-0.23810,0.33333,-0.158,0.435,-0.155,-0.67285,0.144,0.33333,0,0.28571,-0.07143,-0.345,0.754,0.257,0.02,0.256,0.07,0.152,-0.26190,-0.301,-0.10234,0.17,-0.51079,1,0,-0.66667,-0.054,0.26190,0.02381
1,0.98,0,0.43750,0.04167,0.58333,-0.105,0.39583,0.0,0.33333,-0.091,0.47917,0,0.386,0.119,0.718,0.019,0.43750,-0.22917,0.386,-0.254,0.34,0.08333,0.25000,0.18750,0.39583,-0.237,0.44012,-0.10064,0.291,-0.08333,0.58333,-0.223,0.212,-0.06250
0,1,0,1.273,1,0,0,0.0,0.0,0.0,0,0.47744,-0.89098,-0.51504,0.498,-1.141,0.368,0.64662,0.532,0,0,0.0,0.0,0.62030,0.191,-1.208,-0.575,1,-1.254,1,1,0.0,0,0,0
1,1.414,0,0.95217,0.06595,0.93614,0.126,0.90996,0.153,0.649,-0.556,0.90023,0.61320,0.77937,0.34328,0.646,0.274,0.66145,0.40844,0.95472,0.629,0.719,0.588,0.46773,0.44511,0.40440,0.325,0.464,0.373,1.147,1,0.23405,0.39620,0.227,0.37191
0,1.017,0.0,0.733,0.572,0.82809,0.605,0.76001,0.70709,1.223,-0.077,0.97311,0.07981,0.95824,-0.85727,0.791,1.23,0.95452,-0.05206,0.88673,0.205,0.98484,-0.992,0.441,-0.698,0.28604,-0.30063,1,0.161,0.846,0.42677,0.87757,0.81007,0.81979,0.68822
1,1,0,0.95882,0.10129,1,-0.01918,0.98313,0.02555,0.882,-0.09316,1.046,-0.032,0.97980,-0.03096,1,-0.046,1.201,-0.059,0.93840,0.015,1.207,-0.079,1.033,-0.05318,0.91567,-0.15675,1.153,-0.088,0.90978,0.011,1.441,-0.10797,0.93144,-0.08
0,1,0.0,0.0,0,-0.203,0.85388,0,0.0,0.68869,-0.522,1.025,0.31385,-0.26048,-0.59212,-0.30241,0.946,0.94155,0.16391,0.0,0.0,0.0,0,-0.18043,-1,0,0.0,1,-1.4,0,0,0.03,0.516,0.0,0
1,1,0,0.96933,0.007,1.03,0.00843,0.98658,-0.00763,0.97868,-0.032,0.99820,-0.03510,0.613,-0.01271,1,-0.02581,0.626,-0.013,0.98485,0.0,1,-0.014,0.644,-0.037,0.96019,-0.064,0.689,-0.031,0.97020,-0.02478,1,-0.03855,0.702,-0.031
0,1,0.0,0,0.0,0.98919,-0.22703,0.159,-0.05405,0.0,0.0,0.93243,0.07297,1,-0.253,1.355,0.07027,1,-0.103,0.0,0.0,1,-0.252,1,-0.42,0.0,0,1,-0.214,0,0.0,1,-0.25946,0.28919,-0.15676
1,1,0,0.64122,0.01403,0.34146,-0.02439,0.595,0.046,0.19512,0.101,0.45,0.04755,0.127,0.04878,0.29268,0,0.277,0.0,0.365,0.08,0.26829,0.126,0.32,0.05813,0.176,0.116,0.286,0.05641,0.247,0.05504,0.19512,0,0.17073,0.07317
0,1,0.0,1,1,0.586,-1,0,0,0,0.0,1,1,1.144,-1,1.455,1,0.582,-1.157,0.0,0.0,0,0.0,1,-0.27778,0,0.0,1,-1,1,1.256,0.734,-1.074,0.0,0
1,0.779,0,0.34694,0.20408,0.579,0.24490,0.533,0.207,0.46939,0.232,0.161,0.346,0.12245,0.55102,0.0,0.459,-0.049,0.67,-0.20408,0.55102,-0.28571,0.44898,-0.28571,0.32653,-0.61224,0.22449,-0.46579,0.14895,-0.476,0.18367,-0.286,0.0,-0.28,-0.24490
0,0.534,0,0.0,0,1,-1,0,0.0,0,0,0.769,0.821,1.28,-0.25342,1,0.23288,1,-1,0,0,0.0,0,1,1,0.0,0.0,1,-1,0.0,0.0,1.452,-1.303,0.0,0.0
1,1,0,0.89706,0.309,0.918,0.215,0.74265,0.769,0.385,0.77941,0.19118,0.88971,-0.02206,1.074,-0.20588,0.82353,-0.37500,0.67647,-0.457,0.47794,-0.948,0.38235,-0.539,0.057,-0.74265,-0.154,-0.67925,-0.292,-0.668,-0.42647,-0.44118,-0.722,-0.375,-0.56618
0,1,0,-1.414,0.28105,0.22222,0.148,-0.75693,-0.479,-0.163,0.71242,-0.903,0.546,-0.844,0.33987,-0.937,-0.02614,-0.683,-0.836,-0.538,-0.54248,-0.04575,-0.83007,0.94118,-0.94118,-1,-0.48,0.74385,0.047,-1.216,0.05229,0.18301,0.02614,-0.40201,-0.305
1,1,0,0.26667,-0.072,0.53333,0,0.33333,-0.13333,0.36667,0.11667,0.56667,0.011,0.758,0.074,0.445,-0.073,0.353,0.186,0.41667,-0.01667,0.281,0.20000,0.70000,0.0,0.25000,0.086,0.503,0.037,0.423,0.017,0.46667,0.03333,0.41667,-0.05000
0,1,0.0,-0.181,0.40000,-0.27303,0.146,-0.17778,-0.04444,0.06192,-0.083,0.04461,0.02575,-0.00885,0.032,-0.01586,-0.001,-0.001,-0.00883,0.005,-0.001,0.00138,0.003,-0.00114,0.00102,-0.001,-0.001,0.0,-0.00043,0.0,0.00005,0,0.0,-0.00008,0.00002
1,1.149,0,1,-0.301,0.64865,0.29730,0.358,-0.16,0.86486,0.18919,1.106,-0.392,0.391,0.0,0.688,-0.058,0.32432,-0.21622,0.71833,-0.17666,0.853,0.08,0.75676,0.13514,0.35135,-0.29730,0.61031,-0.145,0.58478,-0.23027,0.72973,-0.641,0.688,-0.24324
0,1,0.0,0.94531,-0.04,-1,-0.478,-1,-0.01563,1.299,0.007,0.93359,-0.01953,-1.119,0.16406,-1,-0.00391,0.95313,-0.035,0.565,-0.02734,-1.096,0.11719,-0.93359,0.388,0.95703,-0.005,0.743,0.13758,1.195,-0.059,-1,-0.18750,-1.171,-0.34375
1,1,0.0,0.95202,0.021,0.93757,-0.01272,0.93526,0.018,0.96705,-0.012,0.96936,0.00520,1.011,-0.025,1.414,-0.00405,1.115,-0.02659,0.99769,0.01792,1.162,-0.04971,0.93815,-0.028,0.533,-0.04451,0.96215,-0.01647,0.591,0.01908,0.598,-0.03410,1.348,0.012
0,0.733,0.0,1,-0.05529,1.065,-1.018,0.5,-0.11111,0.36111,-0.298,0.517,-0.324,0.114,-0.11111,0.968,-0.34660,1,-0.38853,1,-0.316,0,-0.25000,0.518,-0.29,0.588,-0.27778,1,-0.57092,0.552,-0.27778,1,-0.75,1,-0.65935
1,1,0.0,0.31034,-0.108,0.24138,-0.10345,0.20690,-0.06897,0.11,-0.05431,0.02,-0.03689,0.01,-0.022,0.011,-0.01482,0.002,-0.00893,0.00078,-0.006,-0.00003,-0.003,-0.00028,-0.00166,-0.0,-0.00090,-0.00025,-0.001,-0.00018,-0.0,-0.0,-0.00012,-0.0,-0.00006
0,1,0.0,0.629,-0.07843,0.72549,0,0.498,-0.075,0.62745,-0.091,0.68627,-0.134,0.66667,-0.13725,0.64706,-0.09804,0.54902,-0.106,0.649,-0.263,0.872,-0.149,0.78,-0.23529,0.45098,-0.189,0.52409,-0.24668,0.56863,-0.451,0.43137,-0.21569,0.47059,-0.256
1,0.941,0,0.25000,0.086,0.46667,0.35,0.19036,0.291,0.092,0.225,0.01070,0.116,-0.02367,0.10188,-0.03685,0.06317,-0.03766,0.03458,-0.03230,0.01,-0.02474,0.00357,-0.018,-0.00273,-0.008,-0.00539,-0.006,-0.008,-0.003,-0.004,-0.001,-0.00408,0.00025,-0.00291
0,1,0,-0.65625,0.113,0.06250,0,0,0.06250,0.692,0.06250,0.139,0.0,-0.019,0.09375,0.059,0.0,0.15625,-0.193,0.43750,-0.37500,0,-0.053,0,0,0.031,-0.46,0.021,0.0,-0.71875,0.04,-0.03125,0,0.0,0.09375
1,1,0,1,-0.01,1,-0.02703,1,-0.06486,1.16,-0.013,0.98919,-0.03243,0.738,0.08649,0.903,-0.06486,0.95135,0.09189,1.445,-0.004,1.154,0.06,1,0.04,0.97838,0.133,0.98556,0.008,0.698,-0.03243,1,0.018,1,-0.099
0,1,0,1.11,0.075,0.64,0.062,0.973,1.042,0.91473,-0.00775,0.673,0.03876,1,0.195,1,1,0.81395,0.061,0.643,0.155,1.232,0.50670,1,-1,0.916,0.03876,1,0.71613,1.179,0.06977,1,0.87317,1,0.949
1,1,0,1.092,-0.01604,1,0.08021,1,0.01604,0.93048,0.008,0.93583,-0.009,1.092,0.0,1,0.06417,1,0.04813,1.319,0.062,0.636,0.02139,0.98930,-0.012,0.96257,0.054,0.518,0.04452,0.785,0.005,1.335,0.072,0.97861,0.06417
0,1,0,-0.20500,0.28750,0.24,0.14,0.28250,0.454,0.32250,0.35000,0.36285,-0.34617,0.09250,0.27500,-0.115,0.303,-0.08750,0.21,-0.282,0.188,-0.48000,-0.08000,0.43,0.171,-0.58000,-0.309,0.166,-0.28475,-0.253,0.18500,-0.27104,-0.466,0.47,0.03050
1,1,0,0.60000,0.03333,0.94,0.095,0.459,0.082,0.729,0.0,0.63333,0.0,0.80000,0.0,0.73333,0.0,0.70000,0.10000,0.689,0.10000,0.73333,-0.03333,0.76667,0,0.63333,0.158,0.65932,0.067,0.60000,0.136,0.60000,0.218,0.63333,0.147
0,1,0.0,0.05866,-0.00838,0.06704,0.00838,0,-0.013,0.004,-0.03911,0.01676,-0.054,-0.007,0.071,0.06425,-0.03352,0.0,0.09497,-0.061,0.07542,-0.036,0.02514,0.02793,-0.007,0.00838,0.006,0.10335,-0.00838,0.018,-0.002,0.04469,0,0.062,-0.046
1,1,0.0,0.577,0.408,0.72554,0.67248,0.47,0.82455,0.007,1.023,-0.24871,0.84475,-0.47644,0.316,-0.76,0.556,-0.616,0.07208,-0.65426,-0.19525,-0.622,-0.441,-0.30851,-0.55089,-0.04119,-0.64792,0.114,-0.307,0.36752,-0.41901,0.46059,-0.22535,0.537,-0.05980
0,1,0,0.05460,0.017,-0.02586,0.06,0.011,0.032,-0.067,0.006,0.01724,-0.06609,-0.03736,0.054,-0.08333,-0.04598,-0.09483,0.096,-0.04023,0.05172,0.017,0.014,-0.037,-0.016,0.03161,-0.00862,0.00862,0.012,0.036,0.01149,0.014,0.01149,-0.04598,-0.00575
1,1,0.0,0.72414,-0.01084,1.143,0.008,0.80000,0.00197,0.79015,0.01084,0.697,-0.00985,0.83350,0.043,0.85123,0.013,0.80099,-0.007,0.79113,-0.036,0.75961,0.03350,0.74778,0.04,1.053,-0.02,0.779,0.005,0.818,-0.05025,0.82956,0.02956,0.396,0.00788
0,1,0.0,0.03852,0.028,0.00428,0,0.01997,-0.029,0.02140,-0.046,-0.053,-0.006,0.01,-0.02282,0.0,-0.03281,-0.04708,-0.02853,-0.014,0.03566,0.023,0.00428,0.05136,-0.017,0.07,0.01854,0.051,0.022,0.01,0.00713,-0.02568,-0.01854,-0.01427,0.01997
1,1,0.0,0.243,0.219,0.42328,0.33598,0.25661,0.47619,0.014,0.49471,-0.013,0.53968,-0.385,0.176,-0.41270,0.32540,-0.51587,0.057,-0.5,-0.11640,-0.14815,-0.14550,-0.166,-0.38095,-0.253,0.003,0.025,-0.264,0.15873,-0.157,0.24868,-0.24339,0.26720,0.043
0,1,0,0.048,0.00686,0.13959,-0.032,0.10526,-0.08238,0.072,-0.06178,0.23341,-0.01144,0.064,0.055,0.188,-0.13501,0.29062,-0.045,0.18993,0.073,0.11670,0,0.073,-0.003,0.15103,-0.101,0.08467,0.011,0.11213,-0.056,0.106,-0.07323,0.145,-0.06865
1,1,0,1.22,0.357,0.718,0.343,0.21572,0.77514,-0.55941,0.64899,-0.73675,0.631,-0.76051,0,-0.62706,-0.31079,-0.223,-0.62157,-0.12797,-0.69287,0.633,-0.456,0.741,-0.231,1.042,-0.05484,0.60098,0.325,0.623,0.677,0.02742,0.746,-0.21572,0.50457
0,1,0,0.024,0.00705,0.04090,-0.011,0.018,0.01,0.01128,0.034,0.003,0.002,0.01975,-0.03103,-0.014,0.06065,-0.04090,0.02680,-0.036,-0.00423,0.04372,-0.02539,0.01834,0,0.0,-0.01,0.01834,-0.01128,0.00564,-0.014,-0.02,-0.028,0.00705,0.0
1,1,0.0,0.85736,0.001,0.81927,-0.05676,0.77521,-0.04182,0.84317,0.09037,0.86258,0.11949,1.305,-0.067,0.78342,0.052,0.83719,-0.085,0.83570,-0.14190,0.709,0.01195,0.90515,0.019,0.476,-0.028,0.662,-0.03678,0.88125,-0.057,1.088,-0.01942,1.18,-0.07
0,1,0,0.973,-1,1,1,-1,0.773,1.09,-1.079,0.923,-1,-0.564,-1,-1.454,1.499,1.269,1,1.325,1,-1,1,1,-1,1,-0.961,0.842,1,0.547,1,-1,1.149,-1,1.134
1,1,0.0,0.85209,0.39252,0.38887,0.869,0.063,1.102,-0.551,0.979,-0.76229,0.417,-0.929,0.10768,-0.85900,-0.31044,-0.716,-0.413,-0.19260,-0.86063,0.28444,-0.80496,0.729,-0.35230,0.66,-0.23324,0.49,0.21343,0.37830,0.58310,0.203,0.66315,-0.082,0.64933
0,1,0,1,0.567,1.08,0.51250,0.62500,-1.465,1,1.121,0.02500,0.03125,0.923,0.963,0,0.0,1,-1,1,1.474,1,1,0.31250,1.457,0.714,1,1,0.913,1.325,1.021,-0.94375,1.09,0.0,0
1,1.109,0,1,0.54902,0.361,1,0.018,1.143,-0.49020,0.92157,-0.807,0.744,-1,0.11765,-0.96078,-0.33333,-0.452,-0.68627,-0.23529,-0.866,0.411,-1,0.428,-0.959,0.585,-0.189,0.92874,0.21876,0.669,0.56863,0.258,0.90196,-0.11765,0.90196
0,1,0.0,0,0.0,-0.532,-1,-1,1,0.0,0,-1,1,1,1,1,-1.414,0,0.0,0.0,0,-1,-1.195,-0.529,1,1,0.43750,1.254,-0.964,0.0,0,-1.351,-1.289,-1.208,1
1,0.703,0,0.564,0.545,0.388,0.90763,-0.22222,1,-0.33333,0.723,-1,0.464,-1,-0.11111,-1,-0.209,-0.66667,-0.77778,0.619,-1,-0.271,-0.396,0.817,-0.177,0.33333,0.0,1.229,0.45019,0.57454,0.84353,0.22222,0.894,-0.55556,1
0,0,0.0,0,0,0.0,0.0,0,0,0,0.0,0,0,0,0.0,0,0,0,0,0,0.0,0,0.0,0.0,0.0,0.0,0.0,1,0.0,0.0,0,0,0,0.0,0.0
1,0.755,0,1.237,0.0,1.158,0,0.5,0.50000,0.75000,0,0.91201,0.12094,0.597,0.086,0.86922,0.16228,0.793,0.227,0.658,0.351,0.75000,0,0.522,-0.214,0.5,0.50000,0.73944,0.26388,0.75000,0.25000,0.795,0.367,0.813,0.30293
0,0.0,0.0,-0.626,1.498,0.714,1,0,0,0.834,-1,1,-1,1,-1,-1,-0.9,0,0.0,-1,-1,0,0.0,0.0,0,-1.056,-1,0.707,-1.443,1,1,-0.85,-1.03,0,0
1,1,0.0,1,0.0,1,0,0.66667,0.11111,0.558,-0.11111,0.88889,-0.137,1.124,-0.22222,0.77778,0.0,0.707,0.0,1,-0.077,0.77778,-0.072,0.409,-0.11111,0.94,0.0,0.90347,-0.05352,1,0.11111,0.88889,-0.127,0.884,0
0,0,0.0,0.0,0,0,0,0,0.0,0,0,0.0,0.0,-1.009,-1.128,0.0,0.0,1,0.75000,0,0,0.0,0.0,-0.757,1.193,0.0,0,1.323,-1,-1,-1,1,1,0,0
1,1,0,1.038,0.614,0.578,-0.45455,1.484,0.09091,1.256,-0.09091,1,0,1.039,-0.402,1,-0.18182,1.15,0.129,1,0,0.913,-0.36364,1,0.09091,1,-0.094,1,-0.046,1,0.497,0.582,-0.27273,0.731,-0.18182
0,1.015,0,0.62121,-0.831,0.0,0.0,0,0,0.34470,0.28788,0.251,0.573,-0.07576,0.317,0.421,0.31439,-0.53788,0.32955,0.12121,-0.14773,0.01894,-0.53409,-0.607,0.191,0.29167,-0.219,0.143,-0.57576,0.494,0.178,0.18182,-0.028,0.17045,-0.41667
1,1,0,0.804,0.11765,1.232,0.19,0.699,0.321,1.28,0.05882,1,0.23529,0.584,0.11765,1,0.47059,1,-0.081,1,-0.061,1,0.216,1,0.41176,0.526,-0.11765,1.418,0.108,1,0.048,1,0.229,1,0.23529
0,1.129,0.0,0,0.0,-0.574,-0.771,0.58,0.638,0.07979,-0.23404,-1,-0.36170,0.12766,-0.594,1.021,-1,0,0,1.081,-0.07979,-0.25000,0.769,0.171,-0.70745,0,0,-0.19149,-0.611,-0.145,-0.48936,0.74468,1.093,-0.67553,0.45745
1,1,0.0,1.042,0.246,0.83333,-0.16667,0.70833,0.169,0.87500,-0.075,1.296,0.04167,0.83333,0.156,0.70833,0.0,0.87500,0.059,1,0.101,0.66667,-0.08333,0.75000,0.152,0.675,-0.12500,1.08,0.05503,1.211,0.20833,0.70833,0.0,0.70833,0.04167
0,1,0.0,0.129,-0.176,0,0,0,0.0,0.0,0.0,0.0,0,0.119,-0.188,0.0,0,0,0,0,0,0.0,0,-0.05128,-0.06571,0.07853,0.08974,0.153,-0.10897,0.068,0.09615,0.02564,-0.04808,0.115,0.129
1,1,0.0,0.642,-0.043,1,-0.11326,1.05,-0.29802,0.679,-0.33075,0.96662,-0.232,0.85788,-0.47265,0.91904,-0.48170,0.681,-0.65224,0.68131,-0.63544,0.82450,-0.78316,0.58829,-0.537,0.55,-1.266,0.533,-0.85669,0.37941,-0.533,0.298,-1.243,0.231,-0.89621
0,1,0.0,1.107,1,-1,1.33,-1.498,-0.82456,0.37,0.138,0.46053,0.07018,0.313,0.067,0.35088,0.34649,0.778,-0.022,0.22807,0.711,0,0,-0.206,-0.16228,1.175,-0.66667,0.656,-1,1.199,-0.24561,0.35088,0.20175,0.82895,0.07895
1,1.324,0,1,0.24077,1.075,0.00369,0.80244,-0.438,0.89919,-0.23486,0.812,-0.24077,0.73855,-0.169,0.57,-0.274,0.467,-0.817,0.447,-0.55059,0.907,-0.39328,0.729,-0.465,0.23966,-0.52142,0.29208,-0.48390,0.141,-0.39143,0.15657,-0.51329,0.205,-0.46603
0,0,0,-1,1,1.179,-0.575,0.0,0,0,0,1,-1,1,1,0,0.0,1,-1,0.0,0.0,0,0.0,1.057,1.119,-1.441,1.242,0.613,-1,-1.404,1,-0.884,-1,0,0.0
1,0.684,0,1.034,-0.19448,0.555,-0.262,0.87024,-0.219,1.101,-0.27070,0.79271,-0.407,0.716,-0.49639,0.63338,-0.313,0.37254,-0.581,0.27070,-0.72109,0.40506,-0.54172,0.185,-0.362,0.14750,-0.853,0.137,-0.59589,-0.07162,-0.54928,-0.01840,-0.643,-0.07457,-0.47898
0,1,0.0,-1,-1,-0.50694,1,1,-1,1,0.573,0.0,0,0.23958,-1,1,0.517,0,0.0,0.733,1,0.934,1,0.0,0,-0.71528,1,0.33333,-0.518,0.681,-1.261,0.41,-1.108,0.351,0.588
1,1,0,0.459,0.43460,0.379,0.76160,0.147,0.93460,-0.37764,0.88186,-0.653,0.87,-0.77,0.19409,-0.86709,-0.146,-0.62869,-0.596,-0.201,-1.27,0.116,-0.86498,0.51477,-0.34,0.74895,-0.277,0.77937,0.07933,0.848,0.42827,0.31435,0.62447,-0.004,0.69409
0,1,0,1,1,0,0,1.438,-1,-0.776,-1,1.002,0.862,1.17,-1,0.0,0,1.14,-1,1.182,1.213,0,0.0,1,-0.965,-1,-1.13,1,1,-0.776,1,-1,0.931,0,0.0
1,1.108,0,0.721,0.63548,1.311,1,0.4,1,-0.33333,1,-1,0.658,0.0,1,-1,1,-1,0,-0.941,-0.465,-1.445,-0.92536,-1,-0.33333,-0.323,-0.947,0.228,-1,1,-0.989,0.0,-1,0.981,-0.66667
0,0.0,0.0,-1,0.894,-0.6,-1,0,0.0,-1,1.234,1,-0.742,-1.174,-1,-1,0.967,0,0,-1,-1,-0.746,1,0.0,0,0.698,-1.294,1,0.619,1,-1,1,1,0,0.0
1,1,0,1,0.091,1,0.14211,1.219,0.22108,1,-0.12500,1.301,0.318,0.77,0.48981,1.414,0.58986,-0.248,1,1,0,0.973,0.858,1,1,0.698,0.784,0.928,1.232,1,0.288,1,1,1,1.446
0,0.0,0.0,-0.949,-1,0,0.0,0,0,0,0.0,0,0.0,0,0.0,1,-1,0,0,-1,-1.307,0.0,0.0,1,1,1,-0.708,1,-1,0.0,0.0,0,0.0,0,0.0
1,1.018,0.0,0.64947,-0.07896,0.301,-0.14380,-0.13129,-0.21384,0.159,0.029,0.274,-0.26339,0.28931,-0.31997,0.042,-0.207,0.245,-0.176,0.177,-0.29052,0.09513,-0.31525,0.06556,-0.221,0.03004,-0.25124,-0.0,-0.23210,-0.038,-0.21129,-0.04717,-0.198,0.01336,-0.27201
0,1,0,0.0,0,0,0,0.0,0,0.0,0,1,-0.497,0.16667,0.26042,0.0,0.0,0.0,0.0,0.0,0.0,-0.19792,-0.21875,-0.16667,0.487,-1,0.714,0.043,0.75000,-0.327,-1,-0.12500,-0.27083,-0.19792,-0.616
1,1,0.0,1.017,0.066,1.287,0.10123,0.96142,0.202,1.045,-0.313,0.449,0.54701,0.80426,0.25,1.095,0.27380,0.781,0.28714,0.59615,0.29304,0.52494,0.29200,0.45582,0.187,0.461,0.365,0.32930,0.25553,0.27381,0.244,0.22427,0.21378,0.18086,0.19083
0,1.001,0,1,-0.114,-1,-1.332,-0.764,-1,0.719,0.229,0.81349,0.76190,-1,-1,-1,1,0.47364,0.988,1,0.618,0.79,-1,-0.71,-1,1.084,0.345,1,0.637,1,0.50794,-0.586,-0.32540,-1,0.967
1,0.539,0,0.93669,-0.001,0.36,0.614,0.92314,-0.40129,0.93123,0.16828,0.96197,0.09061,0.99676,0.114,0.91586,0.05097,0.84628,-0.25324,0.476,-0.14482,0.84871,0.26133,0.458,-0.03641,0.84547,-0.031,0.491,-0.028,0.787,0.1,0.989,-0.102,0.795,-0.14725
0,1,0,1.226,-1,1.301,1,0.773,1,1.177,-0.499,0.69,1,1,0.889,1,0.733,0.0,0,1,1,1,1,0.71,-0.844,1,0.951,1,0.62500,1,-0.828,-0.649,0.987,1,1
1,1,0.0,1,0.311,1,-0.78509,1,-0.10401,0.737,0.203,1,0.27820,0.494,-0.063,1,0.06610,0.95802,-0.18954,0.83584,-0.15633,0.97400,0.019,0.757,0.09242,1.434,-0.009,1.044,-0.067,0.91165,0.035,1,-0.199,1.029,-0.11717
0,1,0.0,0.36876,-1,-1,-0.831,-0.07661,1,1,0.95041,0.74597,-0.42,-1.161,-0.79313,-0.104,1,0.48684,0.46502,0.31755,-0.191,-0.184,-0.168,-0.135,0.06895,0.025,0.06639,0.03443,-0.009,-0.00403,-0.01672,-0.011,0.001,0.0,0.003
1,0.832,0,0.79847,0.264,0.80804,-0.184,1,-0.07653,0.509,-0.07398,0.593,0.20663,0.99745,0.02105,0.98214,0.028,1,-0.13074,0.95663,0.043,1,0.002,0.852,0.159,0.724,-0.14541,1,-0.004,0.836,0.07908,1,-0.107,1.128,-0.05740
0,0,0,0,0,0,0,0,0.0,0.0,0.0,0,0.0,1,0.977,1.293,1.5,1,-1,0,0,0.613,0.549,1,-1,1,0.653,1.119,0,0.709,0.994,1,-1,0.0,0.0
1,1.411,0.0,0.581,-0.295,1,-0.25346,0.94623,-0.35094,1,-0.388,0.92736,-0.671,0.90818,-0.44119,0.75723,-0.58899,0.806,-0.308,0.59623,-0.57579,0.68459,-0.895,0.54465,-1.303,0.353,-0.73333,0.35504,-0.572,0.26352,-0.542,0.16604,-0.644,0.13,-0.70000
0,1,0.0,0,0,0,0.0,0.0,0.0,-0.85000,-1,0.0,0.0,1.198,-1.489,0,0.0,-1,-0.597,-1,-1,1.492,-1.482,-0.60000,-0.762,1,1,-1,-0.291,1,-1,0,1,0,0.0
1,0.973,0.0,1.092,0.073,0.95455,-0.09091,0.887,0,1,0.0,0.95455,0,0.888,0.058,0.90909,-0.04545,1,0,1.36,0,0.86364,0.09091,0.77273,0.09091,1.205,0.037,0.988,0.02897,0.95455,0.09091,0.86364,-0.134,1.084,0.038
0,0,0,0,0,-1,1,1.032,1,-1,-0.773,0,0.0,-0.834,-1,-1.114,-0.455,-1.128,-0.564,1,-1,1,-0.712,0,0,0.923,-1,-1.134,-1.09,0,0.0,1,-1,0.0,0.0
1,1,0,0.91176,-0.066,0.97059,0.17647,0.82353,0.13,0.91176,-0.02941,0.823,-0.17647,0.97059,0.101,0.939,0.02941,0.913,0,1,0.0,0.76471,0.122,0.88235,0.032,0.621,0.02941,0.92663,0.03,1.038,-0.067,0.97059,0.05882,0.878,0.031
0,1.143,0,-0.714,1.021,-0.635,0.165,0.28354,1,-1,1,-0.98,-1,1.465,1,-1.121,-0.23476,0.28301,-1,1.457,1.265,-0.31402,-1,-1,-1.09,1,-1,-0.923,-0.03578,1,-1.004,-1,-0.428,0.14939,0.699
1,1,0,0.47368,-0.057,0.83781,0.01756,0.83155,0.02615,0.68421,-0.061,0.68421,0,0.698,0.05028,0.736,0.03,0.934,0.298,1.208,0.05263,0.669,0.044,0.70301,0.08141,0.224,0.231,0.865,0.08968,0.52632,-0.21053,0.60150,0.055,0.74,0.09719
0,1,0,-0.00641,-0.61,0.0,0.0,-0.014,0.964,0.0,0,0,0,0,0.0,0,0,0,0,0.31410,0.92949,-0.499,0.889,-0.44,-0.80769,0,0.0,-0.61538,-0.442,0.0,0.0,0,0,0.0,0
1,1.133,0.0,1,0.45455,0.703,0.773,1.138,0.926,1,-0.081,1,0,0.416,-0.45455,0.63636,0.257,1,-0.709,1,-0.27273,0.90909,-0.61,1.017,0.063,1,-0.09091,1.05,0.08867,0.86,0.36364,1,0.63636,0.72727,0.27273
0,0,0,-0.994,-1.261,1.142,-1,-1,1.158,0.0,0.0,1,-1,1,-1,0.0,0,0.0,0,0,0,-1.425,1,1.205,-1,-0.857,1.441,1.057,1,0,0.0,1,0.425,0,0
1,1,0.0,0.386,0.09091,0.63636,0.09091,0.227,0.18182,0.63636,0,0.36364,-0.09091,0.45455,-0.09091,0.367,-0.012,0.63636,-0.153,0.305,0.0,0.36364,-0.09091,0.239,0.18182,0.525,-0.056,0.364,-0.01768,0.382,0.0,0.19,0,0.28985,-0.01832
0,1,0.0,-1,-0.59677,0,0.0,-1,0.64516,-1.305,0.579,0.0,0.0,0,0,0.0,0,0.0,0,0.0,0.0,-0.755,-0.714,0,0,0.29839,0.195,1,0.51613,0,0.0,0.0,0,0,0
1,1,0.0,1,0.176,1,0.83,1,0.71429,1.218,-0.14286,1.108,-0.14286,1,0.02534,0.558,0.0,0.263,-0.14286,1,0.03617,0.909,-0.278,0.735,0.0,0.288,-0.321,1,0.04891,1,0.05182,1.196,0.57143,1,0
0,0,0,1,1.484,1.038,-0.831,1.35,1.004,1,0.804,1,1.323,1,-1.128,1,1,1,-1,1.039,-1,1,0.578,1,0.757,1.355,-1,1.193,0.84,1,1,1.093,1,1,1
1,1,0,1.282,0.429,0.765,0.82161,0.10380,0.53,-0.221,0.87916,-0.73939,0.426,-0.92099,0.16731,-0.82417,-0.232,-0.612,-0.465,-0.24012,-0.959,0.18823,-0.78699,0.302,-0.608,0.797,-0.24843,0.69097,0.12,0.52798,0.499,0.25974,0.56573,-0.06739,0.57552
0,0,0.0,1,-0.699,1,0.779,1,-1.015,1.305,1,1.455,-0.612,0.824,-1,1,-0.9,1,1,0.804,1,0.516,1,1,-1.215,1,1,1.054,1,1,1,1.074,1,1,-0.526
1,0.611,0,0.92657,0.04174,0.89266,0.229,0.694,0.19791,0.945,0.467,0.431,0.40198,0.76221,0.40552,0.66586,0.283,0.60101,0.51752,0.429,0.52180,0.48435,0.352,0.42546,0.55684,0.33340,0.454,0.26978,0.546,0.306,0.411,0.179,0.49124,0.11573,0.661
0,0,0,1,1,1.209,-1,1,-1,1,1,0,0.0,0.574,-1.422,0.0,0.0,0.0,0.0,0,0.0,-1.228,1,0.647,1,0,0.0,1.306,0.627,0.0,0,-1,-1,0,0
1,1,0,0.93537,0.13645,0.93716,0.308,0.468,0.38779,0.707,0.47127,1.023,0.405,0.65260,0.775,0.5,0.73586,0.29,0.82742,0.257,0.85952,0.125,0.85615,0.004,0.88869,-0.066,1.029,-0.106,0.78004,-0.33169,0.71454,-0.38532,0.64363,-0.527,0.55835
0,0,0.0,0.531,-1.057,-1.184,1.236,-1,1,1,1,1,0.661,-1,-1,-0.682,-0.885,0.679,1,0.932,-1,-1,-1,-1,-0.889,0.632,0,0.635,-1,1,-1,-1,1,-0.642,0.718
1,1,0.0,0.80627,0.13069,0.73061,0.165,0.64615,0.156,0.192,0.45577,0.44793,0.367,0.25000,0.57308,0.25192,0.204,0.182,0.695,-0.09808,0.673,-0.03462,0.296,-0.08856,0.584,-0.163,0.40006,-0.279,0.34976,-0.252,0.29541,-0.26634,0.281,-0.23846,0.31154
0,0,0,1,-1.106,1.372,1,1,-1.203,1,1.069,1,-1.498,0.654,1,1.33,-1,1.339,-1,0.552,1.452,1,1.107,0.761,-1.486,1,-1,0.656,-1,1,1,1,-1,1,1.068
1,1,0.0,1.29,0.13082,0.75,0.198,0.88783,0.32248,0.787,0.366,0.85550,0.45217,0.779,0.52284,0.69946,0.58820,0.58548,0.606,0.48869,0.70398,0.44245,0.753,0.502,1.01,0.26832,0.76210,0.16813,0.78541,0.07497,0.493,-0.043,0.867,-0.12,0.74242
0,0,0,0.0,0.0,1,1,0,0,0.626,0.607,0,0.0,0.575,-1,0.0,0,0,0.0,0,0.0,0.0,0,0,0.0,0,0,1,-1.057,0,0.0,-1.404,1,0.0,0
1,1,0,0.94,0.15451,0.477,0.29757,0.72582,0.191,0.89,0.766,0.391,0.324,0.43270,0.74676,0.338,0.67697,0.19128,0.76818,0.027,1.071,-0.12064,0.527,-0.179,0.848,-0.216,0.65708,-0.38798,0.58553,-0.46799,0.50131,-0.53146,0.40732,-0.56231,0.471
0,0,0.0,0.0,0.0,1,1.421,0.715,0.509,0.0,0,0,0.0,-1,-1,0,0.0,-1,-1,0,0.0,0.0,0,1,1,0.0,0,0.588,1,0,0.0,-1,1,0,0.0
1,0.909,0.0,0.88804,0.382,0.751,0.665,0.29148,0.87892,-0.063,0.90135,-0.57,0.80441,-0.501,0.838,-0.82960,0.26906,-0.634,-0.062,-0.62780,-0.254,-0.46637,-0.55605,-0.16449,-0.785,0.052,-0.61055,0.30406,-0.437,0.43227,-0.29838,0.47029,-0.09461,0.42152,0.12556
0,0,0,1,-1.311,1,0.776,1,0.697,1.213,1,1.445,0.862,1.036,-0.941,1,1.182,1,1,1.13,-1,0.519,-1.17,1,-1,1,-1,1,0.658,1,-0.965,0.742,1,1,1
1,1,0,0.73523,-0.38293,0.80151,0.10278,0.78826,0.15266,0.369,0.051,1,0.252,0.519,0.284,0.68798,0.326,0.342,0.17287,0.64333,-0.035,0.426,0.255,0.53120,0.44872,0.94530,0.57549,0.429,0.534,0.12473,1.174,0.332,0.282,0.30588,0.49831
0,0,0.0,0,0,0,0.0,0,0,0.0,0.0,0.0,0.0,0,0,0,0.0,0,0,0,0.0,0,0,0,0,0.0,0,1,0.746,0.0,0.0,0.0,0.0,0,0.0
1,1,0.0,1.312,0.00892,0.97287,-0.003,0.963,0.003,1.088,0.015,0.94054,0.051,0.97213,0.04719,0.98625,0.012,0.668,0.07135,0.98551,-0.00706,0.97770,0.065,0.96358,0.07098,1.219,0.084,0.95243,0.035,0.97473,0.01,0.97845,0.07061,1,-0.00260
0,0,0,1,1,-0.718,-1.443,-0.788,-1.46,0.0,0,0.0,0,-1,-1.396,0.0,0,0,0,0.0,0,-0.719,1.496,1.092,1,0.0,0,0.534,-1,0,0,-1,-0.896,-1,-1
1,1,0.0,0.385,-0.091,0.71442,0.008,0.71063,0.013,0.68065,0.015,0.34615,0.05594,0.69050,0.063,0.352,0.053,0.67023,0.047,0.63403,-0.04662,0.64503,0.06856,0.63077,0.07381,1.015,0.18065,0.59935,0.1,0.38228,0.06760,0.792,0.09046,0.488,0.095
0,1.042,0,0.467,1.289,1.2,-0.985,0.72,0.029,0.76087,0.10702,0.86789,0.73746,0.70067,0.18227,1.089,0.197,0.93478,-0.25084,0.70736,0.278,0.927,0.24582,0.612,0.77425,1,-0.557,1.097,0.22216,0.71070,0.53846,1,-0.06522,0.808,0.23913
1,1.327,0,1.024,-0.059,0.656,-0.29630,1,-1.003,0.80000,0.072,0.45556,-0.308,1,-0.12581,1,-0.83519,0.487,0.01852,0.508,-0.05926,0.929,-0.19938,0.586,0.22037,0.761,-0.338,0.92148,-0.24549,0.78889,0.028,0.87492,-0.27105,1.181,-0.57037
0,1,0.0,0.38521,0.156,0.41245,0.07393,0.143,0.238,0.23346,0.13230,0.254,0.25292,0.348,0.492,0.08949,0.22957,-0.03891,0.235,0.058,0.24903,0.177,0.053,0.07782,0.29961,-0.02494,0.341,-0.06024,0.26256,-0.14786,0.148,-0.09339,0.31128,-0.107,0.207
1,1,0.0,0.57540,-0.027,0.75198,-0.05357,0.61508,-0.01190,0.53968,0.03373,0.61706,0.09921,0.584,-0.03,0.62698,0.014,1.005,0.02579,0.368,0.01587,0.47817,-0.015,0.696,0.03770,0.699,0.03968,0.61291,-0.01,0.61706,-0.16,0.68849,-0.013,0.37,-0.041
0,1,0.0,0.06404,-0.136,-0.049,0.059,0.058,-0.02463,-0.011,0.18719,0.06404,0.0,0.12315,-0.09852,0.05911,0,0.01970,-0.02956,-0.12808,-0.104,0.06897,0.01478,0.05,0.036,0.058,0.155,0.28079,-0.04926,-0.05911,-0.09360,0.058,0.058,0.062,-0.10837
1,1,0.0,0.671,0.146,0.70694,-0.101,0.70358,0.015,0.74273,0.00224,0.652,0.079,0.71588,-0.00224,0.866,0.06600,1.179,-0.192,0.68680,-0.09060,0.323,-0.018,0.60962,0.11745,0.71253,-0.09508,0.69845,-0.01673,0.63311,0.04810,1.143,-0.036,0.935,-0.04698
0,1,0,0.25316,0.35949,0.0,0.0,-0.247,-0.831,0,0,0.059,-0.041,0.0,0,0.0,0.0,0,0.0,0.0,0.0,0.008,0.68101,-0.145,0.377,-0.10380,0.35696,0.05570,-1,0,0,0.06329,-1,0,0
1,1,0,0.607,-0.00857,0.512,-0.02465,1.167,-0.02,0.89175,-0.144,0.82208,-0.10932,0.868,0.011,0.715,-0.13719,0.866,-0.048,0.90782,-0.02358,0.623,-0.14577,0.427,-0.12433,0.467,-0.19507,0.88245,-0.14903,0.84352,-0.181,0.88424,-0.157,0.91747,-0.16827
0,1,0,0.547,-0.518,0,0,0.0,0,0.692,0.766,0.324,0.02083,0,0,0,0,0.16458,-0.622,0.59167,-0.237,0.0,0.0,0.0,0,0.98750,-0.40833,-1.119,-1,-0.162,-0.75625,0.0,0,0,0.0
1,1,0,0.782,0.023,0.92007,0.01305,0.92442,0.016,1.031,-0.10223,0.90103,-0.08428,0.783,-0.01033,1.212,-0.08918,0.647,-0.05057,1.135,-0.04024,0.88418,-0.087,0.88907,-0.083,0.936,-0.211,0.86453,-0.091,1.079,-0.13051,1.244,-0.12452,0.86786,-0.12235
0,1,0,0,0.0,1,0.175,0.736,-0.018,0.0,0.0,1,-0.42444,1.455,0.19556,1,-0.05333,1,-1.214,0,0,0.597,-0.04000,1,-0.204,0.0,0,1.19,-1,0.0,0.0,1,0.11778,1.344,-0.09556
1,0.564,0.0,0.81143,0.03714,0.919,-0.001,0.79000,0.00714,0.79571,-0.04286,0.87571,0,0.85571,-0.089,0.86429,0.002,0.952,-0.05429,1.192,-0.065,0.647,-0.08429,0.919,-0.05000,0.77000,-0.06857,1.036,-0.077,0.82571,-0.156,0.81429,-0.049,0.82143,-0.15143
0,1,0.0,0.0,0.0,0,0.0,0.0,0,0,0,0,0.0,-1,1,0.773,0.412,0,0.0,0,0,0,0.0,0,0,0,0.0,1,0.834,0.0,0,0.0,0,0,0.0
1,1,0.0,0.49870,0.01818,0.43117,-0.09610,0.559,-0.045,0.50130,0.141,0.44675,0.061,0.51,-0.11948,0.51688,-0.054,0.52727,-0.065,0.55325,-0.01039,0.48571,-0.018,0.473,-0.012,0.59221,0,0.597,-0.03,0.43117,0.03377,0.54545,-0.059,0.334,-0.08571
0,0,0,0.0,0,0.0,0.0,0,0,0,0,0.0,0,0,0.0,0.0,0,0.0,0,0,0,0.0,0,0.0,0.0,0.0,0,1,-1,0.0,0.0,0.0,0,0.0,0
1,1,0,1,0.5,1,0.144,0.274,1,0.106,0.91180,-0.167,0.437,-0.34107,0.322,-0.529,0.37856,-0.43663,0.2,-0.344,0.00678,-0.26477,-0.069,-0.086,-0.12964,-0.07782,-0.12744,-0.02089,-0.145,0.013,-0.07036,0.02224,-0.036,0.02249,-0.026
0,1,0,0.0,0,0.0,0.0,1.113,1,-1,-1.351,0,0,1.334,-0.11111,0.0,0,0,0,-0.509,1.391,1,0.894,1.27,-1,0.0,0,1,-0.735,0,0.0,0,0,1.35,1
1,1,0,0.87048,0.387,0.64099,0.69212,0.355,1.035,-0.028,0.90740,-0.363,0.79346,-0.865,0.51560,-0.81049,0.243,-1.09,-0.12539,-0.67474,-0.458,-0.288,-0.62861,-0.13013,-0.576,0.15552,-0.942,0.38544,-0.735,0.765,-0.29897,0.81,-0.05938,0.51460,0.16645
0,1.056,0.0,0,0,0.0,0,0,0,-1,1,0.0,0,1,0.37333,-0.12000,-0.12000,0.0,0.0,-1.237,-1,0.0,0,0.877,-0.851,0.0,0.0,1,0.259,0.0,0,0,0,0.0,0
1,1,0.0,0.446,0.43491,0.59573,0.812,0.19672,0.94537,-0.24103,0.649,-0.62526,0.526,-0.86443,0.33652,-0.92384,-0.076,-0.77356,-0.233,-0.309,-0.73285,-0.10237,-0.779,0.222,-0.662,0.55984,-0.369,0.737,-0.24433,0.72478,0.09599,0.472,0.38915,0.506,0.57656
1,1,0.0,0.419,0.013,0.162,0.316,0.14919,0.373,-0.192,0.92324,-0.11,0.243,-0.61352,0.156,-0.841,-0.05409,-0.154,-0.14329,-0.30315,-0.44615,-0.11409,-1.016,0.032,-0.22786,0.27942,-0.06295,0.33737,-0.11876,0.27657,-0.112,0.15078,0.13296,0.12197,0.20468
1,1,0,0.83427,0.39121,0.54040,0.987,0.094,0.89402,-0.218,0.83578,-0.70086,0.456,-0.61,0.177,-0.84442,-0.24164,-0.548,-0.61894,-0.153,-0.87787,0.12439,-0.488,0.667,-0.72454,0.79143,-0.18,0.439,0.08718,0.44,0.478,0.37542,0.70011,-0.03,0.79444
1,1,0,0.687,-0.03490,0.59085,0.003,0.773,-0.049,0.63177,0.00963,0.318,-0.07461,0.67028,0.07,0.62936,-0.08424,0.823,0.094,0.67148,0,0.58965,0.14,0.266,0.03129,0.573,0.14079,0.60463,0.02,0.449,0.058,0.61733,-0.009,0.61372,-0.09146
1,1.134,0.0,0.74449,-0.02390,0.637,0.032,0.72243,0.136,0.74,0.098,0.81434,0.43934,0.777,0.00551,0.70772,0.21691,1,0.053,0.496,0.052,0.67463,0.04228,0.315,-0.25000,0.72978,-0.15809,0.61727,0.07124,0.297,0.121,0.55916,0.058,0.60294,0.21691
1,1,0,0.61538,0.18923,0.988,0.014,1.034,0.037,0.701,-0.052,0.77538,0.08000,0.73961,0.05060,0.696,0.053,0.882,-0.058,0.61692,0.16308,0.66233,0.07573,0.78,0.091,0.60154,-0.087,0.58803,0.08767,0.55077,0.262,0.53389,0.09207,0.383,0.09322
1,1,0.0,0.734,0.05375,1.228,0.002,0.84341,0.004,0.84300,0.057,0.66,0.059,0.81892,0.00585,0.80738,0.00673,0.80622,-0.162,0.492,-0.03536,0.76365,0.00909,0.74635,0.007,0.707,-0.04243,0.86,0.01096,0.648,0.11598,0.66624,0.01190,0.494,0.01227
1,0.615,0,0.5,0.0,0.38696,0.10435,0.503,0.063,0.46957,-0.03913,0.35652,-0.12609,0.45652,0.04783,0.50435,0.02609,0.515,0.19565,0.405,0.112,0.221,-0.025,0.247,-0.11304,0.47391,-0.009,0.41789,0.06908,0.5,0.035,0.35217,0.187,0.468,0.17391
1,1,0,0.742,0.09417,0.78129,0.20656,0.937,0.288,0.69320,0.41252,0.65917,0.478,0.57898,0.60814,0.649,0.58445,0.33354,0.995,0.29587,0.395,0.086,0.619,0.021,0.72236,-0.08748,0.423,-0.077,0.547,-0.18226,0.56015,-0.25516,0.51701,-0.274,0.47
1,1,0,1,0.09802,1,0.371,0.567,0.33044,0.80365,0.342,1.009,0.306,0.37,0.71942,0.55311,0.568,0.29452,1.015,0.124,0.79777,0.09709,0.689,-0.01734,0.79870,-0.13,0.75596,-0.334,0.69187,-0.31713,0.538,-0.40291,0.327,-0.42815,0.47
1,1,0.0,0.845,0.13425,0.938,0.271,0.963,0.43388,0.63388,0.59975,0.67,0.71016,0.327,0.509,0.219,0.79523,0.09134,0.79598,-0.09159,0.76261,-0.156,0.66926,-0.30263,0.62610,-0.477,0.50489,-0.46215,0.417,-0.455,0.195,-0.52823,0.19172,-0.48808,0.06
1,1,0.0,1.183,0.17498,0.90946,0.331,0.65,0.49960,0.73678,0.63842,0.59215,1.072,0.48698,0.83614,0.433,0.90665,0.17959,1.036,-0.00701,0.93109,-0.208,0.89383,-0.33023,0.944,-0.46534,0.889,-0.733,0.944,-0.912,0.52564,-0.717,0.38,-0.81210,0.26092
1,0.819,0,0.91767,0.18198,1.185,0.431,0.72873,0.45747,0.60425,1.029,0.50376,0.723,0.36100,0.533,0.15664,0.83558,0.002,0.85210,-0.16390,0.77853,-0.35996,0.76193,-0.43087,0.508,-0.483,0.528,-0.904,0.40972,-0.74,0.27338,-0.518,0.199,-0.64056,0.037
1,1,0.0,0.76627,0.297,0.802,0.38112,0.366,0.52500,0.15000,0.22273,0.13753,0.59565,-0.07727,0.44545,0.0,0.48636,-0.367,0.42014,-0.56136,0.36818,-0.478,0.246,-0.471,0.086,-0.38483,-0.042,-0.289,-0.12486,-0.249,-0.212,-0.19962,-0.269,-0.11894,-0.27218
1,1,0,0.58940,-0.60927,1.219,0.55298,0.81126,0.047,0.405,0.238,0.32781,0.24172,0.50331,0.12252,0.63907,0.141,0.51,0.501,0.649,0.13907,0.46,0.27815,0.461,0.093,0.51872,0.26653,0.49013,0.338,0.501,0.28574,0.43484,0.263,0.42,0.29942
1,1.197,0.0,1,0.153,0.70019,-0.066,0.743,0.09677,0.71157,0.01139,0.56167,-0.07780,0.69070,0.12524,0.58634,0.057,0.305,-0.03416,1.014,0.16888,0.952,0.098,0.32068,0.052,0.443,0.277,0.41,0.17951,0.15180,0.32448,0.436,0.18897,0.56167,0.15180
1,1,0,0.84843,0.046,0.80562,-0.029,0.77031,-0.039,0.657,-0.06620,0.59582,-0.102,0.654,-0.05771,0.64260,-0.078,0.53,0.04530,0.755,0.014,0.55970,-0.08039,0.53430,-0.08453,0.47038,-0.22822,0.278,-0.117,0.743,-0.074,0.44277,-0.09621,0.42223,-0.076
1,1,0,1,0.1,0.96775,-0.004,0.96683,-0.008,0.622,-0.039,1,0.02,0.96186,-0.01436,0.95947,-0.008,0.662,0.012,0.852,-0.08848,0.95016,-0.02364,0.94636,-0.02591,0.98164,0.012,1.105,-0.03034,0.89,-0.05843,0.64,-0.03464,0.92226,-0.04
1,1,0,0.246,-0.12371,0.42784,-0.176,0.70103,-0.39175,0.74,0.07216,0.181,-0.21649,0.49485,0.15979,0.421,-0.11856,0.601,0.072,0.5,-0.27320,0.568,0.18557,0.26,0.113,0.834,0.19588,0.53396,-0.12447,0.15464,-0.221,0.281,0.04124,0.668,-0.734
1,1,0,0.63510,-0.04388,0.76530,0.03,0.497,0.484,0.868,-0.004,0.469,0.063,0.79446,-0.43418,0.72517,0.54965,0.59584,0.083,0.661,0.298,0.63279,-0.25404,0.70951,0.15359,0.906,0.204,0.68775,0.095,0.61663,0.07621,0.66316,0.19841,0.765,0.37
1,1,0,0.50112,-0.038,0.61124,0.01348,0.58876,0.017,0.829,0.03,0.73,-0.006,0.861,-0.065,0.66517,0.00899,0.83,0.02472,0.64719,-0.07416,0.56854,0.202,0.57528,-0.025,0.46517,0.056,0.56588,0.007,0.47640,-0.043,0.54607,0.072,0.60674,-0.08090
1,1.233,0.0,0.81,-0.00647,0.961,-0.056,0.63107,-0.05178,0.77994,0.08091,0.67314,0.09709,0.612,0.15858,0.60194,-0.02,0.795,-0.031,0.46926,-0.12,0.643,0.133,0.294,0.21683,0.52427,-0.05502,0.45105,0.00040,0.31392,-0.06796,0.49191,-0.094,0.30421,-0.063
1,1,0.0,0.68148,0.08,0.77037,0.03457,0.448,0.08148,0.60988,-0.00494,1.182,0.11852,0.512,0.071,0.475,0.09630,0.78272,-0.17531,0.791,-0.078,0.702,0.00988,0.60988,0.08148,0.433,-0.138,0.63773,-0.02451,0.76543,0.023,0.453,-0.062,0.51358,-0.04691
1,1.397,0,0.60678,-0.014,0.999,0.04068,0.52881,-0.064,0.50508,0.03729,0.623,-0.07797,0.418,-0.02034,0.53220,0.07797,0.64068,0.085,0.56949,-0.02373,0.792,0.00678,0.727,-0.03390,0.359,-0.03390,0.303,0.00750,0.861,-0.005,0.58983,-0.034,0.319,0.06780
1,1.101,0,0.49515,0.09709,0.29612,0.05825,0.408,0.0,0.513,-0.035,0.58252,0.02427,0.33495,0.05,0.382,0.00485,0.343,-0.10680,0.47,0.00485,0.336,0.05825,0.263,0.139,0.31068,-0.15049,0.303,0.03815,0.305,0.17476,0.26214,0,0.457,-0.01942
1,1,0,0.792,0.031,0.93102,0.34100,0.83904,0.35222,0.416,0.48906,0.79,0.51879,0.55076,0.889,0.537,0.66237,0.184,0.70443,0.259,0.68873,0.086,0.996,0.06338,0.574,-0.16489,0.69714,-0.16556,0.768,-0.12,0.802,-0.367,0.44195,-0.33483,0.37465
1,0.888,0,0.82,0.09,0.90112,0.448,1.023,0.48561,0.71760,0.64888,0.58827,0.791,0.40349,0.83156,0.25140,0.454,0.026,0.85475,-0.12193,0.47,-0.26180,0.906,-0.248,0.71676,-0.51034,0.58324,-0.551,0.588,-0.61899,0.285,-0.708,0.18345,-0.64134,0.02968
1,0.876,0,1.406,0.21677,0.91966,0.47030,0.744,0.62415,0.601,0.644,0.36774,1.078,0.10107,0.904,-0.039,1.004,-0.28269,0.72073,-0.43707,0.481,-0.294,0.48120,-0.633,0.529,-0.908,0.226,-0.66651,0.02277,-0.64872,-0.13462,-0.54615,-0.22949,-0.47201,-0.35032
1,1,0,0.94331,0.282,0.771,0.40803,0.80514,0.637,0.56687,0.70830,0.41836,0.74,0.14939,0.652,0.055,0.93682,-0.24742,0.636,-0.499,0.75554,-0.50251,0.692,-0.952,0.50428,-0.68851,0.30912,-0.77097,0.125,-0.408,-0.04399,-0.522,-0.114,-0.66932,-0.29
1,1,0.0,0.93972,0.28082,0.816,0.52821,0.58167,0.73151,0.411,0.80511,0.137,0.90403,-0.20015,1.004,-0.39730,0.82163,-0.364,0.62867,-0.76305,0.439,-1.167,0.24,-0.572,-0.04284,-0.41,-0.26883,-0.471,-0.456,-0.46422,-0.61446,-0.394,-0.70835,-0.062,-0.71273
1,1,0.0,0.89835,0.364,0.67333,0.62233,0.43898,0.981,-0.021,0.80510,-0.222,0.788,-0.25137,0.453,-0.57377,0.296,-0.66750,0.123,-0.47359,-0.088,-0.805,-0.06011,-0.33197,-0.47592,-0.118,-0.386,0.07158,-0.51925,0.24321,-0.242,0.36586,-0.30057,0.297,0.13297
1,1,0,0.29073,0.10025,0.23308,0.17293,0.03759,0.34336,0.168,0.161,0.058,0.26,-0.025,0.173,-0.091,0.107,-0.084,0.055,-0.05431,0.01408,-0.04166,-0.00280,-0.02876,-0.01176,-0.019,-0.01505,-0.00886,-0.01475,-0.003,-0.014,0.00096,-0.00948,0.004,-0.006
1,1,0.0,0.506,-0.35526,1,0.35338,0.75376,-0.007,0.534,0.19361,0.50188,-0.155,0.65977,0.06391,0.49,0.14662,0.72368,-0.42669,0.516,0.04511,0.66917,0.19,1.121,-0.565,0.64850,-0.04699,0.401,-0.063,0.781,-0.165,0.107,-0.12218,0.44767,-0.10309
1,1.303,0,0.531,0.12,0.72171,0.06059,0.626,0.08315,0.207,0.189,0.62,0.20330,0.49418,0.078,0.394,0.153,0.29352,0.02922,0.48158,0.15756,0.434,0.14616,0.185,0.134,0.26436,0.14530,0.23641,0.14314,0.26429,0.187,0.123,0.13632,0.16655,0.13198
1,1,0.0,0.94080,0.129,0.746,0.01038,0.446,0.015,0.76966,-0.00278,0.84459,0.135,0.818,0.016,0.82680,0.03506,0.74838,0.012,0.80019,0.02405,0.80862,0.04901,0.80259,0.06,0.86,0.02220,0.666,0.078,0.85939,0.09251,0.77863,0.052,0.77269,0.076
1,1,0.0,1.187,0.04326,0.79946,0.18297,0.99009,0.29292,0.545,-0.042,0.88598,-0.02028,0.90446,-0.26724,0.948,0.153,0.837,-0.055,1.092,-0.00991,0.97882,-0.32,0.78954,-0.356,0.807,-0.09193,0.85967,-0.033,0.78774,-0.04101,0.578,0.21812,1.05,0.09193
1,1,0,0.74916,0.02549,0.98994,0.09792,0.75855,0.12877,0.74313,-0.089,0.95842,0.026,0.97921,-0.003,0.656,0.10195,0.905,0.03756,0.733,0.027,0.572,-0.08048,0.81,0,1.002,-0.01207,0.657,0.02552,0.72435,-0.01073,0.758,0.085,0.63,0.035
1,1,0,0.661,0.153,0.06213,-0.18343,0.62316,0.01006,0.45562,-0.04438,0.6,0.01775,0.44675,0.209,0.87,-0.03846,0.781,0.186,0.581,0.158,0.591,0.02842,0.51183,-0.06,0.47929,-0.02367,0.46514,0.018,0.453,0.345,0.222,-0.14497,0.34615,-0.00296
1,1,0,0.497,0.171,0.793,-0.097,0.85122,-0.182,0.80979,0.037,0.50471,0.02825,0.67420,-0.04,0.80791,-0.13748,0.51412,-0.314,0.81544,-0.115,0.70245,-0.005,0.33333,0.057,0.619,-0.33145,0.61444,-0.16837,0.52731,-0.012,0.53861,-0.353,0.829,-0.22034
1,1,0,0.71,-0.047,0.768,-0.049,0.43,0.0,0.73673,-0.07643,0.71975,-0.13588,0.515,-0.165,0.436,-0.212,0.78132,-0.21231,0.61996,-0.109,0.79193,-0.128,0.89384,-0.03397,0.84926,-0.137,0.564,-0.23312,0.489,-0.22293,0.72611,-0.37792,0.65817,-0.24841
1,0.895,0.0,0.87772,-0.08152,0.781,0.07337,0.636,0.04076,1.063,-0.029,0.551,-0.05707,0.82337,-0.10598,0.972,-0.00543,0.88043,-0.208,0.835,0.019,0.86413,-0.056,0.97283,-0.27989,0.85054,-0.256,0.83705,-0.10211,0.85870,-0.03261,0.843,-0.10870,0.786,-0.00543
1,1,0.0,0.628,-0.13241,0.459,0.119,0.768,0.138,0.578,-0.11067,0.66798,-0.23518,0.858,-0.19170,0.994,0.034,0.63043,-0.00395,0.63636,-0.11858,0.643,-0.36,0.66403,-0.372,0.67194,-0.10474,0.61847,-0.152,0.60079,-0.20949,0.37549,0.06,0.61067,-0.01383
1,0.506,0.0,0.309,0.11308,0.441,0.006,0.55432,0.086,0.354,-0.13969,0.598,0.01330,0.668,-0.16186,0.67849,-0.03326,0.54545,-0.13525,0.52993,-0.04656,0.47,-0.19512,0.50776,-0.138,0.615,-0.133,0.53930,-0.11455,0.59867,-0.041,0.53659,-0.111,0.56319,-0.04435
1,1,0,0.88116,0.332,0.72125,0.42881,0.725,0.678,0.356,0.90502,0.09831,0.96128,-0.262,0.471,-0.424,0.425,-0.65114,0.795,-0.78768,0.45535,-0.81856,0.096,-0.555,-0.08079,-0.514,-0.26356,-0.41,-0.348,-0.54732,-0.60858,-0.30512,-0.596,-0.19312,-0.75597
1,1,0,0.603,0.29282,0.771,0.55756,0.455,0.71596,0.173,0.92651,0.04636,0.96748,-0.23237,0.95130,-0.544,1.017,-0.715,0.62385,-0.90995,0.184,-0.92254,0.049,-0.93618,-0.19838,-0.83192,-0.613,-0.65165,-0.716,-0.41223,-0.604,-0.101,-0.496,0.079,-0.94823
1,1,0.0,1.123,0.30634,0.45,0.453,0.298,0.591,0.079,1,-0.113,0.92118,-0.624,0.71996,-0.69767,0.359,-0.81422,0.41195,-1,-0.00775,-0.78973,-0.357,-0.76901,-0.45478,-0.732,-0.945,-0.31610,-0.81876,-0.02979,-0.757,0.25392,-0.82127,0.001,-0.81686
1,1,0,0.83479,0.348,0.69256,0.47702,0.623,0.68381,0.177,1.158,-0.061,0.765,-0.35558,0.77681,-0.52735,0.58425,-0.677,0.31291,-0.75821,0.026,-0.868,-0.15317,-0.564,-0.366,-0.37199,-0.52954,-0.193,-0.69,0.068,-0.61488,0.25164,-0.678,0.40591,-0.35339
1,1,0,1.293,0.304,1.103,0.62349,0.49305,1.029,0.21592,1.203,-0.15,0.737,-0.47202,0.83590,-0.70747,0.65490,-0.87474,0.36750,-0.466,0.05595,-0.917,-0.26173,-0.73969,-0.54069,-0.496,-0.74735,-0.22323,-0.75,0.102,-0.663,0.36021,-1.003,0.59407,-0.58
1,1,0.0,0.83367,0.31456,0.737,0.62,0.34962,0.70677,0.17293,0.78947,-0.198,0.79886,-0.434,0.486,-0.68421,0.424,-1.074,0.19492,-0.72180,-0.04887,-0.62030,-0.162,-0.49165,-0.53463,-0.344,-0.627,-0.019,-0.615,0.22708,-0.64428,0.43100,-0.621,0.64662,-0.19
1,1,0.0,1.025,-0.02736,0.98058,-0.04104,0.615,-0.07635,1.277,0.01456,0.95278,-0.026,0.947,-0.07458,0.891,-0.07149,1.284,-0.093,1.007,-0.094,1.017,-0.047,0.95278,-0.08914,0.97352,-0.08341,0.96653,-0.12912,0.93469,-0.14916,0.97132,-0.119,1.399,-0.18800
1,1,0.0,0.875,-0.01531,0.586,0.01001,0.614,-0.01472,1.406,-0.01060,0.568,-0.041,0.493,-0.01767,0.97055,-0.03887,0.615,-0.055,0.95230,-0.04711,0.856,-0.02179,0.92815,-0.04417,0.92049,-0.038,0.92695,-0.05827,1.336,-0.07479,0.617,-0.07244,1.204,-0.07420
1,1,0,0.97032,-0.123,0.91324,-0.00228,0.96575,-0.131,1.219,0.18265,0.91781,0.00228,0.93607,-0.08447,0.91324,-0.001,0.86758,-0.08676,0.97032,-0.122,1,0.10274,0.597,-0.035,0.976,0.059,1.167,-0.1,1.421,-0.182,0.85388,-0.054,0.96575,-0.193
1,0.945,0,0.52542,-0.034,0.783,0.08475,0.474,-0.16949,0.218,-0.01695,0.50847,-0.139,0.64407,0.352,0.921,-0.478,0.54237,0.01695,0.55932,0.03390,0.458,0.30508,0.86441,0.05085,0.364,0.15254,0.67287,-0.00266,0.939,-0.04,0.83051,-0.177,0.873,-0.10169
1,0.819,0.0,0.175,-0.312,0.44444,0.244,0.38889,0.191,0.379,0.13889,0.5,-0.11111,0.54911,-0.08443,0.572,0.417,0.529,0.02778,0.25000,-0.282,0.47222,-0.05556,0.52778,-0.017,0.553,0.08333,0.612,-0.14256,0.19444,-0.13889,0.36924,-0.14809,0.08333,-0.5
1,1,0.0,0.437,0.965,1.456,0.351,0.71178,0.638,0.45622,0.695,0.401,0.83,0.21249,1,-0.17416,1,-0.257,0.98722,-0.61382,1,-0.52674,0.496,-0.88500,0.47894,-1.299,0.35175,-1,0.132,-1,-0.16713,-1,-0.42226,-0.694,-0.705
1,1.137,0,0.75564,0.577,0.83550,0.54301,0.54916,0.515,0.35225,0.473,0.109,0.975,-0.09818,0.93778,-0.41,0.82223,-0.473,0.893,-0.68358,0.887,-0.634,0.24956,-1.057,0.02995,-0.98988,-0.29099,-0.5,-0.32792,-0.63312,-0.27,-0.34131,-0.60454,-0.28,-0.62956
1,1,0.0,0.83789,0.42904,0.508,0.58385,0.338,0.78115,0.117,0.475,-0.13012,1.165,-0.46177,0.851,-0.726,0.52070,-0.78470,0.311,-0.84014,0.03928,-0.62041,-0.375,-0.47412,-0.584,-0.37298,-0.67796,-0.033,-0.62691,0.188,-0.45911,0.37093,-0.39167,0.404,-0.355
1,1,0,0.93658,0.342,0.75254,0.65640,0.617,1.18,0.22,1.164,-0.21775,0.96301,-0.307,0.692,-0.78751,0.509,-1.114,0.175,-0.93641,-0.058,-0.87028,-0.405,-0.69,-0.519,-0.36799,-0.84951,-0.04578,-0.91221,0.358,-0.85762,0.54827,-0.69613,0.74828,-0.44173
1,1,0.0,0.92436,0.435,0.411,0.926,0.29303,0.94078,-0.139,0.76527,-0.345,1.091,-0.66616,0.78766,-0.92145,0.42314,-0.817,0.09585,-0.672,0.045,-0.66431,-0.66,-0.477,-0.78174,-0.192,-0.88082,0.19765,-0.85137,0.48904,-0.70247,0.69886,-0.46048,0.974,-0.091
1,1,0,1,0.177,1,-0.05558,1,0.01373,0.935,-0.074,1,-0.011,0.503,-0.015,1.423,-0.044,1,-0.07157,1,0.05900,1,-0.09,1,-0.02685,1,-0.118,1,-0.06823,1.254,0.103,0.735,-0.202,1,-0.069
1,1.181,0,0.95559,-0.001,0.518,-0.079,0.94982,-0.00461,1.125,-0.51171,0.92441,0.10368,1,-0.14247,0.99264,-0.026,1.365,-0.172,0.84013,0.61739,1,-0.156,0.87492,-0.08495,1.0,-0.01664,1.239,-0.018,0.83,-0.01867,0.80634,-0.01957,1.084,-0.013
1,1,0,0.815,0.29492,0.64064,0.358,0.43,0.68158,0.17,0.914,-0.127,0.78772,-0.294,0.72328,-0.506,0.223,-0.75436,0.16755,-0.941,-0.09856,-0.57695,-0.331,-0.569,-0.38287,-0.17437,-0.384,0.01523,-0.48707,0.19030,-0.525,0.31008,-0.23199,0.459,-0.08036
1,1,0.0,1.258,0.486,0.68389,0.444,0.34816,0.846,0.07,0.90842,-0.29784,0.947,-0.62635,0.69590,-1.112,0.39309,-0.85803,0.1,-0.81641,-0.292,-0.775,-0.568,-0.39766,-0.68337,-0.101,-0.75533,0.17041,-1.036,0.537,-0.57649,0.56626,-0.36765,0.62765,-0.13305
1,1,0,0.89,0.291,0.66129,0.63,0.29521,0.90824,-0.049,0.94415,-0.675,0.84605,-0.693,0.58511,-1.052,0.25133,-1.138,-0.15315,-0.652,-0.48404,-0.50931,-0.76197,-0.113,-0.687,0.21581,-0.85703,0.53229,-0.648,0.802,-0.595,0.83142,-0.037,0.76862,0.27926
1,1,0.0,1.026,-0.347,1,-0.137,0.87342,-0.10127,0.88608,0.01266,1,0.17,1.336,0.088,0.84810,-0.03797,0.947,-0.36709,1.299,-0.01266,0.669,0.043,1,0.25316,0.62025,-0.274,0.84637,-0.05540,1,-0.055,0.78,0.027,0.83544,-0.02532
1,1,0,0.74790,0.00840,0.847,0.009,0.82638,0.02469,0.86555,0.01681,0.60504,0.05882,0.79093,0.034,0.684,0.056,0.342,0.19328,0.981,0.04202,0.882,0.07122,0.562,0.093,0.92,0.053,0.63728,0.061,0.61345,0.01681,0.58187,0.08757,0.496,0.13
1,1,0.0,0.85013,0.026,0.92211,0.01456,1.281,0.02180,0.92765,0.08010,0.87597,0.122,0.91161,0.04320,0.90738,0.05018,0.87339,0.02842,0.95866,0.0,0.981,0.051,0.851,0.07697,0.83721,0.158,0.673,0.048,0.87597,0.126,0.85198,0.11,1.049,0.089
1,1,0,1.121,-0.009,1,-0.002,1,-0.01565,0.555,-0.023,1,-0.032,1,-0.012,1.275,-0.03087,0.99528,-0.024,0.99314,-0.02,1.352,-0.03881,1,-0.05039,1,-0.04931,0.955,-0.05527,0.99400,-0.067,0.905,-0.06497,0.53,-0.06668
1,1,0.0,0.871,-0.03168,0.87525,0.05545,0.89505,0.01386,1.383,0.02772,0.526,-0.011,0.537,-0.022,0.91881,0.03366,0.93663,0.0,1.15,0.01386,0.974,0.007,0.743,-0.016,0.969,0.02376,0.89002,0.01611,0.88119,0.003,0.87327,0.04158,0.86733,0.02376
1,1.165,0.0,0.487,0.009,1.128,-0.013,0.90071,0.00709,0.84752,0.05674,1.125,0.03546,0.97872,0.008,1.37,0.03546,1,-0.03191,0.89716,-0.03191,1.223,0.064,0.968,0.09220,0.90071,0.04610,0.94305,0.03247,0.69,0.02482,1.414,0.01064,0.747,0.02128
1,1,0.0,0.39394,-0.24242,0.9,0.016,0.45455,0.058,0.63636,0.09091,0.227,-0.308,0.57576,0.15152,0.39394,0,0.39,0.04561,0.51515,0.026,0.78788,0.18182,0.30303,-0.168,0.48526,0.05929,0.522,0.062,0.374,-0.036,0.335,0.06410,0.39394,0.307
1,0.58,0.0,0.86689,0.391,0.72014,0.66667,0.262,0.577,0.08646,0.85893,-0.239,0.789,-0.51763,1.008,-0.638,0.41524,-0.77019,0.054,-0.517,-0.088,-0.49488,-0.42207,-0.201,-0.57679,-0.02844,-0.333,0.15360,-0.53127,0.32309,-0.37088,0.453,-0.19681,0.40956,0.01820
1,1,0,0.89563,0.383,0.67311,0.481,0.374,0.88696,-0.056,0.93345,-0.38875,1.182,-0.67274,0.62078,-0.82680,0.394,-0.86150,-0.072,-0.826,-0.34275,-0.51778,-0.62443,-0.23428,-0.73855,0.072,-1.046,0.33531,-0.647,0.543,-0.42086,0.596,-0.17343,0.541,0.1
1,1,0,0.90547,0.41113,0.399,1.106,0.365,0.886,-0.13342,0.516,-0.52236,0.72,-0.79657,0.55086,-1.197,0.219,-0.848,-0.281,-0.71863,-0.551,-0.41546,-0.85205,-0.02250,-0.93788,0.493,-1.157,0.67538,-0.61959,0.607,-0.28123,1.172,0.09800,0.75495,0.46301
1,1,0,1.303,1,0.36700,0.053,0.158,1.157,-0.27586,0.525,-0.204,0.437,-1.152,0.251,-1.05,-0.08867,-0.38916,-0.34236,-0.327,-0.565,-0.05419,-0.93596,0.25616,-0.20443,0.462,-0.273,0.85471,-0.094,1,1,0.38670,0.00246,0.17758,0.79790
1,1,0,1,0.315,0.401,0.415,0.06061,0.36364,-0.357,0.73062,-0.45455,0.48485,-0.57576,0.0,-0.57576,-0.12121,-0.317,-0.249,-0.09091,-0.774,0.685,-0.523,0.57576,-0.269,1,-0.259,0.72961,0.12331,0.952,0.57576,0.353,0.36364,0.098,0.33333
1,1,0,0.88110,0.0,0.483,-0.028,0.93598,-0.012,0.90244,0.026,0.90244,0.01829,0.93902,0.008,0.95732,0.00305,1.19,0.02744,0.94207,-0.017,0.90854,0.02439,1.133,0.05488,0.523,0.04878,0.756,0.014,0.90854,0.00915,1,0.052,1.086,-0.009
1,1,0,0.82624,0.097,0.79078,-0.105,0.937,-0.01773,0.878,0.011,0.80142,0.08865,0.94681,-0.007,0.665,0,0.93262,0.154,0.95035,-0.00709,0.91489,0.00709,0.643,0.07092,0.94,0.082,0.833,0.08165,0.473,0.06738,0.71,0.233,0.92553,0
1,1,0,0.74468,0.082,0.88706,0.006,1.237,0.012,0.87234,-0.01418,0.73050,0.10638,0.758,0.029,1.224,0.03382,1.072,0.063,0.95035,0.04255,0.85597,0.026,0.84931,0.05178,1.218,0.077,0.83429,0.059,0.74468,-0.03546,0.867,0.06800,1.134,0.07173
1,1,0.0,0.87578,0.03727,0.506,0.00343,1.084,0.004,0.86335,0,0.95031,0.102,0.87021,0.00994,0.86303,0.008,1.093,-0.06211,0.85714,0.034,0.84182,0.01603,0.83486,0.014,0.552,-0.04348,0.82111,0.02033,1.226,0.08696,0.477,0.028,0.904,0.019
1,1,0.0,1.249,0.00710,0.98579,0.018,0.878,0.022,1.095,0.01599,0.95737,0.02309,0.97158,0.04,1.412,0.026,0.97869,0.02131,0.98579,0.085,0.97158,0.051,0.94494,0.075,0.98401,0.041,0.97540,0.06477,0.497,0.08171,0.99112,0.06217,0.82,0.09947
1,1.074,0,0.994,0.01105,1,0.011,1,0.02320,0.996,-0.01436,0.99448,-0.002,0.98343,0.018,1,0.00884,0.549,0.00773,0.723,0.01657,0.871,0.00663,0.562,0.02099,1.332,-0.006,0.98033,0.01600,0.97901,0.022,1.376,0.017,0.98674,0.02762
1,1,0.0,0.936,-0.014,1.363,0.01566,1,-0.00224,0.586,0.081,0.97763,0.04474,1.322,0.02908,0.895,0.087,0.98881,0.025,1.055,0.03579,0.99776,0.09396,0.95749,0.099,1,0.10067,0.99989,0.08763,1.252,0.074,1,0.072,1,0.10067
1,0.66,0.0,0.88420,0.36724,0.67123,0.575,0.39613,0.843,0.02424,0.883,-0.26,1.185,-0.859,0.58842,-0.641,0.322,-0.83285,-0.005,-1.01,-0.32963,-0.266,-0.53924,-0.27377,-0.68126,0.00806,-0.69774,0.219,-0.60678,0.44569,-0.43383,0.54209,-0.21542,0.395,0.02823
1,1,0.0,0.90147,0.41786,0.64131,0.382,0.30440,1.412,-0.124,0.96534,-0.415,0.849,-0.81857,0.50949,-0.96986,0.10345,-0.91456,-0.354,-0.70163,-0.65461,-0.305,-1.137,0.05865,-0.925,0.235,-0.82154,0.928,-0.55231,0.589,-0.18725,0.87893,0.217,0.853,0.54852
1,1,0.0,0.32789,0.085,0.17,0.29308,0.105,0.74485,-0.166,0.648,-0.125,0.26664,-0.337,0.24865,-1.226,-0.002,-0.23227,-0.19909,-0.30522,-0.48886,-0.171,-0.89991,0.084,-0.377,0.28307,-0.122,0.39599,-0.11498,0.31005,0.05614,0.21443,0.20540,0.073,0.26422
1,1,0.0,0.65845,0.603,0.44681,0.74804,0.05319,0.85106,-0.197,0.905,-0.68253,0.279,-0.557,0.07111,-0.799,-0.28,-0.47032,-0.71725,-0.046,-0.86002,0.23292,-0.617,0.741,-0.537,0.906,-0.18645,0.956,0.23713,0.45185,0.59071,0.20549,0.76764,-0.18533,0.586
1,1.398,0,0.195,0.05,0.04198,0.254,-0.064,0.48866,-0.18321,-0.18321,-0.41985,0.077,-0.45420,0.09160,-0.16412,-0.294,-0.10305,-0.505,0.151,-0.138,0.34012,-0.116,0.28626,-0.15,0.21645,0.24692,0.034,0.31092,-0.046,0.26336,-0.16794,0.16794,-0.263,-0.33588
1,1,0,0.796,0.00075,1,0.0,0.98982,-0.00075,0.94721,0.018,0.97700,0.02130,1.11,0.043,0.99170,0.027,0.93929,0.05713,0.712,0.064,0.879,0.05524,0.654,0.064,1.015,0.08107,1.291,0.07255,1.149,0.08088,0.98190,0.104,0.97247,0.08616
1,1,0.0,0.82254,-0.079,0.80462,0.00231,0.762,-0.016,0.86821,-0.07514,0.37,-0.09,1.027,0.05029,0.83121,-0.103,0.74798,0.072,0.754,0.037,0.86763,-0.02370,0.78844,-0.06012,0.661,-0.022,0.76717,-0.02731,0.74046,-0.075,0.70058,-0.04220,0.78439,0.018
1,0.883,0.0,0.35346,-0.13768,0.507,-0.035,0.882,-0.03574,0.55717,-0.058,0.61836,-0.10467,0.477,-0.094,0.59361,-0.07289,0.433,-0.26409,0.367,0.038,0.49736,-0.08771,0.243,-0.114,0.47,-0.00564,0.376,-0.09038,0.35588,-0.10306,0.32232,-0.08637,0.28943,-0.08300
1,1,0.0,0.682,0.01092,0.86335,0.00258,0.85821,0.00384,0.79988,0.024,0.735,0.12068,0.83096,0.00744,1.2,0.00854,0.857,-0.06974,0.744,0.026,0.76979,0.011,0.75071,0.016,0.77138,-0.00303,0.70886,0.015,0.428,0.00849,0.408,0.015,0.641,0.01525
1,1.346,0,0.66667,-0.01,0.97404,0.06831,0.726,0.656,0.75683,-0.001,0.65164,-0.14071,0.374,-0.304,0.39208,0.504,0.76776,0.183,0.78552,0.073,0.309,-0.44945,0.882,0.00683,0.60656,0.103,0.576,0.17088,0.87568,0.047,0.55328,0.24590,0.13934,0.48087
1,0.668,0,0.83508,0.08298,0.73739,-0.14706,0.763,-0.035,0.90441,-0.05,0.89391,0.13130,0.475,0.069,0.75,-0.08929,1.056,-0.02101,1.136,0.06618,0.753,0.012,0.77521,0.06618,0.95378,-0.04202,0.689,0.00123,1.241,0.12815,0.86660,-0.083,1.119,-0.04307
1,1,0.0,0.95113,0.004,0.95183,-0.02723,0.668,-0.01920,0.94590,0.018,0.96510,0.029,0.94171,0.07330,1.155,-0.012,0.97173,0.001,0.94834,0.06038,1.345,0.105,1.024,0.10087,0.94520,0.01361,0.492,0.04925,0.93159,0.095,0.94066,-0.0,1.228,0.04712
1,1,0.0,0.724,-0.00034,0.93207,-0.03227,1.354,-0.03431,0.87,0.02446,1.176,0.026,0.92595,0.04688,0.93954,-0.01461,0.618,0.02004,0.769,0.01393,0.571,0.088,0.89470,0.06,0.907,0.03193,0.92489,0.02542,1.268,0.02242,0.92459,0.007,0.731,-0.00577
1,1,0,0.90608,-0.01657,0.98122,-0.01989,0.816,-0.04,1.119,0.001,0.89724,-0.023,1.297,-0.01436,1.177,-0.04530,1.109,-0.00884,0.80773,-0.107,0.88729,0.01215,0.92155,-0.02320,1.142,-0.02099,1.19,-0.07760,1.084,-0.185,0.96022,-0.03757,0.706,-0.147
1,1.408,0.0,0.566,0.13533,0.73638,-0.088,0.87873,0.08260,0.88928,-0.09139,0.78735,0.06678,0.918,-0.00351,0.79262,-0.012,0.85764,-0.033,0.87170,-0.03515,0.576,-0.09490,1.041,0.053,0.86467,-0.15114,0.835,-0.043,0.555,-0.009,0.75747,-0.078,0.85764,-0.06151
