1,1,0.0,0.99539,-0.077,0.49,0.02306,0.83398,-0.37708,1,0.048,0.85243,-0.17755,0.59755,-0.409,0.656,-0.38223,0.84356,-0.38542,0.58212,-0.282,0.473,-0.21,0.53,-0.396,0.56811,-0.686,0.41078,-0.674,0.115,-0.34090,0.42267,-0.651,0.138,-0.45300
0,1,0.0,1,-0.18829,0.532,-0.383,-0.084,-0.93597,1,-0.062,0.50874,-0.454,0.34432,-0.69707,-0.51685,-1.319,0.05499,-0.62237,0.441,-1,-0.13151,-0.45300,-0.18056,-0.31,-0.20332,-0.258,-0.20468,-0.182,-0.197,-0.11593,-0.213,-0.074,-0.135,-0.03
1,1,0,1,-0.03365,0.996,0.005,0.706,-0.072,0.88965,0.015,0.491,0.067,0.85443,0.00827,0.377,0.00299,0.783,-0.13644,0.75535,-0.122,0.70887,-0.3,0.511,-0.12062,0.718,-0.296,0.58984,-0.22145,0.217,-0.17365,0.538,-0.24180,0.56045,-0.38238
0,1,0.0,0.593,-0.278,1,1.421,0.841,-1.01,0,0,0,0,0.0,0,-1,0.14516,0.77,-0.39330,-1,-0.775,-0.69975,0.842,0,0,1,1.058,0.701,1,1,-0.187,0.132,1.376,-0.32382,0.689
1,1.108,0.0,1,-0.025,0.948,0.058,1.297,-0.23255,0.462,-0.16399,0.52798,-0.20275,0.758,-0.00712,0.34395,-0.27457,0.52940,-0.21780,0.243,-0.17813,0.044,-0.35575,0.024,-0.635,0.031,-0.865,0.13290,-0.53206,0.034,-0.62197,-0.05707,-0.59573,-0.04608,-0.532
0,1,0.0,0.02337,-0.00592,-0.075,-0.11949,-0.011,-0.11824,0.101,0.06637,0.05,-0.06302,0.0,0,-0.048,-0.187,-0.00343,-0.07,-0.127,-0.075,0.01838,0.033,0.01519,0.01,0.03513,-0.01535,-0.03240,0.134,-0.07859,0.009,0.0,0,-0.00039,0.12011
1,1.017,0,0.97588,-0.127,0.94601,-0.182,0.92806,-0.215,0.85996,-0.394,0.712,-0.372,0.965,-0.50764,0.509,-0.527,0.57945,-0.68086,0.37852,-0.696,0.36324,-0.76562,0.31898,-0.904,0.244,-0.81634,0.13659,-0.82510,0.04606,-1.205,-0.063,-0.81318,-0.137,-0.80975
0,0,0,0,0,0.0,0,1,-1.468,0,0,-1,-1.487,0,0.0,0.0,0.0,1,1,-0.74,-1,0,0,0,0.0,1,0.65,1.496,0.867,0.0,0.0,0.687,1,0.0,0.0
1,1,0,1.177,-0.074,0.635,-0.14333,1.386,-0.11,1,-0.295,0.92570,-0.509,0.94510,-0.276,0.659,-0.416,1.439,-0.253,0.84537,-0.349,0.932,-0.60589,0.69637,-0.567,0.85106,-0.65440,0.585,-0.69712,0.25435,-0.63919,0.45114,-0.72779,0.38895,-0.73420
0,1.101,0.0,-0.02,-0.062,0,0.0,0.0,0,0.11470,-0.26810,-0.45663,-0.485,0.0,0,-0.33656,0.38602,-0.37133,0.15018,0.916,0.318,0,0,0.0,0,-0.159,-0.01326,0.171,-0.012,0,0,0.176,0.335,-0.08208,0.38065
1,0.738,0,0.914,0.06655,1,-0.18388,0.957,-0.27320,1,-0.43107,1,-0.528,0.534,-0.51874,0.526,-0.59017,0.89230,-0.435,0.944,-0.70997,1.044,-0.971,0.63081,-0.80544,0.45,-1.112,0.263,-0.86500,0.40303,-0.83675,0.348,-0.89093,0.263,-0.477
0,1,0,0.571,-0.54210,0.838,-1,1,-1,1,0.36217,1.489,-0.41119,1,1.411,1.22,-1.073,0.824,-0.29354,1,-0.93599,1.085,0.577,0.924,1.128,1,-0.40888,1,-0.557,0.973,-1.076,1,-0.59,0.968,-1
1,1,0.0,0.798,-0.16316,0.729,-0.077,1.126,-0.133,1.125,-0.19277,1.335,-0.35151,0.95735,-0.29785,0.93719,-0.483,0.94486,-0.409,0.801,-0.43383,0.86043,-0.3,0.82987,-0.597,0.84080,-0.47137,0.76224,-0.58370,0.65723,-0.363,0.536,-0.349,0.64727,-0.67226
0,1,0.0,1,-0.86701,0.704,0.22280,0.85492,-0.39896,1,-0.119,0.844,0.35147,1,0.079,1.106,-0.166,1.072,-1,1.491,-1,0.784,0.15803,1.436,0.62349,1,-0.216,1,0.39,0.618,-0.66494,1.176,0.88428,1,-0.131
1,0.556,0.0,1,0.07380,0.694,0.03420,0.993,-0.05563,1,0.065,0.58,0.182,0.644,0.205,1,0.12785,1,0.10561,1.045,0.27087,0.544,0.44758,1.039,0.41750,1.158,0.184,1,0.36743,0.95603,0.504,1,0.32492,1,0.662
0,1,0.0,0.464,-1.055,1.344,0.247,-0.03520,-1.042,1,-1,0.612,-1.326,0,0,-1,-0.418,-0.37681,0.025,1,-1.299,0.0,0,0.0,0.0,-0.146,0.92236,0.39752,0.26501,0,0,1,0.122,0,0
1,1,0,0.99645,0.04,0.706,-0.018,1.349,0.015,0.96112,0.02312,0.643,0.07808,0.829,0.126,0.94212,0.05269,0.88809,0.096,0.59,0.08631,0.81633,0.11830,1.044,0.14442,0.571,0.13412,0.79476,0.13638,0.98,0.104,1.111,0.211,0.70941,0.12015
0,0,0,0.0,0.0,-1,-1,1,1,-1,1,-0.635,1,1.455,-0.95,0.909,0.881,-1.13,-0.657,-1,1,1.161,-0.561,-1,0.868,-0.912,1,1.321,-1,-1,1,-0.612,-1,1.303,-1
1,0.524,0,0.83,0.025,0.741,0.05031,0.294,0.18761,0.08776,0.297,0.63621,0.151,0.62099,0.154,0.78637,0.10976,0.377,0.183,0.14395,0.41224,0.53888,0.237,0.488,0.22625,0.296,0.336,0.46167,0.24618,0.43433,0.213,0.40663,0.25792,1,0.243
0,0,0.0,1,-1.036,0,0.0,0,0.0,1,1.19,0.939,-1,-0.366,1,0,0,-0.945,0.705,1.362,1,-0.762,0.609,1,0.597,-1.293,1.193,1,1,0.931,-1,1,1,1,1
1,1,0,1.396,-0.00612,1,-0.09834,1,-0.076,1.12,-0.10605,1,-0.107,0.81,-0.552,1,-0.15616,0.707,-0.255,0.524,-0.236,0.91693,-0.455,0.96060,-0.393,0.81874,-0.519,0.82681,-0.42231,0.75784,-0.536,0.80448,-0.409,0.643,-0.45039
0,0,0,1.216,1,0,0,0,0,-1,-1.403,0,0.0,0.0,0,-1,-1,-1,-1.229,-1.371,0.553,-1,0.562,0,0,0.0,0.0,1.495,-1,-1,0.694,-1.303,1.372,-0.697,0.846
1,1,0.0,0.96071,0.1,1.164,0.04296,1,0.1,0.619,-0.05144,0.89263,0.02580,1.066,-0.06142,0.87534,0.082,0.618,0.00280,0.75206,-0.05295,0.65961,-0.047,0.728,-0.088,0.55677,-0.07705,0.58051,-0.02,0.49664,-0.007,0.51310,-0.0,0.707,-0.002
0,0.0,0,-1,1.001,0,0.0,0,0.0,-1,1,1,1,0.0,0,0,0,0.761,-0.573,-0.816,1,1.43,0.889,0,0.0,-1,-1.396,1,-1,1,0.524,-0.994,0.993,0.0,0
1,1,0,1.055,-0.085,1,0.037,1.297,-0.05131,0.975,-0.01,1,-0.11726,1.132,-0.055,0.93392,-0.09,0.69170,-0.07379,0.65731,-0.20367,0.888,-0.225,1.09,-0.31654,0.637,-0.34838,0.628,-0.29174,0.534,-0.38576,0.54356,-0.26284,0.575,-0.39487
0,1,0,0.506,0.382,0.701,-1,1,-1,1,-0.841,0.831,-1.128,1.415,-1,1,-1,1,-0.948,1.457,-1.022,1,-0.62796,1,-0.812,1.046,-0.738,1,-0.815,1,-1,0.854,-1,1.424,-1
1,1,0,1,-0.086,1.252,-0.184,0.571,-0.81779,0.94817,0.323,1.155,-0.614,0.88486,-0.31736,0.87937,-0.23433,0.81051,-0.62180,0.12245,-1.064,0.807,0.11053,0.734,-0.933,0.708,-0.82868,0.453,-0.86583,0.40650,-0.671,0.166,-0.559,-0.13341,-1
0,0,0.0,-1,-1,0,0.0,-1.305,0.789,1,-0.303,0.0,0.0,0,0.0,0.0,0.0,1,-1,-1,-0.766,0.917,-0.746,0,0,1,-0.528,-1.307,1,-1,-1,0,0.0,-1,1
1,1,0,0.976,0.08380,1.22,0.17387,1,-0.13308,0.98172,0.343,1,0.416,0.661,0.608,1,0.70758,1.01,1.144,1.398,1.048,1,0.874,0.499,1,0.91624,1,0.839,0.614,0.74822,1,0.823,0.965,0.52479,1
0,0,0,-1,-0.605,1.134,0.757,1,-1,-1,1,0.812,-1.138,-1,-1,0.0,0.0,1,0.962,-0.872,-0.9,1,-0.934,1,-1,1.218,0.805,1,-0.967,1,-1.273,-1,1,1.335,-1
1,1,0,1,-0.14236,1,-0.16256,1,-0.228,1,-0.07514,1,-0.27,1.448,-0.133,0.766,-0.21975,1.264,-0.503,1,-0.402,1,-0.35519,0.761,-0.728,1.285,-0.311,0.98820,-0.507,1,-0.75820,0.916,-0.75761,1.201,-1.181
0,1.295,0,1.075,-1,1,1.263,1,-0.525,1,-0.978,1,-0.631,1,-0.017,1,-1.437,0.888,1,1,-0.963,0.575,1.392,1,-1.041,0,0.0,1,1,1,-0.79141,0.73,1.214,1,1
1,0.755,0.0,0.88208,-0.212,0.93408,-0.113,0.566,-0.16450,0.886,-0.17036,0.88462,-0.31809,0.753,-0.328,0.851,-0.276,0.80681,-0.33632,0.771,-0.47022,0.70555,-0.47153,0.872,-0.648,0.61297,-0.434,0.509,-0.54629,0.50179,-0.59854,0.47075,-0.552,0.42189,-0.58086
0,1,0,0.427,-0.038,0.41287,-0.23067,0.98019,-0.073,0.99709,-0.098,0.93,-0.143,0.58965,1,1.127,-1,0.82270,-0.17863,0.80760,-0.28257,-0.131,0.92730,0.348,0.046,0.65493,-0.20392,0.93124,-0.375,0.413,-0.141,1.263,-0.87354,-0.144,-1.107
1,1,0.0,1,-0.144,0.72314,0.299,0.83443,-0.58388,1,-0.242,0.668,-0.527,0.79962,-0.12527,0.949,0.172,0.649,0.39337,1,0.205,0.96354,-0.017,0.92599,-0.786,1,0.14803,1.465,-0.11582,1.241,-0.11129,0.585,0.53372,0.622,-0.57758
0,1.343,0.0,0.66161,-1.251,1,1,1,-0.977,1.149,-0.40446,0.715,-1,1,-0.89375,1,0.663,0.178,0.812,0.825,0.78036,1,0.85268,1,-1,1,1.042,0.895,-0.08571,1.055,-0.402,1,0.65268,0.945,0.404
1,1,0.0,1,0.00433,1,-0.01209,1,-0.02960,0.819,-0.07014,0.97839,-0.061,1,-0.06544,0.97261,-0.091,0.842,-0.137,1.387,-0.14327,0.961,-0.109,1.305,-0.203,0.89469,-0.20851,0.89067,-0.112,0.85644,-0.098,0.83777,-0.159,0.799,-0.26
0,0,0,0.652,1.335,1,-1,0.0,0,0,0.0,-0.853,-1,0,0.0,0,0.0,-1.305,1,1,0.691,-1.307,1,-1,1,1,-1.091,1.213,1,-0.83,1,1.456,1.076,0.0,0
1,1,0.0,1.069,0.04347,0.94191,0.02280,1.333,0.076,0.839,0.016,0.91911,0.06348,0.605,0.177,0.92048,0.06211,0.594,0.12722,0.83744,0.14439,0.80983,0.11849,0.77041,0.101,0.862,0.081,0.73550,0.094,0.66387,0.124,0.70925,0.129,0.672,0.11447
0,0.877,0.0,1,0.013,0.99672,0.04861,0.97545,0.07143,0.61745,-0.83,0.91036,0.133,0.88462,0.489,1.052,0.14137,0.834,0.222,1,0.41003,0.863,0.16371,0.60138,0.16516,0.54446,0.121,0.408,0.113,0.583,0.089,0.458,0.14677,1,1
1,1,0,1,0.069,0.988,0.245,1,0.371,0.93051,0.184,0.86773,0.384,0.75474,0.50082,1.076,0.67,0.65954,0.60756,0.57619,0.62999,0.581,0.894,0.42,0.68840,0.465,0.555,0.27712,0.704,0.167,0.70682,0.11372,0.488,0.06990,0.71444
0,1,0.0,-0.996,-1.254,1,1,0.598,-0.14375,0,0.0,-1,1,1,1,0.17917,-1,-1,-1,0.06,-1.091,1.178,-0.706,-0.935,1,-0.89,-1,1.424,-1,-0.735,-0.672,1,1,0.0,0.0
1,1,0.0,0.90932,0.08791,0.86528,0.157,1.167,0.085,0.55187,0.68154,0.416,0.505,0.16286,0.42739,0.599,0.46086,0.51067,0.501,0.31639,0.153,0.318,0.802,0.31274,0.55826,0.354,0.768,0.18626,0.348,0.12635,0.56101,0.06927,0.784,0.173,0.67739
0,1,0.0,-0.854,-1,0.731,0.82857,0.754,-0.953,1,-0.23393,1,0.968,1.201,-0.333,1,-1,1,0.186,1.026,-1,0.538,-0.02,-0.84286,0.809,0.595,1.207,1,1,1,-1,1.4,-1,1,-1
1,1,0,1.415,-0.05785,0.99793,-0.148,1.362,-0.176,1.054,-0.374,1.28,-0.30130,0.92651,-0.37965,0.89812,-0.329,0.84922,-0.687,0.87433,-0.57075,0.79016,-0.59839,0.74725,-0.779,0.68282,-0.468,0.446,-0.801,0.741,-0.825,0.54752,-0.80278,0.587,-0.83245
0,0,0,0.0,0,0,0,0,0.0,1,1,1.133,1.463,0.0,0.0,0,0,-0.37500,-1,-1.071,-1.477,0,0.0,0.0,0.0,-1,-0.877,-1,-1,-1,1,0.945,0.0,0.0,0.0
1,1.397,0.0,1,-0.03730,1.468,-0.07383,0.99601,-0.11039,0.99838,-0.09931,0.98941,-0.13814,0.96674,-0.323,1.021,-0.25099,1.358,-0.497,0.90581,-0.481,0.89991,-0.34691,0.633,-0.37643,0.638,-0.62,0.721,-0.43122,0.81433,-0.292,0.506,-0.492,0.75115,-0.358
0,1,0,0.836,-0.018,-1,0.26131,-0.36393,0.522,0.359,-0.741,0.896,-0.041,-0.29020,-0.004,-0.54852,0.15452,0.91921,-0.46270,1.016,-0.50424,-0.368,-0.2,-0.73864,0.305,1.162,-0.46734,0.276,-0.58130,1,-0.61393,-0.09634,0.211,-0.045,0.41913
1,1.437,0,0.98166,0.00874,1.08,-0.03818,0.527,-0.079,0.95947,-0.075,0.953,-0.049,0.94713,-0.11102,0.93369,-0.12790,0.94217,-0.11583,0.661,-0.19200,1.283,-0.17387,0.691,-0.145,0.88487,-0.245,0.81813,-0.304,0.78546,-0.174,0.76911,-0.244,0.74323,-0.304
0,1,0,0,0,0.957,0.51724,0,0,0.061,-0.654,0,0.0,0,0,-1.478,-0.205,-0.55711,-0.83297,0.76940,0.466,0.0,0.0,0.722,0.454,-0.90302,0.249,1,-0.805,-1.121,0.436,0,0.0,0,0
1,0.888,0,0.84134,-0.18362,0.47,0.024,0.93421,-0.004,0.87947,0.168,0.81121,-0.01789,0.511,0.508,0.91714,-0.57486,0.73,-0.29520,0.86676,-0.166,1,1.085,0.451,-0.243,0.966,-0.02778,0.93358,-0.007,0.695,-0.32298,0.84463,-0.152,0.93323,-0.01425
0,0.0,0,0.78,1,1,-0.798,0.0,0.0,0,0.0,1,1,1,1,-0.527,-0.729,1,-0.758,-0.54,1,0.0,0,0.876,-0.634,1,-1,1.126,1,-1.419,-1,0,0.0,0,0
1,1,0,1,1.491,0.694,1,0.64,1.271,-0.342,1,-1.194,1,-1.106,1,-1.087,0.815,-1,-0.679,-1,-0.26,-1,-0.802,-0.52838,-0.844,0.912,-1,1.072,-1,1,-1,1,-0.34686,0.982,0.34845
0,1,0,-0.706,-1,-1,0.916,1,0.63317,0.03515,-0.556,-1,-0.644,1,1,0.919,-0.72,-0.694,1.009,0.456,1,1,-0.993,-0.58,-1.045,-0.175,1,1.417,-1,-0.745,-1.158,-1,1,1,0.33611
1,1.355,0.0,0.504,0.111,1.31,-0.05667,0.673,-0.095,1.173,-0.059,0.94717,0.01279,0.95436,-0.153,0.874,-0.19497,0.99630,-0.336,0.994,-0.35902,0.91428,-0.27316,0.90140,-0.29807,0.99899,-0.40747,0.87244,-0.484,0.92059,-0.406,0.83951,-0.39061,0.8,-0.41173
0,1,0.0,0.057,-0.179,-1,1,-1.213,1.322,0.507,0.698,-0.82143,-0.582,-1,-1,-1,1,-0.02753,0.738,-0.42113,-0.581,-0.74628,-1,-1.44,-0.317,-1,0.23810,0.593,-0.702,-0.611,-0.252,-1,-1,-1,0.61458
1,1,0.0,1.321,-0.02259,0.626,-0.04494,1,-0.097,1,-0.08799,0.912,0.652,1,-0.12738,0.881,-0.095,1.414,0.422,0.909,-0.108,0.99484,-0.18949,1.081,-0.20081,1,-0.877,0.758,-0.21793,0.82920,-0.142,0.78479,-0.22765,0.73992,-0.22981
0,0,0.0,-0.871,1,0.606,-1.112,-1,1.245,0,0,1,0.736,-1,-0.18750,1,1.007,-1.113,-1,1,-0.843,-1.238,-0.524,1,1,1.077,-1,1,0.949,1.417,0.645,0.0,0,-1,-1
1,1,0.0,0.767,0.05812,1.003,0.07,1.151,0.13231,1,-0.01,0.94846,0.07033,0.95713,0.14644,0.94862,0.085,0.90896,0.20119,0.96741,0.169,1.19,0.1,0.845,0.16410,0.47,0.22431,0.835,0.23571,0.54,0.22511,1.013,0.29576,0.83574,0.371
0,0.682,0,0.17188,-0.989,-1,1.007,0,0.0,0.0,0,-0.606,1.403,0,0.0,-0.633,-0.568,0.80521,0.36146,0.51979,0.161,0.0,0.0,-1,-0.27083,-0.84792,0.96250,1,1,-0.864,0.67708,0,0.0,0.0,0
1,1,0.0,1.216,0.055,1,0.096,0.694,0.22574,1.352,0.138,0.722,0.19211,1.276,0.24288,0.947,0.369,1.051,0.26721,0.83656,0.33129,0.706,0.31698,0.74829,0.447,0.76193,0.34658,0.68452,0.42746,0.62764,0.646,0.56791,0.47033,0.54252,0.355
0,1,0.0,0.01667,-0.35625,0.0,0,0.0,0,0,0,0.0,0,0,0,0.174,-0.607,0.244,0.727,1,-0.48,0.0,0,0.113,-1,-0.10625,-0.16667,0.829,-0.76667,-1.281,0.172,0.0,0,1,-0.22
1,1,0,1,0.16801,0.99352,0.16334,0.894,0.33347,0.91759,0.22610,0.91408,0.37107,0.483,0.346,0.805,0.529,0.78473,0.484,0.65091,0.465,0.503,0.811,0.313,0.926,0.48,0.55236,0.43317,0.69129,0.299,0.76147,0.33921,0.917,0.116,0.599
0,1,0.0,0.478,1,0.281,-0.936,1,0.975,0.87719,0.30921,-0.66886,0.895,-0.05921,0.801,0.01754,0.053,-0.51535,-1,0.14254,-0.045,0.32675,-0.43860,-1,0.866,0.80921,-1,0.714,-0.036,1,1.263,0.218,-1.34,1.297,1
1,1,0,1,-0.604,0.506,1.078,0.87060,0.18593,1,-0.09925,1.058,0.391,0.65452,-0.229,0.948,0.00879,0.97613,-0.512,0.80025,-0.204,0.88065,-0.19095,0.812,-0.12312,0.618,0.079,0.92890,-0.051,0.841,-0.234,0.43970,0.208,0.51382,-0.05402
0,0.941,0,0.84783,0.113,1,0.416,1,-1,0.66938,0.083,1,0.27038,0.748,0.899,1.252,0.179,1.187,0.031,0.309,-0.283,1.209,0.63496,0.797,0.26585,0.552,-0.426,1,0.15942,0.37681,-0.01947,1,0.22464,1,0.37409
1,1,0.0,0.746,0.28046,0.528,0.02477,0.808,0.097,1,0.04317,0.98762,0.305,0.648,0.039,1,0.04384,1.251,-0.163,0.554,-0.08668,1.305,0.04,0.99933,0.27376,1,-0.214,0.96414,-0.02174,0.86747,0.177,0.94578,-0.22021,0.80355,-0.056
0,0,0,0.874,-1.102,1.0,-1.01,1,-1,1,-1,1,0.976,1,1.279,1,-0.509,1.382,1,1.22,0.869,0.965,1,0.532,-0.661,1.398,-1,1,-1,1,0.65625,0.0,0,1.029,-1
1,1.134,0,1,0.857,0.786,0.82021,0.402,1,0.251,0.80541,-0.43872,1.273,-0.79135,0.77092,-1.335,0.40268,-0.39046,-0.46,-0.741,-0.42822,-0.594,-0.76339,-0.37671,-0.97491,0.361,-0.805,0.402,-0.93296,0.293,-1,0.842,-0.35222,0.598,0.03446
0,1,0,1.021,1,1.304,-0.916,1,-1,1,1.201,1.399,1,0.761,1,1.221,-0.87,0.508,1,1,1.285,1,1.264,1,1.078,1,1,1,0.5,0.0,0.0,0.963,-1,0.766,-1
1,0.978,0,1.295,0.022,1,0.162,1.392,0.141,0.95,0.25068,1.125,0.28778,1,0.415,1,0.31674,1,0.686,1.214,0.56,1,0.352,1,0.59457,1.288,0.499,0.89502,0.71374,0.85611,0.67149,0.74389,0.85611,0.903,0.75837
0,0.0,0.0,1,-1,1,0.755,-1,-0.769,1,-1.293,0,0.0,0.0,0,-1,1.023,1,-1,1,-1,-0.75000,0.896,0.961,-1,1.036,-0.972,1,-0.615,-1.025,-1,0,0,1.318,-0.902
1,1,0.0,0.806,0.054,1.43,0.179,0.96026,0.27451,0.98044,0.388,0.92867,0.46281,0.86265,0.52517,0.82820,0.379,0.73242,0.447,0.462,0.73140,0.54473,1.009,0.245,0.997,0.547,0.74689,0.33401,0.83796,0.24944,0.782,0.106,0.86835,0.054,0.86285
0,0.649,0.0,0.613,0.38889,0,0,-0.32937,0.69841,0,0,0.0,0.0,0.0,0.0,0.302,-0.24206,0.21032,0.19444,0.46429,0.457,0,0.0,0.0,0.0,0.631,0.27381,0.76190,0.63492,0.0,0,0.0,0,0.0,0
1,1.221,0,1,0.048,1.144,0.097,1.023,0.19498,0.903,0.28453,1.012,0.34826,1.163,0.555,1.344,0.42881,0.89126,0.50391,0.75906,0.646,0.80644,0.75,1.068,0.518,0.66643,0.63942,0.59417,0.69435,0.354,0.72684,0.521,0.71689,0.33381,0.75243
0,0,0.0,1,1,0,0,0.764,-1,1,-0.625,0.981,1,0.952,1,0.819,-1.423,1,1.25,1.498,1,1.377,-1,-0.999,-1.473,1,-0.526,1.147,-0.965,0.789,1,0,0,1,-1
1,1,0.0,0.904,0.04078,1,0.11982,1.299,0.16159,1,0.365,0.766,0.233,1.211,0.411,0.91118,0.579,0.81939,0.393,0.544,0.46994,0.996,0.605,0.70331,0.58129,0.814,0.496,0.58903,0.60990,0.53952,0.814,0.45312,0.63636,0.40442,0.62658
0,0,0.0,1.137,0.652,1,-0.808,1.162,1,1,1,1,1,1.029,0.71,1,0.669,1.466,-1,-1.221,1.408,-0.715,1.195,-1.426,1,1,-0.897,1,1,-1,1,-1,-0.705,-1,1
1,1,0,1,0.24168,1.34,0.406,1.084,0.936,1,1,1,1,0.741,1,0.575,1.126,1,1,1.31,1,0.74468,1,1.072,1.197,0.537,1,0.38255,0.709,0.099,0.542,-0.17370,1.434,-0.714,1
0,0,0.0,1.036,1,1,-1,0.671,1.353,-1.413,1,0,0.0,0.973,1.06,0,0,0,0.0,-1,0.572,-1,1,1.332,1,0.867,-1.18,1,1,0.984,1.353,1.215,-1,-1,1
1,0.735,0.0,1,-0.082,1.254,0.62937,1,0.085,0.935,0.20280,1,-0.996,1,-0.40559,1,-0.15851,1.091,0.025,1,-0.61538,1,-0.378,1.247,-1,1,-0.58042,1,-0.562,1.178,-0.672,0.598,-0.555,1,-0.48252
0,0,0,0.929,-1.039,1.167,1.376,1.423,1.472,1,1.181,1,1.421,0.513,-0.689,0.615,-1,1,1,1,-1,1.358,1.01,1,1,1,-1,0.842,1,1,-1,1.424,1,0.593,-1
1,1,0,0.947,0.07804,0.699,0.228,0.933,0.24618,1.184,0.35197,0.472,0.56,0.70716,0.46983,0.573,0.56476,0.60459,0.64200,0.689,0.64924,0.39903,0.66975,0.25,0.605,0.239,0.76146,0.225,0.73885,0.09694,0.677,0.03,0.77072,-0.022,0.69509
0,1,0.0,0.68198,-0.17314,0.619,0.302,0.666,0.225,0.25795,0.58304,1.095,-0.15194,0.01060,0.44523,0.012,0.38869,0.18681,0.41168,0.10567,0.36353,0.04325,0.30745,-0.001,0.303,-0.034,0.212,-0.046,0.21,-0.04779,0.071,-0.041,0.07064,-0.04013,0.063
1,1.071,0,0.74852,-0.02811,0.97,-0.075,1.179,0.02811,1.06,0.022,0.63462,0.08728,0.71598,0.089,0.627,0.05178,0.689,-0.263,0.501,-0.018,0.78698,0.06953,0.34615,-0.185,0.65385,0.02811,0.61009,-0.06637,0.53550,-0.144,0.6,-0.109,0.56361,0.02959
0,1.487,0,0.565,-0.092,0.97464,0.023,1,1,0.5,0.157,0.403,0.13060,0.61567,-0.82090,0.57836,0.485,0.579,-0.075,0.46642,-0.11567,0.981,0.14792,0.83209,0.488,0.47015,0.107,0.49309,0.14630,0.483,-0.02612,0.574,0.13521,0.236,0.12755
1,1,0.0,0.493,0.029,0.76981,-0.10566,0.903,0.038,0.66038,-0.04528,0.894,0.01132,0.687,-0.1,0.892,-0.033,0.407,0.045,0.61887,-0.07925,0.67,-0.23774,0.73962,-0.14717,1.037,-0.15094,0.73886,-0.05801,0.66792,0.02264,0.705,0.03774,0.656,0.00755
0,1,0.0,0.7,-0.073,1.242,0.027,1,0.393,0.484,-0.05909,0.48182,-0.16818,0.656,0.09559,0.56818,1,0.725,0.234,0.66818,0.106,1,-0.30000,0.98636,-1.437,0.57273,0.356,0.56982,0.183,0.351,0.08182,0.539,0.14643,1,1
1,1,0,0.464,-0.01569,0.462,0.0,0.38431,0.072,0.541,-0.05882,0.56471,0.079,0.46667,0.08235,0.344,-0.05490,0.53,0.02,0.742,0,0.45882,0.06667,0.58039,0.079,0.367,0.005,0.48601,0.10039,0.46275,0.103,0.45098,0.126,0.25,0.17255
0,1,0.0,0.41932,0.12482,0.35000,0.135,0.226,0.271,-0.03636,0.44318,0.048,0.36194,-0.19091,0.379,-0.13350,0.27322,0.024,0.439,-0.205,0.19,-0.20028,0.029,-0.154,0.36364,-0.129,-0.04802,-0.09971,-0.06,-1,-1,-0.02916,-0.043,-0.006,-0.06314
1,0.758,0.0,0.88305,-0.21996,1.165,0.41,0.445,0.19206,0.663,0.05901,1.019,-0.04292,0.747,0.25000,0.77897,0.25322,0.69206,0.814,0.71030,0.39056,0.73176,0.201,0.798,0.34871,0.56760,0.739,1.015,0.281,0.80901,0.58584,0.273,0.70923,0.465,0.54185
0,1,0.0,0.84557,-0.08580,-0.31745,-0.80553,-0.129,-0.842,0.80648,0.051,0.89514,-0.00763,-0.148,0.63966,-0.20019,-0.68065,0.85701,-0.11344,0.917,-0.15729,-0.088,0.50810,-0.371,0.683,1.001,-0.041,0.718,-0.176,0.481,-0.14109,-0.21354,-0.838,-0.182,-0.59867
1,1,0,0.394,-0.24783,0.64348,0.028,0.45217,0.38261,0.453,0.18261,0.5,0.26957,0.335,-0.172,0.50435,0.392,0.402,-0.42609,0.36087,-0.26087,0.282,0.11739,0.53246,-0.045,0.31304,-0.121,0.458,-0.043,0.263,-0.032,0.912,-0.234,0.50435,0.14783
0,1.357,0,-0.54180,0.134,-0.329,0.73375,0.52012,-0.129,0.221,-0.092,0.228,-0.15170,0.47368,0.08978,0.757,-0.082,0.184,0.45201,0.33746,0.03406,0.50464,0.07121,-0.582,-0.863,1.042,0.853,0.505,-0.40116,-0.15170,0.11146,0.032,0.55820,0.52632,-0.08978
1,0.865,0.0,0.178,0.13582,0.45331,0.156,0.766,-0.00509,0.52632,0.261,0.52462,-0.16638,0.47368,-0.04754,0.55518,0.056,0.559,-0.22411,0.42445,-0.027,0.34975,0.046,0.28183,-0.253,0.684,-0.044,0.50369,-0.03351,0.235,0.069,0.70798,-0.023,0.39559,-0.03226
0,1,0,0.79157,0.16,0.0,0,0.56541,0.08,0.39468,0.635,0.38359,1.298,-0.035,0.601,0.23725,0.12860,-0.02661,0.864,-0.443,0.84922,-0.10200,0.38803,-0.562,0.23725,-0.561,0.80710,-0.191,0.88248,-0.626,0.981,-0.881,0.085,0,0
1,1,0.0,0.90116,0.107,0.79299,0.416,0.72990,0.629,0.44,0.786,0.44303,0.426,0.24412,0.87493,0.06438,0.85038,-0.12611,0.87396,-0.32,0.693,-0.458,0.934,-0.57135,0.51,-0.68159,0.39951,-0.71844,0.218,-0.438,0.139,-0.71475,-0.05525,-0.682,-0.19904
1,1,0.0,0.97714,0.177,0.987,0.236,0.71771,0.58732,0.47968,0.594,0.31409,0.875,0.14,0.93945,-0.13254,0.792,-0.244,0.95,-0.52145,0.79525,-0.68274,0.589,-0.77408,0.204,-0.906,0.17849,-0.639,-0.01358,-0.82366,-0.19321,-0.67289,-0.435,-0.59943,-0.572
0,1,0,-1,-1,0,0,0.406,-0.78502,0.85,0.32899,-0.864,-0.41368,0.0,0,0,0.0,1,-0.224,0.249,-0.628,1.002,-0.606,-1.12,-1,1,-0.59609,-1.397,-1,-1.007,-1,0.81,-1.286,0,0.0
1,1,0,0.41,0.028,1.11,0.038,0.966,0.03793,0.66230,0.09948,0.67801,0.427,0.75934,0.07348,0.74695,0.08442,0.859,-0.07853,0.63613,0,0.70021,0.11355,0.936,0.085,0.67016,0.121,0.446,0.103,0.65707,0.17539,0.634,0.124,0.649,0.197
0,0.525,0.0,1,-0.878,0,0,0.77941,-0.682,0.80882,0.457,-0.537,-0.94853,0.0,0,0.0,0.0,0.656,-0.77206,0.997,-0.60294,0.0,0,0.148,-1,-1,-1.135,-1,-1,1,-1.07,1,-1,0.0,0
1,1,0.0,1,0.01709,0.96215,-0.043,0.889,-0.03436,0.994,-0.054,1.382,-0.07092,1.419,-0.052,0.739,-0.15727,1,-0.119,0.553,-0.11813,1,-0.184,1,-0.19272,0.98971,-0.22083,0.505,-0.191,0.772,-0.17123,0.734,-0.22561,0.87011,-0.23296
0,0,0.0,0.0,0.0,0,0,0.0,0.0,0,0,0.0,0.0,0.0,0.0,0,0,0,0,0,0.0,0,0,0.0,0.0,0,0,1.055,-1,0,0,0,0.0,0.0,0.0
1,1,0.0,0.95704,-0.171,0.63318,-0.12690,0.823,-0.18242,0.97026,0.069,0.466,-0.012,0.83543,-0.253,1,-0.255,0.99273,-0.21216,0.83,-0.21018,1,-0.27165,0.882,-0.291,1.128,-0.135,0.738,-0.31565,0.81428,-0.23728,0.588,-0.464,0.69531,-0.41573
0,1,0.0,0.187,-0.31818,0.0,0.0,0.853,-1,0.327,0.95833,0.34,0.06439,0.34848,-0.84848,0.0,0,0.59091,-0.35985,0.273,-0.80682,0.0,0.0,0,0,0.288,0.215,1.064,-0.23864,0.06061,-0.719,0.16288,-0.70076,0,0.0
1,1,0.0,0.62,-0.643,0.808,-0.026,0.98898,-1.138,0.684,0.66942,1,-0.067,1,-0.12493,1,-0.146,1,-0.17681,1.256,-0.112,1,-0.23452,0.648,-0.26571,1,-0.29852,0.917,-0.176,0.746,-0.283,1,-0.40740,1,-0.44739
0,1,0,0.0,0,0.0,0.0,0.0,0.0,0.0,0.0,0.62195,0.965,0,0.0,0,0,0.377,-0.71951,0.561,-1,0,0,0,0,0.0,0,1,0.10976,0.0,0,0,0.0,0.0,0.0
1,0.9,0.0,0.99449,0.005,0.957,-0.11313,0.88237,-0.16431,0.99061,-0.06257,0.96484,-0.065,0.85221,0.024,1.102,-0.254,0.763,-0.12977,0.98298,-0.08935,0.89876,0.001,1.173,-0.036,1.189,-0.19872,0.993,-0.171,0.94294,-0.16581,0.80253,-0.202,0.76586,-0.27794
0,1,0,0.088,0.10811,0,0,0.0,0.0,0.657,0.632,0.237,1.078,0,0,0,0.0,0.37162,-0.654,0.33108,-1.399,0.0,0,0.0,0,-0.547,-1,1,-1,0.802,-0.23649,0,0.0,0.0,0
1,0.978,0.0,0.888,-0.3,0.724,-0.73371,0.89518,-0.97450,1,-0.35818,1,-0.23229,0.62890,-0.86402,1,-0.546,1,-0.79603,1.069,-1.278,0.96601,-1,0.70120,-0.97,0.61946,-0.803,0.605,-0.77986,0.871,-1.214,0.575,-1,0.317,-0.961
0,1,0,0.683,-0.62879,0.0,0.0,0.0,0.0,0.77273,1,1,-0.28030,0.0,0,0.0,0.0,0.62121,-0.22727,0.818,-0.896,1,-1.003,0.0,0,0,0.0,1,-0.722,-0.12879,-0.573,0.0,0,0,0
1,1,0,0.537,0.19310,0.521,0.41149,0.516,0.55785,0.54559,0.69962,0.36705,1.195,0.264,0.85671,-0.045,0.517,-0.17241,0.689,-0.34100,0.612,-0.323,0.829,-0.60230,0.265,-0.59234,0.25747,-0.63038,0.08818,-0.57241,-0.04,-0.718,-0.19,-0.36,-0.31954
0,1,0.0,0.246,-0.61000,0.0,0.0,1.235,-0.858,0.90000,1,0.43000,0.794,0.0,0,0.0,0.0,0.67000,-0.29000,0.84000,-1,0.0,0,0.0,0.0,0.21000,0.68000,0.622,0.22000,0.0,0.0,0,0,0,0
1,1,0.0,1,0.193,0.91404,0.605,0.78020,0.72144,0.47660,0.84222,0.337,1.232,0.068,0.88248,-0.21980,1.005,-0.391,0.945,-0.51360,0.64527,-0.64527,0.422,-1.075,0.261,-0.70838,0.03591,-0.71731,-0.121,-0.664,-0.28183,-0.51251,-0.44505,-0.338,-0.591
0,0.764,0.0,0.721,0.81586,-0.72973,1.423,-0.247,0.557,0.05405,0.341,-0.179,-0.093,-0.047,-0.123,0.018,-0.051,0.011,-0.00537,0.00342,0.00097,0.0,0.00075,-0.00003,0.00019,-0.00003,0.00002,-0.00001,0.0,0,0,0,0,0,0
1,1,0.0,0.21429,-0.079,0.359,0.087,0.19048,0.19048,0.309,0.09524,0.314,0.02381,0.234,-0.04762,0.30952,-0.04762,0.382,-0.155,0.23,0.06,0.30952,0.0,0.21429,-0.173,0.305,-0.04762,0.22109,-0.02290,0.19048,0,0.16997,-0.022,0.096,-0.01877
0,1,0.0,0.715,-0.132,1,0.04918,0.57377,-0.01639,0.462,0.023,0.85246,-0.03279,0.862,0.0,0.841,-0.192,0.19672,-0.14754,0.65558,-0.17176,0.477,0.03279,1,-0.29508,0.31148,-0.278,0.596,-0.20325,0.381,-0.047,0.182,-0.44262,0.506,-0.06557
1,1,0,0.815,0,0.88627,0.045,0.86249,0.04572,0.80000,0,0.69091,0.038,0.43,0.123,0.571,0.084,0.62727,0.25455,0.68182,0.12727,0.70674,0.072,0.68604,0.177,0.956,0.22727,0.588,0.18,0.67273,0.019,0.658,0.221,0.58840,0.204
0,1.28,0.0,0.39286,0.52381,-0.78824,0.11342,-0.202,-1.079,0.706,0.007,0.82143,0.40476,-0.67230,0.30729,-0.339,-0.427,0.46429,0.15476,0.54762,0.059,-0.701,0.44961,-0.469,-0.634,0.435,0.70238,0.51971,0.38848,0.592,0.302,-0.476,-0.29915,0.25441,-0.55837
1,1.301,0.0,0.86889,-0.07111,1,-0.033,1,-0.06889,0.606,0.002,0.83556,-0.033,0.691,-0.041,0.653,-0.20000,0.86889,0.05333,0.88000,-0.03778,1.18,-0.11526,1.013,-0.18667,0.73,0.038,1.247,-0.164,0.82222,-0.14667,1,-0.215,1,-0.44222
0,1,0.0,0.531,-0.098,0.724,-0.14545,0.18182,-0.852,0.34545,-0.03636,0.309,-0.05455,0.275,0.161,0.36364,-0.41818,0.20000,-0.01818,0.458,0.079,0.12727,0.49091,0.709,0.221,0.32727,0.115,0.41098,-0.035,0.34545,-0.05455,0.082,-0.201,0.29091,-0.29091
1,1.411,0.0,1,-1.253,1,0.943,0.49057,-0.052,0.866,0.0,1,-0.00054,0.229,0.07547,0.586,-0.03,0.647,-0.00085,0.371,0,0.76,0.078,0.95190,-0.00112,1,0.79245,0.92192,-0.00128,0.816,-1,0.71,0.43396,0.43396,-0.11321
0,1,0,0.73810,0.9,-0.452,-0.159,0.33333,-0.14286,0.663,-0.108,-0.67285,0.12808,0.242,0.0,0.284,-0.038,-0.38214,0.51163,0.23810,0.02381,0.45238,0.04762,0.16667,-0.26190,-0.611,-0.051,0.153,-0.512,1,0,-0.66667,-0.048,0.329,0.034
1,1,0,0.43750,0.027,0.58333,-0.10417,0.351,0.0,0.33333,-0.042,0.548,0.0,0.29167,0.10417,0.419,0.02083,0.43750,-0.22917,0.35417,-0.253,0.33333,0.086,0.336,0.18750,0.321,-0.18750,0.44012,-0.141,0.399,-0.08333,0.72,-0.292,0.374,-0.06250
0,1,0,1,1.193,0.0,0.0,0,0,0.0,0.0,0.47744,-0.773,-0.302,0.586,-1.424,0.179,0.64662,1,0,0,0,0.0,0.62030,0.20301,-1.321,-1,0.602,-0.555,1.275,1,0,0,0,0.0
1,1,0.0,0.95217,0.06595,0.93614,0.13030,1.109,0.109,0.95,-0.561,1.337,0.61320,0.577,0.208,0.545,0.37988,0.66145,0.237,0.95472,0.77,0.53258,0.303,0.46773,0.259,0.40440,0.44199,0.34374,0.356,0.90330,1,0.23405,0.556,0.154,0.37191
0,1.383,0,0.885,0.40332,0.482,0.80521,0.76001,0.70709,0.84010,-0.10984,1.271,0.058,0.95824,-0.85727,1.325,0.857,1.304,-0.059,0.88673,0.261,0.719,-0.69594,0.86670,-0.85755,0.234,-0.377,1,0.098,0.62958,0.429,0.87757,0.81007,0.81979,0.699
1,0.878,0,0.836,0.092,1.349,-0.012,0.98313,0.014,0.96974,-0.09316,1.106,-0.02716,0.97980,-0.03096,1.272,-0.05343,0.687,-0.057,0.93840,0.009,0.876,-0.09284,0.97889,-0.05318,0.617,-0.15675,1.047,-0.06995,0.90978,0.01307,1,-0.158,0.93144,-0.066
0,1,0,0,0.0,-0.258,0.724,0,0,0.619,-0.643,0.97078,0.31385,-0.26048,-0.299,-0.371,0.855,0.94155,0.167,0.0,0,0.0,0,-0.18043,-1.081,0,0.0,0.575,-1,0,0.0,0.049,0.61881,0,0
1,1,0.0,0.96933,0.00876,0.604,0.00843,0.766,-0.00763,0.97868,-0.02844,0.891,-0.03510,1,-0.01,0.559,-0.02581,1,-0.01175,1.284,0.0,0.753,-0.02612,1,-0.049,0.96019,-0.04527,0.99188,-0.019,0.798,-0.02478,1.457,-0.026,0.692,-0.055
0,1,0.0,0,0,0.98919,-0.336,0.237,-0.05405,0.0,0,0.93243,0.07297,1,-0.20000,0.853,0.072,0.718,-0.064,0,0.0,0.566,-0.21081,1,-0.616,0,0.0,1,-0.262,0.0,0,0.946,-0.25946,0.408,-0.15676
1,0.995,0.0,0.646,0.01403,0.205,-0.02439,0.512,0.03466,0.19512,0.12195,0.247,0.059,0.324,0.051,0.29268,0.0,0.433,0.0,0.31707,0.059,0.26829,0.12195,0.23698,0.05813,0.21951,0.08,0.19304,0.036,0.257,0.05504,0.19512,0,0.17073,0.07317
0,1.345,0,1,1.303,1.456,-1.49,0,0,0.0,0.0,1.247,1,1,-1.263,1.328,1,0.899,-1,0,0.0,0,0,1.279,-0.302,0,0,0.77,-1,0.909,0.6,1,-1,0,0
1,1,0,0.194,0.20408,0.598,0.174,0.207,0.20408,0.486,0.44898,0.414,0.59184,0.158,0.55102,0,0.51020,-0.049,0.688,-0.20408,0.522,-0.28571,0.44898,-0.242,0.32653,-0.61224,0.252,-0.46579,0.088,-0.59184,0.18,-0.34694,0.0,-0.276,-0.24490
0,1,0.0,0,0.0,1,-0.816,0.0,0.0,0,0,1,1.101,1.283,-0.297,1,0.133,1.143,-1,0,0.0,0.0,0,1,1,0.0,0,1,-1.303,0.0,0,0.785,-1,0,0
1,1,0,0.89706,0.38235,1.148,0.37500,0.74265,0.67647,0.402,1.059,0.19118,0.88971,-0.018,0.648,-0.20588,1.231,-0.37500,0.825,-0.487,0.274,-0.401,0.38235,-0.86029,0.114,-0.795,-0.12500,-0.67925,-0.24131,-0.61,-0.49,-0.284,-0.50735,-0.319,-0.56618
0,1.034,0,-1,0.184,0.22222,0.15033,-1.028,-0.70984,-0.307,0.45,-1,0.76,-0.81699,0.33987,-0.896,-0.021,-0.98039,-1.165,-0.55,-0.802,-0.04575,-0.83007,1.059,-0.623,-1,-0.43137,0.74385,0.09176,-1.183,0.05229,0.18301,0.035,-0.205,-0.48241
1,1,0,0.26667,-0.061,0.53333,0,0.438,-0.13,0.278,0.063,0.642,0.01667,0.71667,0.121,0.70000,-0.06667,0.788,0.20000,0.303,-0.025,0.267,0.20000,0.70000,0,0.322,0.197,0.46214,0.05439,0.279,0.03333,0.463,0.03333,0.369,-0.05000
0,1,0.0,-0.177,0.40000,-0.27303,0.12159,-0.215,-0.04444,0.06192,-0.056,0.055,0.028,-0.012,0.02726,-0.01586,-0.002,-0.001,-0.00883,0.005,-0.002,0.001,0.003,-0.001,0.00102,-0.00069,-0.00050,0.00019,-0.00043,0.00026,0.00005,0.0,0.0,-0.00008,0.00002
1,1.448,0,1,-0.37838,0.963,0.29730,0.64865,-0.251,0.86486,0.222,0.673,-0.27027,0.51351,0.0,0.62162,-0.079,0.32432,-0.321,0.71833,-0.17666,0.62162,0.067,0.75676,0.099,0.413,-0.318,0.849,-0.22163,0.58478,-0.23027,0.72973,-0.599,0.563,-0.133
0,1,0,1.081,-0.053,-1,-0.33203,-1,-0.01,0.97266,0.01172,0.762,-0.01953,-1,0.23,-1,-0.004,0.95313,-0.03516,1.149,-0.02734,-1.466,0.11719,-0.93359,0.412,0.817,-0.006,0.82041,0.153,0.806,-0.1,-1.175,-0.18750,-0.624,-0.34375
1,0.717,0.0,0.95202,0.016,1.06,-0.013,1.331,0.01214,0.96705,-0.016,0.96936,0.007,0.95665,-0.022,0.826,-0.006,1.231,-0.02659,1.029,0.01792,1.217,-0.04971,0.93815,-0.02370,0.97052,-0.04451,0.96215,-0.01647,0.97399,0.01908,0.631,-0.017,0.95838,0.00809
0,1,0.0,1.076,-0.061,0.916,-1,0.407,-0.11111,0.36111,-0.22222,1.382,-0.25712,0.179,-0.11111,1,-0.34660,1,-0.226,1.446,-0.42862,0,-0.25000,1.025,-0.50333,1,-0.396,1.083,-0.785,0.82,-0.168,1,-0.896,1,-0.65935
1,1.039,0,0.428,-0.10345,0.172,-0.116,0.157,-0.06897,0.07405,-0.073,0.03649,-0.019,0.01707,-0.02383,0.006,-0.01,0.002,-0.00893,0.00078,-0.00523,-0.0,-0.004,-0.00028,-0.001,-0.0,-0.00090,-0.00025,-0.001,-0.0,-0.00024,-0.00012,-0.00012,-0.00008,-0.00006
0,0.809,0,0.501,-0.07843,0.72549,0.0,0.60784,-0.07843,0.487,-0.171,0.716,-0.11765,0.636,-0.11,0.64706,-0.09804,0.54902,-0.11765,0.502,-0.21569,0.58824,-0.19608,0.593,-0.23529,0.336,-0.25490,0.57,-0.153,0.56863,-0.31373,0.554,-0.23,0.273,-0.27451
1,1,0.0,0.25000,0.207,0.46667,0.281,0.212,0.297,0.07766,0.19939,0.01070,0.14922,-0.022,0.10188,-0.03685,0.06317,-0.047,0.03458,-0.03230,0.017,-0.02474,0.00357,-0.01726,-0.001,-0.011,-0.00539,-0.00621,-0.008,-0.00294,-0.006,-0.001,-0.002,0.0,-0.004
0,1,0,-0.65625,0.15625,0.08,0.0,0,0.06250,0.68,0.06250,0.18750,0.0,-0.03125,0.102,0.082,0,0.095,-0.199,0.454,-0.37500,0,-0.106,0,0.0,0.042,-0.236,0.03,0.0,-0.71875,0.03125,-0.03125,0,0.0,0.09375
1,1,0.0,1,-0.012,1,-0.017,1,-0.053,0.94,-0.016,0.733,-0.041,0.681,0.046,1.201,-0.06486,1.379,0.09189,0.97838,-0.00541,1,0.06486,1,0.028,0.617,0.09189,0.98556,0.017,1,-0.03243,1,0.02703,1,-0.051
0,1,0,0.85271,0.031,1,0.081,0.684,1,0.634,-0.00775,0.83721,0.03876,0.883,0.205,1.274,1.301,0.81395,0.04651,1.143,0.091,1,0.619,1,-1,0.80620,0.055,1,0.393,0.84496,0.047,0.641,0.87317,1,0.668
1,1,0,1.275,-0.01604,1.46,0.08021,0.652,0.009,0.804,0.005,0.93583,-0.022,1,0,1,0.06417,1.324,0.047,0.91444,0.031,0.96791,0.014,0.864,-0.01604,0.96257,0.058,0.837,0.04452,0.87701,0.01070,1,0.134,0.849,0.06417
0,1,0.0,-0.127,0.318,0.195,0.10000,0.28250,0.31750,0.32250,0.199,0.36285,-0.234,0.09250,0.168,-0.08,0.264,-0.08750,0.23500,-0.34187,0.285,-0.48000,-0.08000,0.321,0.33176,-0.81,-0.24000,0.32190,-0.165,-0.322,0.18500,-0.27104,-0.437,0.40445,0.024
1,1,0.0,0.60000,0.03333,0.63333,0.035,0.70000,0.089,0.70000,0,0.624,0.0,0.567,0,0.541,0,0.70000,0.114,0.66667,0.10000,0.73333,-0.036,0.993,0,0.391,0.151,0.65932,0.091,0.60000,0.145,0.60000,0.16667,0.806,0.158
0,1.322,0,0.05866,-0.005,0.06704,0.007,0.0,-0.01117,0.00559,-0.053,0.018,-0.08,-0.003,0.05307,0.054,-0.03352,0,0.09497,-0.06425,0.07542,-0.04749,0.02514,0.042,-0.00559,0.01,0.00559,0.116,-0.00838,0.03073,-0.004,0.04469,0.0,0.028,-0.028
1,1,0,0.561,0.28713,1.082,0.773,0.658,0.84,0.01267,0.505,-0.158,0.84475,-0.47644,0.56079,-0.899,0.41743,-0.66455,0.053,-0.571,-0.19525,-0.479,-0.58,-0.394,-0.55089,-0.044,-0.629,0.16085,-0.56420,0.36752,-0.41901,0.46059,-0.115,0.50376,-0.05980
0,1,0,0.05460,0.01437,-0.02586,0.04598,0.008,0.04598,-0.07759,0.005,0.01724,-0.058,-0.03736,0.037,-0.08333,-0.044,-0.132,0.101,-0.037,0.05172,0.02011,0.013,-0.051,-0.01149,0.031,-0.007,0.009,0.01724,0.033,0.016,0.02586,0.01149,-0.038,-0.00575
1,1,0.0,0.811,-0.014,0.79704,0.01,0.80000,0.00197,0.79015,0.014,0.78424,-0.00985,0.833,0.03251,0.85123,0.01675,0.80099,-0.009,0.606,-0.028,0.857,0.03350,0.74778,0.062,0.78,-0.018,0.637,0.008,0.636,-0.05025,0.82956,0.02956,0.79015,0.00788
0,1,0,0.037,0.022,0.00428,0,0.01997,-0.015,0.02,-0.062,-0.04850,-0.01284,0.01427,-0.02282,0,-0.03281,-0.033,-0.031,-0.017,0.037,0.02140,0.003,0.048,-0.02282,0.073,0.012,0.03994,0.01569,0.027,0.00713,-0.033,-0.01854,-0.007,0.01997
1,1,0.0,0.49,0.22751,0.222,0.33598,0.25661,0.499,0.027,0.677,-0.019,0.53968,-0.34127,0.31217,-0.41270,0.32540,-0.51587,0.06878,-0.712,-0.076,-0.14815,-0.14550,-0.14815,-0.309,-0.305,0.002,0.021,-0.31739,0.15873,-0.167,0.161,-0.224,0.26720,0.04233
0,1,0.0,0.08696,0.00686,0.162,-0.04119,0.124,-0.08238,0.174,-0.043,0.23341,-0.016,0.131,0.07780,0.125,-0.13501,0.29062,-0.04805,0.18993,0.098,0.081,0.0,0.11213,-0.002,0.15103,-0.104,0.08467,0.008,0.057,-0.043,0.09611,-0.07323,0.11670,-0.06865
1,1.245,0,0.61,0.488,0.48263,0.873,0.21572,0.822,-0.55941,0.789,-1.068,0.42048,-0.534,0.0,-0.62706,-0.357,-0.38391,-0.62157,-0.065,-0.69287,0.49909,-0.851,0.394,-0.37660,0.73857,-0.05484,0.60098,0.30384,0.45521,0.763,0.015,0.54479,-0.21572,0.39
0,0.71,0.0,0.01975,0.00705,0.023,-0.00846,0.02116,0.01128,0.01128,0.031,0.001,0.00141,0.01975,-0.03103,-0.028,0.052,-0.059,0.02680,-0.02398,-0.002,0.04372,-0.017,0.017,0,0,-0.018,0.01834,-0.015,0.007,-0.016,-0.01693,-0.02398,0.00705,0.0
1,1,0,0.85736,0.001,0.435,-0.05676,0.77521,-0.04182,1.058,0.09037,0.874,0.11949,0.876,-0.06124,0.568,0.03510,0.83719,-0.06796,0.837,-0.14190,1.253,0.01195,0.537,0.02240,0.851,-0.01942,0.413,-0.023,0.952,-0.049,1.083,-0.01942,0.543,-0.09186
0,0.959,0.0,1.186,-1.405,0.933,1,-1,0.679,0.651,-1,1,-1,-1.144,-0.887,-1,0.811,1.499,1.122,1,1,-1,1,1.234,-0.774,1,-1,1,1,1.03,1,-1.343,1,-1,1
1,1,0,0.5,0.295,0.38887,1.009,0.053,0.62,-0.549,0.88744,-0.76229,0.49980,-1.389,0.06,-0.85900,-0.31044,-0.66030,-0.479,-0.19260,-1.097,0.28444,-1.149,0.452,-0.35230,0.77814,-0.23324,0.85,0.196,0.451,0.58310,0.279,0.66315,-0.11215,0.64933
0,0.688,0.0,0.74,1,1,0.51250,0.62500,-1,1,1,0.035,0.03125,0.605,1,0,0,1,-1.461,1.218,1,1.123,1,0.182,1.485,0.825,1,0.824,1.285,0.581,1,-0.535,0.755,0,0
1,1,0.0,0.722,0.54902,0.62745,1,0.01961,1,-0.358,0.536,-0.82353,0.848,-1,0.132,-1.385,-0.33333,-0.812,-0.949,-0.23529,-1.178,0.35294,-1,0.74510,-0.72549,1.204,-0.209,0.92874,0.323,0.73,0.56863,0.23529,0.916,-0.096,0.90196
0,1.272,0,0.0,0,-1.092,-1,-1.349,1,0,0,-1,0.906,0.548,0.674,1.094,-1.462,0,0.0,0,0,-1,-0.897,-1,1,0.576,0.43750,1.118,-0.872,0,0,-1,-0.965,-0.687,1
1,1,0.0,0.255,0.377,0.53695,0.90763,-0.22222,1,-0.3,0.88889,-0.634,0.33333,-1.053,-0.11111,-1,-0.112,-0.66667,-0.77778,0.422,-1,-0.226,-0.77778,0.77778,-0.22222,0.37,0.0,0.874,0.45019,0.621,0.542,0.17,1,-0.681,1
0,0,0,0,0.0,0,0.0,0,0,0,0.0,0,0.0,0.0,0,0.0,0,0,0,0.0,0.0,0,0,0.0,0.0,0.0,0.0,1.04,0.0,0,0.0,0.0,0,0,0
1,1.491,0.0,0.946,0,1,0.0,0.74,0.50000,0.75000,0.0,1.128,0.167,0.89067,0.14210,0.492,0.16228,0.816,0.25000,0.75000,0.5,0.425,0,1,-0.25000,0.5,0.359,0.631,0.219,0.75000,0.25000,0.714,0.431,0.67493,0.30293
0,0,0.0,-1,0.946,0.995,0.649,0.0,0,1,-1.478,1,-1.184,1,-0.923,-1.236,-1,0,0.0,-1,-0.571,0,0.0,0,0.0,-1,-0.805,0.601,-1,1.055,1,-1,-1,0,0
1,1,0,1.328,0,1.263,0,0.66667,0.113,1,-0.11111,0.808,-0.11111,1,-0.299,0.77778,0.0,0.71,0,0.77,-0.145,0.97,-0.142,0.599,-0.11111,0.66667,0.0,0.90347,-0.032,1.086,0.11111,1.324,-0.11111,1,0
0,0.0,0,0,0,0.0,0.0,0.0,0.0,0.0,0.0,0.0,0,-1,-1.123,0,0.0,0.592,0.75000,0,0,0.0,0,-1.274,1.294,0.0,0,1,-1,-1,-1,1,0.847,0,0
1,1,0.0,1,0.396,1,-0.605,1.283,0.09091,1,-0.09091,0.785,0,1,-0.281,1,-0.18182,0.723,0.047,1.143,0,1,-0.36364,1,0.052,1,-0.09091,1,-0.04914,1.03,0.501,1.303,-0.223,1.173,-0.25
0,1.106,0.0,0.62121,-0.63636,0,0.0,0,0.0,0.468,0.32,0.234,0.452,-0.074,0.51894,0.36364,0.31439,-0.804,0.291,0.153,-0.14773,0.012,-0.572,-0.33,0.217,0.29167,-0.27273,0.25758,-0.57576,0.43182,0.24242,0.18182,-0.02273,0.17045,-0.41667
1,1,0.0,1,0.11765,1.133,0.23529,1.125,0.41176,1,0.05882,1,0.348,1.358,0.108,0.632,0.66,0.76,-0.05882,0.662,-0.11765,1,0.365,1.328,0.41176,1,-0.11765,0.81,0.133,0.51,0.05882,1,0.353,1,0.23529
0,1,0,0,0.0,-1,-0.62766,1,0.76,0.07979,-0.23404,-0.759,-0.263,0.127,-0.59043,0.972,-1,0,0,0.578,-0.07979,-0.363,1.133,0.17021,-0.43,0.0,0.0,-0.283,-0.46809,-0.12,-0.434,0.958,0.90426,-0.67553,0.45745
1,1.209,0,0.91667,0.29167,1.019,-0.111,0.70833,0.288,0.533,-0.061,0.992,0.04167,0.83333,0.119,0.70833,0,0.498,0.04167,1,0.108,0.768,-0.08333,0.61,0.213,0.83333,-0.166,0.83796,0.05503,1,0.235,0.782,0,0.70833,0.04167
0,1.033,0,0.18590,-0.16667,0.0,0,0.0,0.0,0.0,0.0,0.0,0,0.11538,-0.19071,0.0,0.0,0.0,0.0,0.0,0,0,0,-0.06,-0.06571,0.043,0.133,0.17308,-0.10897,0.12500,0.12,0.02564,-0.04808,0.16827,0.19551
1,1,0,1,-0.123,0.646,-0.101,0.99246,-0.29802,1.247,-0.33075,1.144,-0.48,0.955,-0.555,0.785,-0.48170,1.093,-0.746,0.68131,-0.63544,0.82450,-0.78316,0.367,-0.74785,0.6,-1.433,0.72,-0.85669,0.37941,-0.83893,0.24117,-0.726,0.29221,-0.89621
0,1,0,1.032,0.661,-1.131,0.717,-1,-0.827,0.412,0.3,0.46053,0.07018,0.22807,0.05702,0.35088,0.25,0.366,-0.03947,0.22807,0.53070,0.0,0.0,-0.29825,-0.16228,0.711,-0.619,1,-1.238,1,-0.367,0.456,0.20175,0.82895,0.07895
1,1.076,0,0.82,0.24077,1.023,0.00369,1.139,-0.30133,0.89919,-0.23486,0.70643,-0.333,0.676,-0.30539,0.71492,-0.36078,0.47194,-0.61189,0.40473,-0.55059,0.839,-0.561,0.769,-0.362,0.23966,-0.315,0.29208,-0.394,0.187,-0.227,0.15657,-0.55,0.199,-0.46603
0,0.0,0,-1,1,1,-0.507,0,0.0,0,0,1.118,-1,1,1,0,0.0,1.38,-1,0.0,0,0,0,1.341,1.079,-0.833,0.938,1.039,-1,-1.353,0.664,-0.679,-1,0,0.0
1,1,0,0.92247,-0.19448,0.96419,-0.192,0.87024,-0.22602,0.81702,-0.27070,0.79271,-0.28909,0.643,-0.49639,0.735,-0.31,0.37254,-0.573,0.217,-0.688,0.59,-0.54172,0.349,-0.59691,0.189,-0.369,0.074,-0.59589,-0.053,-0.489,-0.01840,-0.42,-0.08,-0.47898
0,1,0,-1,-1,-0.50694,1.111,0.928,-1,1.066,0.53819,0.0,0.0,0.337,-1,1,1,0.0,0.0,1,1,1.438,1.242,0.0,0,-0.701,1.377,0.414,-1,1,-1,0.792,-1,0.501,1
1,1,0,0.8,0.43460,0.5,0.829,0.103,0.688,-0.229,0.937,-0.72363,0.61181,-0.93882,0.19409,-0.86709,-0.308,-0.56,-0.65612,-0.32,-0.85654,0.16245,-0.436,0.54,-0.753,0.74895,-0.28903,0.77937,0.101,0.842,0.58,0.343,0.62447,-0.00422,0.69409
0,1,0.0,1,1,0,0,1,-1,-1,-0.643,1,1,1.45,-1,0,0,1,-0.821,0.988,0.529,0.0,0,0.727,-1,-0.689,-1.201,0.741,1,-1.166,1.148,-1.278,1.009,0.0,0
1,1.222,0.0,0.883,0.63548,1,1,0.77123,1,-0.33333,1,-0.568,0.674,0,0.753,-0.781,1.411,-0.549,0.0,-1,-0.66667,-1,-0.92536,-1.274,-0.33333,-0.33333,-0.684,0.19235,-1,0.693,-1.001,0,-0.641,0.668,-0.66667
0,0,0.0,-1,1,-1,-0.873,0.0,0,-1,1,0.721,-1,-1,-1,-1,1,0.0,0,-1.41,-0.934,-0.969,1,0.0,0.0,1.082,-1,0.573,0.864,1,-0.868,1,1,0.0,0.0
1,1.396,0,0.685,0.06843,1,0.14211,0.847,0.128,1,-0.134,1,0.267,1.398,0.48981,1,0.535,-0.37500,1,0.611,0.0,1,0.723,0.569,1,1,0.58,1.105,1,1,0.314,1,0.622,1,1
0,0,0.0,-1,-1,0.0,0,0,0,0,0.0,0.0,0,0.0,0.0,1,-1.144,0.0,0.0,-1,-1.133,0.0,0,1,0.737,1,-0.986,1,-1,0,0.0,0.0,0,0.0,0
1,1,0.0,0.64947,-0.083,0.58264,-0.14380,-0.143,-0.269,0.29796,0.024,0.516,-0.26339,0.28931,-0.31997,0.03459,-0.18947,0.118,-0.249,0.183,-0.29052,0.142,-0.31525,0.06556,-0.26795,0.03004,-0.149,-0.00046,-0.307,-0.02612,-0.21129,-0.034,-0.213,0.011,-0.233
0,1,0,0.0,0,0,0.0,0,0,0,0.0,0.73,-0.33333,0.16667,0.148,0.0,0.0,0.0,0.0,0.0,0,-0.181,-0.212,-0.22,0.90625,-1,0.509,0.026,0.75000,-0.317,-1,-0.12500,-0.27083,-0.19792,-0.93750
1,0.883,0,1,0.05149,0.845,0.10123,0.96142,0.14756,1.311,-0.221,0.66026,0.54701,0.449,0.351,0.687,0.266,0.66775,0.28714,0.59615,0.29304,0.52494,0.281,0.646,0.365,0.39023,0.297,0.181,0.322,0.27381,0.204,0.22427,0.21378,0.18086,0.104
0,1,0.0,1.12,-0.09524,-1,-0.817,-1.075,-1.128,1.251,0.414,0.81349,0.76190,-0.92,-1,-1.0,1.282,0.47364,1,0.858,1,0.68839,-1,-1.109,-1,0.636,0.433,0.956,1,1,0.50794,-1,-0.362,-1,0.72831
1,1,0.0,0.93669,-0.00190,0.426,0.401,0.92314,-0.402,0.93123,0.21,0.826,0.09061,0.99676,0.08172,0.91586,0.05097,0.84628,-0.162,1.131,-0.152,0.84871,0.137,0.75081,-0.035,1.123,-0.02589,0.87293,-0.02302,0.98544,0.091,0.585,-0.145,0.923,-0.14725
0,1,0.0,1.047,-1.423,1,1,1,0.525,1,-0.421,1,0.811,1,1,1,1,0.0,0.0,1,1,1.368,1,1.312,-1,1,1,1,0.41,0.648,-0.739,-0.689,0.77,1,1.434
1,1,0,1.18,0.117,1.013,-0.78509,1,-0.10401,1,0.15414,0.653,0.27820,0.677,-0.06861,0.854,0.06610,0.95802,-0.247,0.465,-0.15633,0.97400,0.05,1.374,0.132,1,-0.011,1.318,-0.04597,0.91165,0.041,1,-0.095,1.12,-0.11717
0,0.774,0.0,0.36876,-0.505,-1,-1,-0.07661,1,0.551,0.95041,0.74597,-0.38710,-0.553,-0.557,-0.09677,1.147,0.659,0.46502,0.337,-0.27461,-0.093,-0.191,-0.11976,0.086,0.03021,0.06639,0.043,-0.017,-0.00403,-0.01672,-0.01,0.00108,0.00015,0.004
1,1,0,0.79847,0.38265,0.456,-0.12,1.391,-0.07653,0.98151,-0.037,0.70217,0.20663,0.99745,0.022,0.98214,0.02487,0.917,-0.163,0.95663,0.07717,1.355,0.002,1.3,0.29,1,-0.192,0.524,-0.00394,0.531,0.112,0.655,-0.18750,1,-0.05740
0,0,0,0,0.0,0,0.0,0,0.0,0.0,0.0,0,0.0,0.994,1,1,1,1,-1.014,0.0,0,1,1,0.616,-1,1,1.465,0.756,0.0,1,0.531,0.593,-1,0.0,0
1,1,0.0,1,-0.382,0.774,-0.25346,0.907,-0.285,1,-0.30566,0.92736,-0.49057,0.90818,-0.523,0.866,-0.883,0.771,-0.58019,0.59623,-0.57579,0.445,-0.70975,0.54465,-0.87327,0.49214,-0.823,0.315,-0.783,0.26352,-0.78239,0.16604,-0.496,0.131,-0.983
0,1,0.0,0,0.0,0,0.0,0,0.0,-0.85000,-0.602,0.0,0,1.275,-1,0,0.0,-1.492,-1,-0.627,-1,1,-1,-0.60000,-1,1,0.867,-0.586,-0.14,1,-1.427,0.0,1.193,0,0
1,1,0,1,0.09091,1.163,-0.09091,1.147,0.0,1,0,0.541,0.0,0.825,0.066,0.90909,-0.037,0.74,0,1.123,0.0,0.86364,0.128,0.532,0.069,0.90909,0.04545,0.91541,0.02897,1.068,0.09091,0.86364,-0.09091,0.86364,0.026
0,0,0.0,0,0,-1,1.383,1.306,1.015,-1.006,-1.255,0,0,-0.969,-1.441,-1,-0.31250,-1.125,-0.582,1,-0.73,1,-0.722,0.0,0,1,-1,-1,-1,0,0,1.441,-1.366,0.0,0
1,1,0,0.91176,-0.061,0.871,0.193,0.723,0.112,0.91176,-0.02941,0.97059,-0.17647,0.936,0.215,0.94118,0.026,1,0.0,1,0,0.419,0.132,0.88235,0.04,0.85294,0.02941,0.625,0.028,0.543,-0.11765,0.624,0.05882,0.91176,0.05882
0,1,0.0,-1,0.899,-1.385,0.15244,0.37,1,-1,1.109,-1,-1,0.575,0.504,-1,-0.199,0.28301,-1,1,1,-0.31402,-0.759,-1,-1.019,0.948,-1,-1,-0.039,1.225,-1.053,-1,-0.32317,0.114,0.643
1,1,0,0.357,-0.10526,0.589,0.012,0.83155,0.034,0.611,-0.05263,0.68421,0.0,0.79856,0.03,0.815,0.05756,0.84211,0.47368,0.777,0.042,0.597,0.07631,0.70301,0.08141,0.42105,0.307,0.65419,0.119,0.281,-0.21053,0.60150,0.09534,0.433,0.091
0,1.491,0,-0.006,-0.618,0.0,0.0,-0.01923,1,0,0.0,0.0,0.0,0,0.0,0.0,0,0,0.0,0.31410,0.92949,-0.301,0.74359,-0.196,-0.547,0.0,0,-0.77,-0.51282,0,0,0,0,0,0
1,1,0.0,1,0.672,1.236,0.54545,0.863,0.63636,1.007,-0.052,1.478,0,0.774,-0.452,0.512,0.27273,1,-0.63636,1,-0.176,0.90909,-0.295,1,0.072,1,-0.09091,0.819,0.08867,0.601,0.36364,0.97,0.63636,0.72727,0.27273
0,0,0.0,-1,-1,1.303,-1.345,-0.909,1,0.0,0,0.6,-1,1,-0.775,0.0,0,0,0,0.0,0.0,-1.279,1,1,-1,-1,1,1.263,0.77,0.0,0.0,1.49,0.5,0,0
1,1,0,0.45455,0.09091,0.63636,0.114,0.138,0.18182,0.811,0.0,0.376,-0.065,0.588,-0.09091,0.461,-0.01343,0.63636,-0.108,0.45455,0,0.36364,-0.123,0.219,0.18182,0.36364,-0.051,0.34442,-0.018,0.267,0,0.308,0.0,0.28985,-0.01832
0,1.143,0,-1.331,-0.7,0.0,0,-0.571,0.64516,-0.453,1,0.0,0,0,0.0,0.0,0,0,0,0.0,0,-1,-1,0.0,0.0,0.411,0.23387,1,0.673,0.0,0.0,0,0,0,0
1,1,0,1,0.14286,1.219,0.71429,0.643,0.695,0.882,-0.14286,0.985,-0.108,1.495,0.02534,1.359,0.0,0.352,-0.14286,1.106,0.03617,1,-0.306,0.546,0,0.28571,-0.28571,1.111,0.04891,1.26,0.05182,1,0.328,1,0
0,0,0,1,1,0.655,-0.51,0.662,1.001,1.133,1.183,1,1,1.358,-1,1,1,1,-1,1.328,-1,1,0.632,1.403,1,1.125,-1,1,0.81,1,1.034,1,0.914,0.76,1.478
1,1,0.0,0.469,0.46972,0.53945,1.214,0.072,0.95275,-0.276,0.87916,-0.73939,0.749,-0.816,0.16731,-0.934,-0.24942,-0.781,-0.385,-0.24012,-1.233,0.273,-0.597,0.51557,-0.558,1.026,-0.24843,0.69097,0.104,0.52798,0.39762,0.25974,0.56573,-0.06739,0.57552
0,0,0.0,1.299,-1,1.152,1,1,-1,1,1,0.609,-1,1.326,-1,0.956,-1,1.222,1.28,1,1.13,0.664,0.736,1,-0.569,1.083,1,0.813,1,1,1,1,1,1.153,-1.105
1,1,0.0,0.92657,0.046,0.89266,0.086,1.011,0.19791,0.842,0.36526,0.80619,0.596,0.76221,0.434,0.66586,0.7,0.60101,0.51752,0.53392,0.726,0.321,0.54212,0.618,0.55684,0.224,0.82,0.26978,0.54214,0.163,0.552,0.14312,0.49124,0.144,0.46571
0,0,0.0,1,1,1.488,-0.854,1.175,-1.496,0.646,1,0.0,0,0.624,-1.247,0,0,0,0.0,0,0.0,-1,1,1,1,0,0.0,1,1.184,0,0.0,-1.4,-0.817,0,0
1,1,0,0.93537,0.13645,0.93716,0.25359,0.85705,0.38779,0.894,0.47127,0.72352,0.52,0.65260,1.068,0.50830,0.73586,0.41629,0.82742,0.25539,1.286,0.13712,0.859,0.006,1.056,-0.053,0.741,-0.106,0.555,-0.342,0.516,-0.38532,0.426,-0.587,0.708
0,0,0,1,-1,-1.107,1,-0.916,1.427,1.072,1,1,1,-1,-1.382,-1,-1,1.025,1,1,-1.076,-0.82,-0.581,-1,-0.604,1.446,0,1.375,-1,1.465,-1.083,-0.815,1,-1.419,1
1,1,0,0.936,0.13069,0.496,0.123,0.722,0.19038,0.36923,0.45577,0.618,0.483,0.25000,0.619,0.25192,0.265,0.15215,0.427,-0.09808,0.7,-0.047,0.42885,-0.08856,0.336,-0.14943,0.40006,-0.132,0.328,-0.23832,0.246,-0.26634,0.23896,-0.23846,0.418
0,0,0.0,0.809,-1,0.621,0.801,1,-1.087,1,0.777,1,-0.744,0.915,1,1.068,-1,1,-1,1,1,1.161,1,1.283,-1,1.456,-1,1,-0.799,1,0.58,0.89,-1,1.043,1
1,1,0.0,0.97467,0.13082,0.94120,0.20036,0.987,0.339,0.89009,0.321,0.912,0.419,0.897,0.52284,0.69946,0.73,0.675,0.66893,0.48869,0.70398,0.44245,0.68159,0.35289,0.41,0.26832,1.073,0.191,1.13,0.07497,0.999,-0.041,0.77702,-0.10289,0.54
0,0.0,0.0,0,0,0.95,1,0,0,0.605,1,0,0,1,-1,0.0,0,0.0,0,0,0.0,0.0,0.0,0.0,0.0,0.0,0.0,1.208,-1,0.0,0,-1,1,0.0,0
1,1,0.0,0.92308,0.15451,0.457,0.205,0.72582,0.36790,0.70588,0.56830,0.362,0.385,0.43270,1.082,0.31705,0.67697,0.19128,0.76818,0.046,0.768,-0.089,0.495,-0.18479,0.856,-0.395,0.539,-0.282,0.58553,-0.46799,0.50131,-0.679,0.40732,-0.56231,0.409
0,0,0.0,0,0,1,1.26,1.222,0.674,0,0,0.0,0.0,-0.883,-1,0,0.0,-1,-1,0,0,0.0,0.0,1,0.568,0,0,1,1,0.0,0,-0.781,1.274,0.0,0.0
1,1,0,1.297,0.38138,0.65926,0.752,0.272,0.87892,-0.06726,0.782,-0.39597,0.80441,-0.64574,0.383,-0.804,0.232,-0.78940,-0.109,-0.866,-0.30942,-0.46637,-0.55605,-0.16449,-0.419,0.09562,-0.61055,0.429,-0.418,0.312,-0.171,0.411,-0.139,0.42152,0.12556
0,0.0,0,1,-0.58,1,1.105,0.907,1,0.676,0.847,1,1.396,1,-0.579,0.569,1,1,1.075,1,-1,0.786,-0.847,1,-1,1,-1,1,0.685,1,-0.611,1,1,1.256,0.622
1,0.986,0.0,1.095,-0.232,0.80151,0.10278,1.004,0.15266,0.343,0.05252,0.708,0.21225,0.785,0.28954,0.68798,0.243,0.49672,0.164,0.64333,-0.02845,0.627,0.226,0.53120,0.44872,0.94530,0.658,0.44174,0.624,0.166,1,0.35070,0.563,0.30588,0.49831
0,0,0.0,0,0,0.0,0,0.0,0,0.0,0,0.0,0,0.0,0,0,0.0,0.0,0,0,0,0,0.0,0.0,0.0,0.0,0,1,1.237,0.0,0.0,0,0,0.0,0
1,1,0.0,0.561,0.005,1.243,-0.00260,0.98922,0.00372,1.101,0.017,0.94054,0.049,0.497,0.041,1.299,0.012,0.94277,0.065,0.957,-0.00706,1.158,0.036,0.96358,0.07098,0.93274,0.08101,0.95243,0.04356,0.97473,0.008,0.97845,0.07061,1,-0.00260
0,0,0.0,1,1.26,-0.964,-1.281,-1.089,-1,0,0,0,0,-1,-0.835,0,0.0,0,0.0,0.0,0.0,-1.417,1,1,1,0.0,0,1,-1,0.0,0,-1,-0.548,-0.883,-1.39
1,1,0.0,0.505,-0.138,0.71442,0.01513,0.843,0.02258,0.68065,0.014,0.433,0.05594,0.635,0.04393,0.68101,0.05058,0.751,0.063,0.63403,-0.036,0.728,0.06856,0.809,0.07381,0.84033,0.18065,0.59935,0.089,0.366,0.06760,0.56466,0.118,0.617,0.09346
0,1,0,0.68729,1.049,0.687,-0.534,0.81773,0.028,0.76087,0.10702,1.153,0.73746,0.70067,0.183,0.75920,0.195,0.803,-0.25084,0.70736,0.18729,0.529,0.307,0.315,0.747,1,-0.579,1.155,0.22216,0.681,0.53846,0.928,-0.06522,0.56522,0.23913
1,1,0,0.76296,-0.051,1,-0.29630,0.525,-0.85741,0.80000,0.056,0.449,-0.42778,1.04,-0.116,1,-1.197,0.49259,0.019,0.82222,-0.046,0.797,-0.19938,0.589,0.301,0.69630,-0.26481,1.312,-0.207,1.035,0.02037,0.567,-0.27105,1,-0.57037
0,1,0,0.266,0.181,0.41245,0.096,0.26459,0.344,0.161,0.13230,0.108,0.349,0.24514,0.319,0.123,0.116,-0.03891,0.436,0.054,0.252,0.24903,0.064,0.07782,0.29961,-0.02494,0.28482,-0.06024,0.351,-0.14786,0.14786,-0.09339,0.266,-0.19066,0.28794
1,1,0,0.57540,-0.03175,0.75198,-0.027,0.61508,-0.008,0.53968,0.046,0.708,0.09921,0.745,-0.02381,0.62698,0.016,0.70833,0.014,0.60317,0.023,0.47817,-0.026,0.458,0.047,0.633,0.03968,0.61291,-0.01237,0.34,-0.095,0.73,-0.01389,0.62500,-0.039
0,1,0,0.036,-0.15271,-0.023,0.05911,0.08374,-0.016,-0.01478,0.18719,0.059,0.0,0.12315,-0.13,0.05911,0.0,0.01970,-0.021,-0.121,-0.20690,0.06,0.02,0.086,0.02956,0.07882,0.16256,0.28079,-0.07,-0.085,-0.09360,0.04433,0.05419,0.037,-0.111
1,1.067,0,0.413,0.10850,0.70694,-0.099,0.70358,0.01678,0.394,0.002,0.706,0.15772,0.726,-0.001,0.603,0.033,0.83669,-0.16555,0.68680,-0.062,0.626,-0.017,0.442,0.11745,0.422,-0.09508,0.69845,-0.01673,0.63311,0.04810,0.78859,-0.05145,0.956,-0.04698
0,1.03,0.0,0.25316,0.35949,0,0,-0.193,-1.499,0,0,0.07595,-0.07342,0,0.0,0,0,0.0,0.0,0.0,0,0.009,0.808,-0.20000,0.299,-0.10380,0.479,0.05570,-1,0.0,0.0,0.051,-1,0,0.0
1,1,0.0,0.88103,-0.00857,0.89818,-0.02465,1.343,-0.013,1.057,-0.152,0.82208,-0.10932,0.535,0.01179,1.157,-0.13719,0.87138,-0.06109,0.90782,-0.031,0.661,-0.14577,0.519,-0.12433,0.782,-0.19507,0.49,-0.14903,0.495,-0.12862,0.813,-0.263,0.91747,-0.251
0,1,0,0.42708,-0.37,0.0,0,0.0,0.0,0.32,0.51042,0.357,0.012,0.0,0.0,0,0,0.16458,-0.553,0.59167,-0.106,0,0.0,0.0,0,0.98750,-0.40833,-1.119,-0.755,-0.27917,-0.75625,0,0,0.0,0
1,1,0,0.88853,0.009,1.154,0.017,0.92442,0.01359,0.651,-0.14,0.873,-0.121,0.936,-0.01033,0.93094,-0.08918,0.86025,-0.05057,0.89451,-0.04024,1.222,-0.136,0.88907,-0.11909,0.475,-0.144,1.278,-0.096,0.618,-0.13051,0.83524,-0.12452,1.251,-0.12235
0,0.643,0.0,0,0.0,1,0.12889,0.88444,-0.02000,0,0,1,-0.42444,0.687,0.19556,1.118,-0.048,1,-0.787,0,0,1.272,-0.044,0.872,-0.126,0,0,0.906,-1,0.0,0,1.462,0.068,0.796,-0.09556
1,1.053,0,0.81143,0.03714,1.043,-0.00143,0.876,0.006,0.61,-0.027,0.87571,0.0,0.85571,-0.043,0.86429,0.00286,0.82857,-0.071,0.81000,-0.107,0.584,-0.048,1.167,-0.05000,0.73,-0.06857,0.81598,-0.088,0.82571,-0.10429,0.81429,-0.05000,0.82143,-0.164
0,1,0,0,0.0,0.0,0,0,0,0,0,0.0,0.0,-1,0.559,1,0.55172,0,0.0,0,0.0,0.0,0.0,0.0,0,0.0,0.0,0.753,1,0.0,0.0,0,0,0.0,0
1,1,0,0.472,0.01818,0.533,-0.09610,0.50649,-0.04156,0.284,0.143,0.44675,0.075,0.573,-0.177,0.51688,-0.03636,0.52727,-0.05974,0.55325,-0.01039,0.414,-0.048,0.678,-0.01039,0.59221,0.0,0.579,-0.03280,0.244,0.03377,0.808,-0.045,0.58961,-0.058
0,0,0,0,0,0.0,0.0,0,0.0,0,0,0,0.0,0.0,0,0,0.0,0,0,0.0,0.0,0.0,0.0,0.0,0.0,0.0,0,1,-1.478,0,0,0.0,0.0,0,0
1,1,0.0,1,0.5,1,0.25000,0.225,1,0.153,0.706,-0.13336,0.482,-0.497,0.60793,-0.43820,0.291,-0.43663,0.16709,-0.463,0.009,-0.352,-0.09025,-0.218,-0.12964,-0.07782,-0.129,-0.031,-0.094,0.01033,-0.088,0.024,-0.04142,0.02249,-0.02017
0,1,0.0,0.0,0,0,0,1,0.558,-1.351,-1,0,0.0,1,-0.088,0,0.0,0.0,0.0,-1,1,1.274,1,1.123,-1,0.0,0,0.804,-0.592,0,0.0,0.0,0,1,1
1,1,0.0,0.87048,0.38027,0.66,0.69212,0.246,0.86625,-0.03933,0.90740,-0.42173,0.79346,-0.729,0.672,-0.81049,0.22735,-0.81136,-0.109,-0.67474,-0.38102,-0.528,-0.648,-0.13013,-0.70762,0.2,-0.48,0.38544,-0.268,0.579,-0.342,0.56239,-0.07,0.294,0.221
0,1.071,0,0,0.0,0.0,0.0,0.0,0,-1,0.643,0.0,0,1.106,0.37333,-0.12000,-0.12000,0,0,-1,-1.219,0,0.0,1,-1.26,0,0.0,1,0.13,0,0.0,0,0.0,0.0,0
1,1,0.0,0.714,0.435,0.59573,1.09,0.19672,0.94537,-0.285,0.92544,-0.62526,0.968,-0.441,0.348,-1.227,-0.05338,-0.77356,-0.44707,-0.46950,-0.73285,-0.10237,-0.751,0.299,-0.77570,0.55984,-0.629,0.72147,-0.16,0.72478,0.061,0.859,0.38915,0.264,0.57656
1,1,0.0,0.32834,0.02520,0.15236,0.189,0.14919,0.74003,-0.179,0.778,-0.056,0.19380,-0.789,0.25786,-1.399,-0.08,-0.13117,-0.14329,-0.295,-0.648,-0.083,-0.85597,0.02668,-0.337,0.277,-0.06295,0.444,-0.11876,0.27657,-0.11409,0.092,0.101,0.12197,0.20468
1,1.153,0,1.008,0.374,0.54040,0.78579,0.158,0.89402,-0.33221,0.905,-0.70086,0.484,-0.86622,0.21909,-0.84442,-0.273,-0.59714,-0.61894,-0.128,-1.164,0.12439,-0.89064,0.376,-0.441,0.79143,-0.27734,0.83008,0.08718,0.767,0.49079,0.415,0.909,-0.023,0.971
1,0.663,0,0.644,-0.03490,0.877,0.006,0.60409,-0.111,0.63177,0.00963,0.734,-0.108,0.67028,0.07220,0.62936,-0.08424,0.67509,0.098,0.67148,0.0,0.323,0.10108,0.50060,0.03129,0.821,0.14079,0.407,0.02,0.51384,0.04452,0.897,-0.013,0.673,-0.09146
1,1,0,0.875,-0.027,0.70772,0.021,1.081,0.16912,0.988,0.07721,0.81434,0.43934,0.63787,0.00551,0.70772,0.135,1.4,0.06066,0.61029,0.061,0.604,0.048,0.52022,-0.204,0.72978,-0.15809,0.61727,0.064,0.46,0.13,0.478,0.07458,0.891,0.21691
1,1,0,0.571,0.18923,0.78157,0.012,0.876,0.04,0.805,-0.052,0.8,0.08000,0.73961,0.05060,0.941,0.05776,0.496,-0.127,0.619,0.116,0.66233,0.07573,0.63878,0.08041,0.715,-0.07231,0.58803,0.08767,0.699,0.25692,0.53389,0.08,0.363,0.09322
1,1,0,0.988,0.05375,0.512,0.002,0.692,0.00301,0.49,0.09901,1.048,0.04102,0.81892,0.008,0.80738,0.00673,0.80622,-0.12447,1.112,-0.03536,1.084,0.01,0.74635,0.008,0.881,-0.046,0.70824,0.01096,0.62235,0.17,0.722,0.011,0.64407,0.01227
1,0.664,0,0.5,0.0,0.38696,0.10435,0.351,0.06522,0.507,-0.03,0.35652,-0.12609,0.428,0.04783,0.696,0.02609,0.398,0.203,0.49,0.14783,0.42174,-0.02609,0.32174,-0.077,0.24,-0.00870,0.41789,0.084,0.38696,0.03913,0.293,0.198,0.44783,0.235
1,1,0.0,0.594,0.09417,0.624,0.20656,0.71628,0.28068,0.69320,0.41252,0.512,0.643,0.57898,0.60814,0.49210,0.468,0.33354,0.421,0.322,0.565,0.102,0.65,0.02066,0.585,-0.08748,0.63183,-0.11925,0.60696,-0.265,0.513,-0.148,0.6,-0.27339,0.42467
1,1,0.0,0.728,0.09802,1,0.268,1.116,0.465,0.80365,0.52,0.74977,0.60297,0.599,0.667,0.637,0.92,0.406,0.457,0.21137,1.148,0.09709,0.82162,-0.019,0.79870,-0.15144,0.938,-0.22839,0.69187,-0.31713,0.60948,-0.40291,0.54522,-0.531,0.44534
1,1.09,0,0.658,0.13425,0.775,0.31543,0.78896,0.524,0.63388,0.637,0.54003,0.71016,0.39699,0.76161,0.24266,0.79523,0.09134,1.015,-0.09159,0.76261,-0.209,0.906,-0.386,0.657,-0.532,0.50489,-0.233,0.247,-0.50314,0.27252,-0.502,0.216,-0.531,0.05972
1,1,0,0.94631,0.17498,1.227,0.33143,0.523,0.49960,0.885,0.63842,0.313,0.537,0.48698,0.527,0.30459,1.314,0.23,0.767,-0.005,0.93109,-0.18880,0.89383,-0.33023,0.962,-0.46534,0.772,-0.403,0.66335,-0.671,0.52564,-0.75321,0.42488,-0.522,0.3
1,0.781,0,0.91767,0.222,0.86090,0.35543,0.948,0.45747,0.60425,0.617,0.504,0.74922,0.36100,0.81795,0.199,0.558,0.003,0.591,-0.16390,0.586,-0.508,0.522,-0.237,0.65385,-0.53140,0.53886,-0.60328,0.40972,-0.64511,0.344,-0.65710,0.078,-0.432,0.05394
1,1.41,0,0.716,0.182,0.63935,0.38112,0.423,0.509,0.15000,0.22273,0.149,0.87,-0.067,0.44545,0,0.48636,-0.404,0.303,-0.484,0.36818,-0.36591,0.26,-0.537,0.044,-0.38483,-0.03229,-0.33942,-0.12486,-0.179,-0.19714,-0.19962,-0.24648,-0.081,-0.27218
1,1,0.0,0.58940,-0.60927,0.531,0.468,0.736,0.062,0.711,0.227,0.32781,0.24172,0.50331,0.135,0.892,0.213,0.565,0.42715,0.332,0.13907,0.65232,0.27815,0.68874,0.07285,0.355,0.26653,0.284,0.27687,0.46216,0.193,0.43484,0.17,0.40821,0.29942
1,1,0.0,1.295,0.11385,0.70019,-0.12144,0.494,0.09677,0.635,0.015,0.642,-0.07780,0.509,0.119,0.58634,0.03985,0.53131,-0.03416,0.685,0.12,0.72676,0.107,0.363,0.05882,0.53321,0.476,0.536,0.17951,0.166,0.32448,0.235,0.18897,0.56167,0.15180
1,1,0.0,0.84843,0.06794,0.674,-0.014,0.77031,-0.049,0.804,-0.06620,0.737,-0.07666,0.91,-0.063,0.55,-0.06438,0.39199,0.057,0.71254,0.01394,0.55970,-0.09,0.53430,-0.049,0.47038,-0.22822,0.513,-0.051,0.695,-0.08537,0.44277,-0.09621,0.357,-0.09808
1,1,0,1,0.07,0.706,-0.00482,0.96683,-0.00722,0.521,-0.045,1,0.01419,1.139,-0.021,0.95947,-0.01671,1.363,0.01002,0.974,-0.08848,0.95016,-0.022,0.536,-0.033,0.98164,0.02,0.93772,-0.029,1,-0.077,0.475,-0.03464,0.585,-0.03673
1,1,0,0.423,-0.172,0.548,-0.175,0.596,-0.215,0.73196,0.07216,0.26289,-0.21649,0.679,0.201,0.45361,-0.11856,0.42268,0.034,0.482,-0.27320,0.456,0.173,0.42268,0.08247,0.61,0.213,0.298,-0.12447,0.15464,-0.26289,0.47423,0.04124,0.44,-0.51546
1,0.817,0.0,0.683,-0.04388,0.76530,0.033,0.61432,0.36028,0.65358,-0.006,0.712,0.079,0.79446,-0.43418,0.807,0.54965,0.59584,0.13857,0.814,0.21940,0.63279,-0.254,0.801,0.118,0.809,0.274,0.68775,0.17704,0.61663,0.07,0.66316,0.17,0.69053,0.36721
1,1,0,0.263,-0.048,0.61124,0.009,0.58876,0.01573,0.568,0.02,0.66742,-0.00449,0.71685,-0.047,0.861,0.013,0.616,0.02472,0.64719,-0.093,0.528,0.122,0.57528,-0.038,0.46517,0.04944,0.397,0.00824,0.47640,-0.027,0.523,0.10562,0.60674,-0.08090
1,1,0.0,0.71521,-0.009,0.66667,-0.055,0.898,-0.05178,0.77994,0.08091,0.67314,0.09709,0.64725,0.15858,0.626,-0.019,0.54369,-0.041,0.491,-0.065,0.64725,0.14887,0.231,0.21683,0.275,-0.05502,0.45105,0.0,0.31392,-0.093,0.452,-0.09,0.234,-0.05178
1,1.301,0,0.379,0.12,1.062,0.03457,0.769,0.08148,0.398,-0.00494,0.79012,0.12,0.59753,0.04938,0.835,0.137,0.78272,-0.089,0.51,-0.10864,0.48642,0.00988,0.646,0.08148,0.66667,-0.11,0.44,-0.02451,1.048,0.02222,0.61235,-0.07160,0.51358,-0.041
1,1.245,0,0.696,-0.034,0.973,0.04068,0.52881,-0.034,0.50508,0.03729,0.943,-0.07797,0.734,-0.02034,0.53220,0.105,0.415,0.11864,0.56949,-0.025,0.53220,0.008,0.71525,-0.03390,0.292,-0.03390,0.317,0.00750,0.58644,-0.002,0.58983,-0.019,0.475,0.06780
1,1,0,0.49515,0.068,0.29612,0.05825,0.248,0.0,0.57282,-0.02427,0.58252,0.03,0.442,0.04854,0.539,0.005,0.407,-0.10680,0.43204,0.00485,0.34951,0.05825,0.263,0.25728,0.203,-0.138,0.516,0.03815,0.533,0.252,0.26214,0,0.196,-0.011
1,1,0.0,0.98822,0.02187,1.364,0.34100,1.193,0.35,0.74706,0.48906,0.533,0.52,0.55076,0.60179,0.43130,0.66237,0.31800,0.418,0.175,0.68873,0.076,0.73696,0.06338,0.761,-0.088,0.875,-0.16556,0.60510,-0.175,0.55805,-0.238,0.334,-0.33483,0.25
1,1.405,0.0,0.97905,0.128,0.90112,0.229,0.82039,0.48561,0.487,0.64888,0.58827,0.991,0.446,0.643,0.25140,0.84804,0.04700,0.85475,-0.108,0.821,-0.26180,0.906,-0.37835,0.71676,-0.51034,0.559,-0.57587,0.546,-0.61899,0.30796,-0.986,0.226,-0.64134,0.028
1,1,0.0,0.99701,0.21677,0.91966,0.329,1.016,0.62415,0.4,0.49,0.222,1.137,0.056,0.83312,-0.097,0.774,-0.28269,0.663,-0.43707,0.731,-0.711,0.48120,-0.776,0.35534,-0.64658,0.15908,-0.66651,0.02277,-0.64872,-0.191,-0.54615,-0.22949,-0.704,-0.35032
1,1,0,1.401,0.19959,0.96132,0.40803,0.80514,0.466,0.56687,0.795,0.288,0.628,0.123,0.89489,0.05167,1.049,-0.24742,0.83939,-0.249,1.061,-0.292,0.914,-0.397,0.648,-0.68851,0.30912,-0.77097,0.19,-0.75406,-0.025,-0.75199,-0.133,-0.66932,-0.34367
1,1,0.0,0.547,0.28082,0.80486,0.52821,0.58167,0.955,0.34961,1.01,0.10797,0.91,-0.20015,0.89335,-0.587,0.82163,-0.425,0.513,-0.76305,0.391,-1.11,0.18888,-0.81317,-0.048,-0.431,-0.26883,-0.63237,-0.46438,-0.642,-0.448,-0.38,-0.70835,-0.129,-0.71273
1,0.878,0.0,0.606,0.35157,0.67333,0.62233,0.43898,0.94353,-0.03643,0.80510,-0.22838,0.75334,-0.25137,0.621,-0.57377,0.28415,-0.66750,0.10591,-0.47359,-0.056,-0.81056,-0.088,-0.448,-0.306,-0.089,-0.599,0.07158,-0.453,0.133,-0.394,0.353,-0.328,0.42805,0.077
1,1,0.0,0.187,0.058,0.148,0.164,0.03759,0.34336,0.127,0.268,0.06266,0.21303,-0.04725,0.097,-0.06333,0.07907,-0.06328,0.04097,-0.027,0.012,-0.037,-0.003,-0.02876,-0.015,-0.01755,-0.01505,-0.01,-0.018,-0.002,-0.01250,0.00096,-0.00948,0.00290,-0.00647
1,1,0.0,0.44,-0.35526,0.703,0.35338,0.421,-0.00564,0.82519,0.146,0.50188,-0.147,0.65977,0.051,0.69737,0.14662,0.72368,-0.556,0.76128,0.04511,0.551,0.20489,0.795,-0.597,0.579,-0.04699,0.56836,-0.11,0.41,-0.13346,0.106,-0.074,0.44767,-0.10309
1,1.411,0.0,0.83609,0.13215,0.72171,0.076,0.909,0.085,0.23888,0.12961,0.363,0.20330,0.49418,0.12686,0.253,0.076,0.29352,0.02922,0.48158,0.233,0.222,0.218,0.212,0.14638,0.391,0.14530,0.23641,0.14314,0.26429,0.2,0.16,0.13632,0.158,0.13198
1,1,0.0,0.94080,0.176,1.267,0.01038,0.697,0.009,0.76966,-0.00278,0.84459,0.101,0.83289,0.02,0.833,0.033,0.602,0.019,0.80019,0.02405,0.80862,0.029,0.80259,0.05352,0.499,0.02220,0.977,0.06235,0.85939,0.09251,0.77863,0.07090,0.75,0.079
1,1,0,0.87111,0.04326,0.79946,0.228,1.332,0.29292,1.13,-0.05,0.88598,-0.02028,0.90446,-0.243,1.143,0.265,0.88644,-0.047,0.84452,-0.00991,1.458,-0.495,0.78954,-0.194,0.86661,-0.071,0.85967,-0.038,0.78774,-0.045,0.683,0.21812,0.806,0.09193
1,1,0,0.74916,0.02549,0.839,0.09792,0.75855,0.076,0.74313,-0.103,0.95842,0.018,0.97921,-0.00469,0.96110,0.081,1.165,0.039,0.673,0.02683,0.795,-0.08048,1,0,0.929,-0.007,0.856,0.032,0.582,-0.01073,1.221,0.056,0.72837,0.02750
1,1,0.0,0.652,0.19527,0.06213,-0.18343,0.62316,0.01006,0.45562,-0.04438,0.56509,0.018,0.39,0.157,0.518,-0.03,0.289,0.12426,0.41420,0.11538,0.52767,0.032,0.51183,-0.10651,0.47929,-0.031,0.38,0.03259,0.713,0.295,0.329,-0.15,0.34615,-0.004
1,1,0.0,0.688,0.14689,0.69868,-0.13936,1.156,-0.154,0.9,0.02448,0.50471,0.036,0.656,-0.04520,0.80791,-0.13748,0.51412,-0.24482,0.719,-0.14313,0.70245,-0.002,0.251,0.04,0.684,-0.33145,0.793,-0.092,0.52731,-0.017,0.53861,-0.31262,0.67420,-0.236
1,1,0,0.84713,-0.022,0.572,-0.08493,0.664,0,0.673,-0.076,0.71975,-0.153,0.849,-0.11677,0.77495,-0.248,0.78132,-0.22,0.392,-0.138,0.602,-0.08,0.89384,-0.03397,0.84926,-0.309,0.74115,-0.23312,0.979,-0.22293,0.72611,-0.37792,0.65817,-0.349
1,1,0.0,1.129,-0.05,1.233,0.04,0.84783,0.04076,0.561,-0.02174,0.77174,-0.05707,0.82337,-0.139,0.67935,-0.008,1.279,-0.20924,0.83424,0.03261,0.86413,-0.042,0.862,-0.278,0.964,-0.142,0.813,-0.10211,0.85870,-0.03261,0.78533,-0.10870,0.79076,-0.005
1,0.569,0,0.74704,-0.13241,0.514,0.218,0.822,0.09486,0.69565,-0.122,0.492,-0.23518,0.87945,-0.19170,0.73715,0.028,0.63043,-0.00395,0.734,-0.157,0.644,-0.274,0.862,-0.35,0.67194,-0.127,0.61847,-0.139,0.60079,-0.20949,0.229,0.06917,0.61067,-0.01383
1,1.007,0,0.46785,0.168,0.58980,0.00665,0.55432,0.046,0.262,-0.102,0.52993,0.018,0.63858,-0.167,0.727,-0.049,0.641,-0.197,0.52993,-0.051,0.47894,-0.19512,0.50776,-0.13525,0.41463,-0.20177,0.53930,-0.076,0.746,-0.034,0.53659,-0.11752,0.815,-0.04435
1,1,0.0,0.88116,0.235,0.825,0.383,0.61559,0.63662,0.38825,0.739,0.09831,0.621,-0.20097,0.89200,-0.446,0.77500,-0.65114,0.62210,-0.78768,0.678,-0.733,0.19095,-0.83943,-0.121,-0.78334,-0.26356,-0.67557,-0.535,-0.809,-0.38,-0.30512,-1.0,-0.27,-0.895
1,1.003,0,0.93147,0.29282,0.79917,0.707,0.43,0.931,0.26203,0.86,0.04636,0.839,-0.331,0.95130,-0.55926,0.836,-0.73329,0.314,-0.657,0.36200,-1.142,0.06040,-1.401,-0.141,-0.83192,-0.46906,-0.65165,-0.826,-0.466,-0.567,-0.13590,-0.93953,0.10007,-0.94823
1,1,0.0,0.724,0.30634,0.73232,0.57816,0.198,0.63,0.081,1,-0.134,0.92118,-0.62403,0.71996,-0.69767,0.45,-0.492,0.456,-1,-0.00775,-0.855,-0.335,-0.76901,-0.45478,-0.524,-0.67605,-0.31610,-0.839,-0.02979,-0.931,0.349,-1.203,0.00194,-0.81686
1,0.713,0.0,0.83479,0.197,0.524,0.47702,0.25,0.71,0.21991,0.86761,-0.09,0.85011,-0.35558,0.647,-0.612,0.712,-0.70350,0.338,-1.017,0.053,-0.71225,-0.15317,-0.547,-0.39168,-0.37199,-0.52954,-0.16950,-0.60863,0.08425,-0.61488,0.25164,-0.398,0.40591,-0.488
1,1,0,0.691,0.265,0.76168,0.908,0.49305,0.654,0.21592,1.035,-0.113,0.96167,-0.47202,0.798,-0.70747,0.65490,-0.87474,0.327,-0.91814,0.035,-0.89824,-0.24,-0.73969,-0.54069,-0.407,-0.868,-0.129,-0.86122,0.07810,-0.87159,0.385,-1.002,0.59407,-0.629
1,1,0.0,0.83367,0.31456,0.903,0.716,0.434,0.70677,0.17293,0.831,-0.18976,0.433,-0.41729,0.66541,-0.68421,0.593,-0.415,0.142,-0.707,-0.045,-0.874,-0.28195,-0.49165,-0.53463,-0.382,-0.734,-0.01530,-0.743,0.22708,-0.742,0.43100,-0.51206,0.64662,-0.30075
1,1,0.0,0.98455,-0.02736,0.722,-0.04104,0.891,-0.07635,1.296,0.019,0.95278,-0.027,0.98500,-0.07458,0.99382,-0.07149,0.97396,-0.09532,0.589,-0.12224,0.99294,-0.026,1.073,-0.114,1.035,-0.079,0.96653,-0.141,0.93469,-0.162,0.97132,-0.15755,1.311,-0.195
1,0.727,0,0.94052,-0.01531,0.95,0.008,0.94994,-0.019,0.95878,-0.01060,0.596,-0.03710,0.96,-0.026,0.97055,-0.045,0.586,-0.04064,0.95230,-0.04711,1.131,-0.02179,0.92815,-0.06,0.92049,-0.04476,0.92695,-0.031,0.90342,-0.07479,1.072,-0.054,0.634,-0.048
1,1,0,0.97032,-0.176,0.91324,-0.00228,1.362,-0.17123,0.77,0.18265,0.91781,0.002,0.705,-0.085,0.806,-0.002,0.86758,-0.08676,0.533,-0.21233,1,0.10274,1.197,-0.034,0.92466,0.087,1.185,-0.09252,0.648,-0.20091,0.485,-0.08676,0.96575,-0.152
1,1.46,0,0.491,-0.019,0.94915,0.08475,0.52542,-0.16949,0.30508,-0.01695,0.50847,-0.18,0.64407,0.406,0.563,-0.491,0.468,0.012,0.483,0.03390,0.59322,0.30508,0.86441,0.055,0.353,0.224,0.67287,-0.00266,0.64,-0.03,0.541,-0.15254,0.76271,-0.10169
1,1,0.0,0.228,-0.25000,0.44444,0.22222,0.43,0.233,0.41667,0.13889,0.424,-0.11111,0.318,-0.08443,0.332,0.193,0.504,0.02778,0.25000,-0.272,0.47222,-0.05556,0.357,-0.02778,0.38889,0.066,0.258,-0.153,0.19444,-0.13889,0.36924,-0.186,0.051,-0.5
1,1,0,0.51207,1.133,1.333,0.53810,0.922,0.573,0.45622,0.46427,0.33081,1,0.202,1,-0.199,1,-0.2,1.079,-0.61382,1,-0.52674,0.782,-0.88500,0.47894,-1.273,0.187,-0.986,0.071,-1,-0.249,-0.618,-0.42226,-0.82,-0.65557
1,1,0.0,0.75564,0.598,0.715,0.735,0.596,0.72063,0.396,0.70792,0.13469,0.94749,-0.13,0.93778,-0.37604,0.82223,-0.52742,0.396,-0.68358,0.841,-0.883,0.24956,-0.835,0.02995,-1.482,-0.29099,-0.417,-0.277,-0.53,-0.19185,-0.34131,-0.60454,-0.115,-0.62956
1,1,0,0.83789,0.42904,0.72113,0.346,0.45625,0.998,0.16470,0.95,-0.154,0.759,-0.46177,0.839,-0.59435,0.295,-1.086,0.258,-1.253,0.036,-0.62041,-0.31351,-0.346,-0.48905,-0.191,-0.67796,-0.051,-0.62691,0.14690,-0.45911,0.489,-0.39167,0.307,-0.24313
1,0.558,0,1.302,0.35107,0.75254,0.633,0.45571,0.88576,0.15323,0.95776,-0.21775,0.832,-0.56535,0.456,-0.992,0.541,-0.777,0.26020,-0.93641,-0.091,-0.87028,-0.562,-0.553,-0.735,-0.471,-0.75,-0.025,-0.91221,0.27330,-0.85762,0.54827,-0.69613,0.726,-0.44173
1,1,0,1.043,0.473,0.71976,0.761,0.328,0.768,-0.11108,0.76527,-0.395,0.794,-0.752,0.724,-0.92145,0.324,-1.119,0.09585,-1,0.03191,-0.66431,-0.66278,-0.46010,-0.78174,-0.176,-0.88082,0.212,-0.814,0.489,-0.70247,0.775,-0.46048,0.76066,-0.13194
1,1,0.0,1,0.104,1.076,-0.05558,0.524,0.013,1,-0.12352,1,-0.014,1,-0.018,1.328,-0.048,1,-0.07157,1,0.05900,1,-0.10108,0.859,-0.034,0.815,-0.22978,1.42,-0.06823,0.702,0.083,1,-0.14194,1.294,-0.07439
1,1.04,0.0,0.95559,-0.002,0.86421,-0.189,0.94982,-0.00461,0.82809,-0.51171,0.92441,0.10368,1,-0.149,0.585,-0.021,0.95853,-0.15518,1.149,0.476,1,-0.16321,0.87492,-0.078,1.229,-0.015,0.442,-0.023,0.694,-0.01867,0.522,-0.01957,0.78761,-0.02039
1,1.427,0,0.441,0.348,0.325,0.607,0.41319,0.68158,0.14177,1.144,-0.16831,0.78772,-0.435,0.72328,-0.57165,0.554,-0.521,0.116,-0.69977,-0.09856,-0.751,-0.23503,-0.56,-0.38287,-0.114,-0.52540,0.01523,-0.421,0.162,-0.403,0.31008,-0.23199,0.34572,-0.08036
1,1,0.0,0.88085,0.35232,0.529,0.65128,0.34816,1.006,0.029,0.964,-0.29784,0.86490,-0.62635,0.69590,-0.885,0.57,-0.85803,0.102,-0.81641,-0.132,-0.64579,-0.474,-0.39766,-0.68337,-0.149,-0.489,0.17041,-0.71504,0.40675,-0.718,0.56626,-0.497,0.441,-0.074
1,1,0,0.89589,0.257,0.66129,0.504,0.271,0.90824,-0.034,0.94415,-0.45725,0.443,-0.77660,0.601,-0.92819,0.25133,-1.284,-0.15315,-0.76064,-0.245,-0.50931,-0.718,-0.14895,-1.17,0.293,-1.234,0.461,-0.68593,0.935,-0.574,0.469,-0.07029,0.76862,0.27926
1,1.002,0.0,0.501,-0.24051,0.667,-0.201,0.87342,-0.10127,0.88608,0.014,1,0.11392,0.92405,0.06329,0.582,-0.023,0.63291,-0.36709,0.87342,-0.01266,0.93671,0.06329,1,0.25316,0.469,-0.405,0.84637,-0.029,1.255,-0.038,0.385,0.037,0.847,-0.02532
1,1,0,0.74790,0.00840,0.83312,0.02,0.67,0.02469,1.297,0.01681,0.394,0.052,0.938,0.052,0.77441,0.076,0.604,0.131,0.84034,0.04202,0.815,0.073,0.66,0.07577,0.66387,0.08403,0.715,0.08296,0.475,0.01681,0.58187,0.08757,0.743,0.08891
1,1,0,0.85013,0.01809,0.92211,0.01456,0.511,0.031,0.92765,0.069,0.87597,0.136,0.91161,0.027,0.90738,0.038,0.512,0.02842,0.95866,0.0,0.89097,0.07047,0.814,0.102,0.83721,0.162,0.86923,0.08950,1.039,0.112,0.85198,0.145,1.085,0.075
1,1,0,1.285,-0.007,1,-0.004,0.755,-0.01565,1,-0.022,0.825,-0.023,1,-0.02187,1.482,-0.03087,0.99528,-0.03238,0.577,-0.03452,1,-0.03881,1,-0.029,1.123,-0.04931,0.99842,-0.038,1.211,-0.092,0.99057,-0.039,0.98971,-0.049
1,1,0,0.89505,-0.03168,1.261,0.05545,0.653,0.008,0.92871,0.036,1.027,-0.00990,0.946,-0.022,0.91881,0.05,0.93663,0,1.183,0.02,0.90495,0.011,0.88713,-0.018,0.89307,0.023,0.89002,0.01611,0.636,0.00198,0.508,0.04158,0.86733,0.019
1,0.965,0,1.215,0.01773,1.462,-0.01773,0.90071,0.00709,0.926,0.05674,1,0.04,1.245,0.01064,0.627,0.02,1,-0.022,0.89716,-0.03191,0.472,0.07,1,0.084,0.985,0.04610,0.94305,0.022,0.94681,0.022,0.878,0.01064,0.93617,0.02128
1,1.385,0.0,0.437,-0.184,0.62655,0.01270,0.45455,0.119,0.688,0.093,0.21212,-0.21212,0.57576,0.15152,0.483,0,0.56156,0.039,0.395,0.019,0.708,0.18182,0.174,-0.076,0.48526,0.05929,0.46362,0.06142,0.33333,-0.03030,0.441,0.06410,0.374,0.24242
1,1.04,0,0.462,0.35950,0.72014,0.528,0.262,0.683,0.067,0.85893,-0.24118,0.86121,-0.352,0.378,-0.519,0.41524,-0.58,0.09898,-0.69397,-0.13652,-0.49488,-0.42207,-0.424,-0.57679,-0.041,-0.562,0.15360,-0.707,0.288,-0.37088,0.46189,-0.19681,0.40956,0.011
1,1,0.0,0.89563,0.37917,0.997,0.657,0.35916,0.88696,-0.052,1.015,-0.576,0.84414,-0.557,0.53,-0.82680,0.172,-1.066,-0.05365,-0.73564,-0.194,-0.51778,-0.863,-0.23428,-0.73855,0.06911,-0.73856,0.33531,-0.639,0.52414,-0.594,0.44,-0.17343,0.896,0.08660
1,1,0,0.90547,0.41113,0.65354,0.74761,0.29921,0.886,-0.13342,0.973,-0.337,0.83263,-0.455,0.451,-1.428,0.15192,-0.93001,-0.242,-0.758,-0.878,-0.492,-0.85205,-0.015,-0.93788,0.36318,-1.055,0.68,-0.372,0.85977,-0.28123,0.714,0.09800,0.733,0.46301
1,1,0,1,1,0.333,0.06158,0.12993,0.92713,-0.402,1.22,-0.31527,0.37685,-0.87192,0.286,-1.233,-0.096,-0.38916,-0.347,-0.46552,-0.495,-0.05419,-0.93596,0.382,-0.258,0.944,-0.354,0.85471,-0.06831,0.899,1.247,0.52,0.00246,0.17758,0.728
1,0.558,0.0,1.274,0.51515,0.362,0.33333,0.06061,0.36364,-0.32104,0.587,-0.45455,0.411,-0.564,0,-0.647,-0.12121,-0.347,-0.48485,-0.046,-0.84848,0.48485,-0.596,0.745,-0.42424,0.948,-0.39394,0.72961,0.167,0.96970,0.57576,0.24242,0.215,0.114,0.33333
1,1.377,0.0,0.458,0,0.94817,-0.036,1.245,-0.01220,0.90244,0.015,0.90244,0.01829,1.034,0.009,0.95732,0.00305,1,0.02,0.94207,-0.013,1.166,0.02439,0.942,0.043,0.99695,0.04878,1.052,0.02226,0.792,0.00915,1.143,0.05488,0.97561,-0.01220
1,1,0.0,0.82624,0.072,1.182,-0.08156,0.90426,-0.015,1.067,0.01064,0.80142,0.08865,1.286,-0.00709,0.94326,0.0,0.908,0.20213,1.018,-0.005,0.91489,0.00709,0.44,0.089,0.91135,0.15957,1.092,0.08165,0.859,0.06738,0.595,0.18085,0.92553,0.0
1,1,0.0,0.74468,0.081,0.88706,0.00982,1.176,0.017,1.032,-0.01418,0.73050,0.157,0.87657,0.029,1.185,0.03382,0.95745,0.07801,0.77,0.039,0.437,0.04743,0.955,0.05178,0.87234,0.159,0.863,0.04,0.74468,-0.03546,0.81710,0.045,0.80774,0.07173
1,1,0.0,0.87578,0.03727,0.683,0.00343,1.318,0.005,1.285,0.0,1.25,0.074,0.87021,0.008,0.86303,0.01151,0.83851,-0.06211,1.103,0.02484,0.84182,0.023,0.83486,0.01749,0.428,-0.04348,0.93,0.02033,0.81988,0.063,0.80757,0.016,0.487,0.02441
1,1,0,0.97513,0.009,0.98579,0.01954,1,0.01954,0.99290,0.018,0.915,0.025,0.645,0.03552,1.13,0.043,1.183,0.02131,0.98579,0.05684,1.288,0.04796,1.227,0.05506,1.087,0.03552,1.249,0.06477,0.94849,0.046,0.806,0.038,0.728,0.09947
1,1,0.0,1,0.01105,0.732,0.013,0.673,0.02320,1.027,-0.01436,0.99448,-0.00221,0.539,0.025,1,0.00884,0.97569,0.005,0.986,0.01657,0.98011,0.01,1.076,0.02099,0.97127,-0.009,0.98033,0.019,1.453,0.01547,0.98564,0.03,0.98674,0.034
1,1,0.0,1,-0.008,1,0.01566,1.114,-0.002,1,0.06264,1.462,0.04474,0.95973,0.02908,1,0.091,0.845,0.05,1,0.032,1.244,0.139,0.95749,0.11,1,0.10067,0.99989,0.08763,1.133,0.08501,0.893,0.118,0.646,0.10067
1,1,0.0,0.766,0.368,0.67123,0.446,0.368,0.434,0.031,0.93182,-0.363,0.83713,-0.60316,0.728,-0.78658,0.58,-0.83285,-0.00642,-0.501,-0.32963,-0.52504,-0.53924,-0.195,-0.68126,0.00806,-0.993,0.26028,-0.789,0.44569,-0.311,0.54209,-0.244,0.56286,0.02823
1,1,0.0,0.90147,0.41786,0.587,0.75725,0.432,0.95148,-0.20449,1.035,-0.792,0.81191,-1.199,0.552,-0.79,0.10345,-1.264,-0.31412,-0.70163,-0.65461,-0.195,-1.287,0.081,-0.94172,0.44483,-0.884,0.74105,-0.55231,0.89415,-0.192,0.721,0.225,0.70555,0.54852
1,1.341,0,0.32789,0.11042,0.15970,0.405,0.117,0.74485,-0.271,0.91993,-0.223,0.219,-0.323,0.24865,-1.189,-0.00337,-0.23227,-0.19909,-0.30522,-0.37,-0.167,-1.006,0.09345,-0.28916,0.28307,-0.18560,0.411,-0.11498,0.291,0.04,0.21443,0.20540,0.089,0.179
1,0.915,0,0.65845,0.43617,0.398,0.74804,0.058,0.85106,-0.256,0.82139,-0.712,0.42,-0.84211,0.07111,-0.643,-0.28723,-0.685,-0.416,-0.051,-0.86002,0.189,-0.979,0.541,-0.52128,0.74300,-0.217,0.74758,0.23713,0.336,0.59071,0.20549,0.477,-0.18533,0.74356
1,1,0.0,0.19466,0.05725,0.023,0.269,-0.10557,0.554,-0.204,-0.227,-0.41985,0.06107,-0.45420,0.114,-0.173,-0.165,-0.119,-0.547,0.18702,-0.218,0.333,-0.11953,0.28626,-0.16031,0.21645,0.24692,0.03913,0.288,-0.03817,0.26336,-0.237,0.16794,-0.30153,-0.483
1,1,0,1.249,0.001,1.063,0.0,0.98982,-0.00075,1.243,0.021,0.97700,0.026,0.97888,0.042,1.117,0.02338,0.93929,0.059,1.018,0.027,0.97738,0.06,1,0.06241,0.988,0.08107,0.96709,0.07255,0.95701,0.06,0.98190,0.08126,0.924,0.08616
1,0.614,0,0.82254,-0.07572,0.80462,0.003,0.87514,-0.018,1.171,-0.056,0.72832,-0.11734,0.972,0.041,0.83121,-0.07399,0.543,0.06705,0.78324,0.06358,0.558,-0.02370,0.78844,-0.06012,0.751,-0.02370,0.406,-0.027,0.74046,-0.089,0.70058,-0.027,0.942,0.008
1,1,0.0,0.354,-0.13768,0.468,-0.016,0.68195,-0.03574,0.71,-0.06119,0.61836,-0.10467,0.425,-0.06527,0.59361,-0.041,0.42271,-0.26409,0.733,0.07,0.49736,-0.08771,0.46241,-0.08989,0.45008,-0.004,0.306,-0.08,0.435,-0.10306,0.207,-0.065,0.159,-0.08300
1,0.573,0,0.737,0.01092,0.86335,0.00258,0.85821,0.00384,0.79988,0.032,0.81504,0.176,0.717,0.008,0.81815,0.006,0.82777,-0.06974,0.519,0.036,0.672,0.01148,0.75071,0.011,0.77138,-0.004,0.939,0.012,0.66161,0.00849,0.935,0.011,0.63887,0.01525
1,1,0,0.66667,-0.009,0.825,0.06831,0.49590,0.539,0.462,-0.002,0.911,-0.087,0.233,-0.384,0.268,0.58743,0.76776,0.31831,0.78552,0.11339,0.47541,-0.44945,1,0.009,0.514,0.097,0.623,0.17088,0.87568,0.045,0.55328,0.24590,0.154,0.48087
1,1,0.0,0.955,0.08298,0.658,-0.104,0.84349,-0.05567,0.481,-0.04622,0.89391,0.13130,1.082,0.06723,0.79307,-0.08929,1.133,-0.02101,0.96639,0.06618,0.87605,0.015,0.571,0.065,0.95378,-0.04202,0.506,0.001,1.09,0.163,0.947,-0.10714,0.861,-0.04307
1,1,0.0,0.95113,0.00419,0.95183,-0.02,0.484,-0.011,0.94590,0.014,0.647,0.03281,0.82,0.059,0.94625,-0.01326,0.97173,0.00140,0.94834,0.064,0.92670,0.08412,0.929,0.151,0.94520,0.008,1.38,0.04925,1.231,0.069,1.28,-0.00035,0.91483,0.04712
1,1,0,0.564,-0.00034,0.93207,-0.03227,0.95177,-0.023,0.95584,0.02446,0.846,0.01766,0.92595,0.052,1.226,-0.01461,0.882,0.02004,0.563,0.01393,0.91406,0.055,0.541,0.063,1.215,0.03193,1.232,0.022,1.003,0.02242,0.92459,0.00442,0.718,-0.004
1,1,0.0,0.90608,-0.01657,0.961,-0.029,0.95691,-0.03646,0.85746,0.001,1.307,-0.03315,0.584,-0.01436,0.90608,-0.04530,0.522,-0.008,0.513,-0.159,0.971,0.01215,0.905,-0.023,0.495,-0.02099,0.757,-0.07760,0.495,-0.17238,0.96022,-0.03757,0.87403,-0.16243
1,1,0.0,1.268,0.13533,0.73638,-0.06151,1.308,0.08260,0.88928,-0.09139,0.78735,0.06678,0.80668,-0.003,0.655,-0.01054,0.55,-0.055,0.87170,-0.032,0.81722,-0.141,0.444,0.04394,0.86467,-0.15114,0.686,-0.066,0.931,-0.00703,0.39,-0.094,0.85764,-0.038
