1,1,0.0,0.99539,-0.086,0.979,0.027,0.83398,-0.462,1,0.03760,1.097,-0.17755,0.547,-0.44945,0.60536,-0.38223,0.84356,-0.212,0.58212,-0.323,0.654,-0.29674,0.404,-0.47357,0.543,-0.636,0.41078,-0.46168,0.246,-0.34090,0.391,-0.416,0.277,-0.45300
0,1.364,0.0,0.863,-0.23,0.764,-0.411,-0.1,-0.93597,1,-0.04549,0.50874,-0.545,0.176,-0.69707,-0.716,-0.744,0.05499,-0.62237,0.33109,-1,-0.184,-0.49,-0.18056,-0.381,-0.20332,-0.312,-0.20468,-0.265,-0.181,-0.11593,-0.16626,-0.06288,-0.13738,-0.02447
1,1.28,0.0,0.9,-0.03365,1,0.006,0.691,-0.109,0.88965,0.009,0.73082,0.05346,1.157,0.00827,0.71,0.003,0.489,-0.13644,0.75535,-0.08540,1.019,-0.27502,0.43385,-0.12062,0.567,-0.517,0.531,-0.22145,0.43100,-0.17365,0.637,-0.356,0.56045,-0.38238
0,1,0.0,1.063,-0.371,0.759,1.067,0.71216,-1,0,0.0,0.0,0.0,0.0,0,-1,0.206,0.488,-0.39330,-1,-0.54467,-0.943,0.911,0.0,0.0,0.872,0.90695,0.51613,1.14,1,-0.20099,0.25682,1,-0.32382,1
1,1,0,1.211,-0.02401,0.94140,0.06531,0.646,-0.23255,0.576,-0.16399,0.52798,-0.278,0.612,-0.005,0.34395,-0.161,0.52940,-0.21780,0.663,-0.129,0.041,-0.35575,0.027,-0.597,0.036,-0.65158,0.105,-0.53206,0.033,-0.62197,-0.05707,-0.359,-0.064,-0.65697
0,1,0.0,0.015,-0.00592,-0.08,-0.162,-0.00763,-0.11824,0.088,0.06637,0.02,-0.038,0,0.0,-0.04572,-0.171,-0.00343,-0.115,-0.11575,-0.05414,0.023,0.047,0.01519,0.008,0.03513,-0.01535,-0.03240,0.09223,-0.07859,0.005,0,0.0,-0.0,0.079
1,1.381,0,0.97588,-0.10602,0.569,-0.20800,0.92806,-0.384,0.85996,-0.273,0.79766,-0.357,0.465,-0.358,0.74628,-0.61436,0.617,-0.918,0.436,-0.73641,0.273,-1.066,0.31898,-1.043,0.22792,-0.81634,0.13659,-0.623,0.037,-0.635,-0.04262,-0.81318,-0.088,-0.80975
0,0,0.0,0.0,0,0.0,0.0,1.007,-1,0,0.0,-0.77,-0.946,0.0,0,0,0.0,1,0.559,-1,-0.875,0,0,0,0.0,1.491,1,1,1.282,0.0,0,1.085,1,0,0
1,1,0,0.614,-0.071,1.468,-0.14333,1.32,-0.122,1.026,-0.409,0.784,-0.43569,0.94510,-0.40668,0.90392,-0.46381,0.98305,-0.35257,0.883,-0.66020,0.512,-0.731,0.69637,-0.74,0.85106,-0.744,0.57577,-0.69712,0.343,-0.63919,0.443,-0.758,0.476,-0.73420
0,1.133,0.0,-0.015,-0.08459,0.0,0.0,0.0,0,0.11470,-0.28,-0.45663,-0.38172,0.0,0,-0.33656,0.38602,-0.37133,0.096,0.449,0.127,0,0,0,0,-0.219,-0.015,0.20645,-0.02294,0.0,0.0,0.16595,0.342,-0.093,0.38065
1,1,0.0,1.349,0.06655,1.267,-0.18388,0.671,-0.27320,1,-0.332,0.542,-0.48,0.96232,-0.518,0.83,-0.59017,0.867,-0.66474,1.033,-1.054,0.901,-1.026,0.63081,-1.004,0.55867,-0.758,0.47211,-0.86500,0.40303,-0.83675,0.215,-0.89093,0.22995,-0.89158
0,0.758,0.0,1,-0.54210,0.837,-1,1,-1,1.421,0.288,1,-0.347,0.614,1.412,1,-1,1,-0.29354,1.124,-0.911,1,1,0.553,1,0.99,-0.382,1,-0.848,1.115,-1,1.156,-0.575,1,-1
1,1,0.0,1,-0.212,1.486,-0.061,0.99999,-0.15197,1,-0.151,0.94055,-0.35151,1.39,-0.29785,0.778,-0.22,0.825,-0.28106,0.978,-0.314,0.86043,-0.47308,0.872,-0.257,0.996,-0.689,0.76224,-0.58370,0.65723,-0.68794,0.678,-0.64537,0.735,-0.67226
0,1,0.0,1,-0.86701,1,0.242,0.85492,-0.39896,1.212,-0.11,0.671,0.35147,1,0.07772,1,-0.14767,1.32,-1.353,1.067,-1.243,0.84,0.15803,1,0.836,1.243,-0.17012,0.608,0.22,1.023,-0.562,0.663,0.88428,1,-0.18826
1,1,0.0,1,0.07380,0.679,0.019,1.131,-0.05563,1,0.08764,1.375,0.279,1,0.226,1,0.094,1.118,0.154,1,0.32,0.954,0.44758,1,0.41750,1,0.20033,1.297,0.36743,1.411,0.48641,1.333,0.446,1,0.699
0,1,0.0,0.39,-0.83,1,0.26708,-0.03520,-1,1.128,-0.913,0.316,-1,0.0,0,-1.025,-0.34265,-0.189,0.03623,1,-0.801,0,0,0.0,0,-0.2,1.312,0.39752,0.241,0,0.0,1,0.307,0.0,0
1,1,0,0.588,0.06468,1,-0.008,0.618,0.02498,1.221,0.02312,1.097,0.07808,0.702,0.148,0.94212,0.05269,0.995,0.079,0.86104,0.08631,0.81633,0.162,1.08,0.14442,0.81329,0.111,0.777,0.181,0.79110,0.15379,0.407,0.15930,0.944,0.069
0,0.0,0.0,0.0,0.0,-1,-1.052,0.66,1.048,-0.924,1,-1,1,1,-0.568,0.814,1,-1,-1,-1,1.249,1,-1,-1,1,-0.814,1.31,1,-0.672,-1,1.11,-0.682,-0.748,1,-1
1,1,0,0.491,0.035,0.656,0.067,0.57197,0.245,0.08776,0.34081,0.63621,0.153,0.555,0.152,0.48,0.074,0.58373,0.18151,0.149,0.41224,0.53888,0.14,0.571,0.224,0.48838,0.221,0.46167,0.24618,0.315,0.25306,0.227,0.25792,1,0.33036
0,0,0,1.48,-0.59,0.0,0.0,0.0,0,1,1.166,1,-1,-0.74,0.882,0,0,-0.949,0.539,0.677,1.303,-1,1.224,1,0.56250,-1,1.276,1,1.275,1,-1,1.099,0.984,1,1
1,1,0.0,1,-0.005,1,-0.116,0.953,-0.07649,1.296,-0.10605,1,-0.108,1,-0.224,0.776,-0.189,0.92124,-0.244,1.225,-0.34534,0.91693,-0.44072,0.609,-0.695,1.074,-0.40372,0.82681,-0.42231,0.75784,-0.57,0.80448,-0.403,0.693,-0.45039
0,0,0,1,1,0.0,0.0,0.0,0.0,-1.461,-1.207,0,0,0.0,0.0,-1,-1,-0.77,-1,-0.615,1.422,-1,1,0,0,0.0,0,1.201,-1,-0.52,1.352,-1,0.853,-0.868,1
1,1.325,0,0.96071,0.07088,0.584,0.055,1,0.09313,0.859,-0.05144,0.89263,0.02580,0.83250,-0.053,0.853,0.108,1.006,0.00280,0.75206,-0.043,0.892,-0.05,0.548,-0.038,0.564,-0.07705,0.58051,-0.027,0.49664,-0.01,0.51310,-0.00015,0.52099,-0.002
0,0,0,-1.235,1.211,0.0,0.0,0.0,0,-1.36,1,0.952,0.966,0.0,0,0,0.0,1,-1.31,-1,1,1.002,1,0.0,0,-1,-1,1.04,-1,0.865,1.207,-0.648,1,0,0
1,1.056,0,0.569,-0.06182,0.554,0.02942,0.792,-0.05131,1,-0.01707,1.325,-0.088,0.84493,-0.05202,0.93392,-0.036,0.938,-0.07379,0.799,-0.256,1.019,-0.31558,0.80852,-0.163,0.84932,-0.34838,0.637,-0.29174,0.894,-0.38576,0.45,-0.26284,0.928,-0.26
0,1,0,0.836,0.57820,1,-1.199,1,-1,1.1,-1,0.905,-1,1,-0.941,0.797,-1.292,1,-1.058,1.326,-1,1.387,-0.62796,1,-1,0.766,-1,1.219,-1,0.858,-1.005,0.93,-0.991,0.529,-1
1,1,0.0,1,-0.08714,0.686,-0.117,0.775,-0.638,1.246,0.61053,0.95473,-0.459,0.898,-0.409,0.87937,-0.23433,0.995,-0.62180,0.12245,-1,0.90284,0.11053,0.763,-0.629,0.55389,-0.99,0.48136,-0.86583,0.40650,-1.333,0.255,-0.736,-0.107,-1
0,0,0.0,-1.468,-0.973,0,0,-0.622,0.818,1,-0.37500,0.0,0.0,0.0,0.0,0.0,0,1,-0.961,-1,-1,1,-0.712,0.0,0,1.205,-1,-1,1,-1,-1.155,0.0,0,-1.14,1
1,1,0.0,1,0.08380,1,0.096,1.452,-0.13308,0.853,0.86,1.081,0.256,1,0.449,1,0.70758,1.414,1.181,1,0.485,1,1.268,0.98042,0.729,0.91624,1.42,0.83899,1.118,0.771,1,0.915,1,0.52479,1
0,0.0,0,-0.765,-0.559,0.63,1,1.063,-0.876,-1,1.012,1.239,-0.87,-1,-1,0,0.0,0.982,1,-0.695,-0.531,1,-1,1,-1.458,0.575,1,1.334,-1,1,-0.864,-1,1,1,-1
1,1.317,0,1.429,-0.124,1,-0.16256,1,-0.313,1,-0.07514,1.007,-0.25010,1.353,-0.26161,1,-0.28,1,-0.397,1.126,-0.238,1,-0.219,1.38,-0.691,1,-0.47643,0.57,-0.49687,0.832,-0.75820,1,-0.75761,1.241,-0.585
0,0.634,0,0.954,-1,1,1,0.857,-1,1.116,-1.022,1,-1,1,-0.025,1,-1.342,0.783,1,1.109,-0.85583,1,0.719,1,-1.33,0,0.0,1.385,1,1.046,-0.914,1.15,1.029,1,1
1,1,0,0.88208,-0.129,1.032,-0.122,1.207,-0.153,1.014,-0.17036,0.88462,-0.31809,0.85269,-0.31463,1.149,-0.4,0.976,-0.185,0.75243,-0.308,0.565,-0.47153,0.831,-0.50085,0.61297,-0.48086,0.56804,-0.54629,0.439,-0.876,0.394,-0.57377,0.42189,-0.712
0,0.783,0,0.71253,-0.023,0.609,-0.12,0.98019,-0.09473,0.743,-0.10236,1,-0.088,0.609,1.302,1.115,-1.361,1.029,-0.17863,0.80760,-0.28257,-0.25914,0.92730,0.348,0.064,0.917,-0.29,1.14,-0.41307,0.63811,-0.21901,0.86136,-0.87354,-0.231,-1
1,0.899,0.0,1,-0.148,0.729,0.358,0.83443,-0.762,1,-0.314,1,-0.301,0.79962,-0.075,0.76837,0.14638,1.251,0.39337,1,0.232,0.96354,-0.011,0.92599,-0.91338,1,0.14803,1,-0.09,1.019,-0.08,1,0.53372,0.672,-0.567
0,1.48,0,0.66161,-1.457,1,1,1,-1.008,0.482,-0.40446,0.849,-1,0.543,-0.978,1,0.481,0.112,0.70982,1.365,0.481,0.979,0.782,1,-1,1,0.488,1,-0.08571,0.95982,-0.447,0.909,0.823,1,0.34732
1,0.626,0.0,1,0.00433,0.515,-0.014,1,-0.02960,0.807,-0.063,0.97839,-0.076,1.41,-0.055,0.97261,-0.07917,0.847,-0.13665,0.94184,-0.092,1.185,-0.14248,1.411,-0.198,0.683,-0.20851,0.89067,-0.171,0.85644,-0.153,0.83777,-0.20101,0.83867,-0.20766
0,0,0.0,1,0.804,1,-1,0,0,0.0,0.0,-1.004,-1,0,0,0.0,0.0,-1,1.147,0.549,1.149,-1.225,1,-1.243,1,1.44,-1,0.948,1.065,-1.287,1,1,1,0.0,0
1,1,0,0.91241,0.04347,0.94191,0.03,1.024,0.063,1.141,0.01321,1.285,0.06348,1.053,0.12067,0.794,0.06211,0.88899,0.12722,0.83744,0.14439,0.665,0.108,0.77041,0.183,0.387,0.066,0.638,0.13282,0.506,0.186,0.967,0.10754,0.848,0.11447
0,1,0,0.986,0.02461,1.466,0.04861,1.321,0.057,0.555,-1,1.309,0.077,0.848,0.484,0.82077,0.149,1.031,0.15189,1,0.525,0.65850,0.147,0.715,0.16516,0.496,0.169,0.48867,0.16019,0.43481,0.15436,0.38352,0.14677,0.749,1
1,0.746,0,0.585,0.06538,1,0.20746,1.385,0.26281,1.318,0.344,0.659,0.34,0.75474,0.675,0.653,0.604,0.65954,0.60756,0.519,0.62999,0.47807,0.765,0.431,0.796,0.34384,0.911,0.27712,0.72386,0.19296,0.724,0.11372,0.72688,0.06990,0.517
0,1,0,-1.128,-0.627,1,1.128,1,-0.156,0.0,0.0,-1,1,1.211,1,0.17917,-0.859,-1,-1,0.095,-1,0.69,-0.79,-1.37,1,-1,-1.353,0.702,-1.47,-0.61,-1,0.702,1,0,0
1,1,0.0,0.596,0.046,0.86528,0.1,1,0.225,0.724,0.819,0.70207,0.36719,0.16286,0.42739,0.344,0.46086,0.561,0.341,0.31639,0.07,0.484,0.54462,0.31274,0.55826,0.202,0.456,0.18626,0.371,0.12635,0.56101,0.06927,0.351,0.12137,0.886
0,1.282,0,-0.888,-1,1,0.725,1,-0.706,0.999,-0.349,1.153,0.96161,1,-0.37679,0.744,-1,0.755,0.131,1.064,-1,1,-0.047,-0.633,1.348,0.53750,0.85714,0.559,1,1,-1,1,-1,0.601,-0.771
1,1,0.0,0.99025,-0.049,1.378,-0.13009,0.712,-0.203,0.99374,-0.25843,0.92738,-0.30130,0.63,-0.395,0.89812,-0.43796,0.788,-0.565,0.87433,-0.57075,0.581,-0.461,0.729,-0.64615,0.68282,-0.689,0.65247,-1.05,0.61010,-0.603,0.54752,-1.192,0.307,-0.83245
0,0.0,0.0,0,0.0,0,0,0,0.0,1,1.35,0.752,0.982,0,0,0,0,-0.37500,-1.136,-1,-0.572,0.0,0.0,0.0,0,-1,-1,-1,-1,-1.083,0.865,1,0.0,0.0,0.0
1,1,0.0,1,-0.03730,1.481,-0.086,0.99601,-0.125,0.99838,-0.104,1.111,-0.13814,0.96674,-0.21695,0.95288,-0.244,0.91236,-0.34400,0.522,-0.32152,1.277,-0.34691,0.87874,-0.29,0.897,-0.42990,0.586,-0.395,0.81433,-0.501,0.496,-0.585,0.851,-0.50152
0,1.267,0.0,1.404,-0.02685,-0.998,0.198,-0.36393,0.35639,0.69258,-0.63427,1,-0.03353,-0.201,-0.00550,-0.534,0.15452,0.91921,-0.311,1.124,-0.273,-0.164,-0.31454,-0.73864,0.37361,0.83872,-0.628,0.444,-0.859,1.247,-0.61393,-0.055,0.20477,-0.083,0.41913
1,1,0.0,0.629,0.00874,1.385,-0.054,0.599,-0.048,0.888,-0.06971,1.145,-0.045,0.94713,-0.11102,0.93369,-0.12790,0.788,-0.101,0.79682,-0.19200,0.691,-0.17387,1.282,-0.18739,0.532,-0.19689,0.81813,-0.21136,0.876,-0.223,0.612,-0.23095,0.74323,-0.23902
0,0.913,0.0,0,0,1.452,0.51724,0,0,0.106,-0.502,0,0,0,0.0,-1.185,-0.328,-0.463,-0.83297,0.76,0.63147,0,0,0.452,0.35668,-1.025,0.488,1,-0.663,-1.297,0.59,0.0,0,0,0
1,1,0,1.143,-0.18362,0.43644,0.043,0.997,-0.003,0.994,0.187,0.81121,-0.01789,0.88559,0.54991,1.14,-0.759,0.75000,-0.2,0.86676,-0.20104,1.341,0.671,0.477,-0.1,0.90066,-0.02778,1.131,-0.01158,0.821,-0.32298,0.475,-0.25706,1.251,-0.01425
0,0,0.0,1,1,1.476,-1.111,0,0,0.0,0,1.419,1,1,1,-1,-1.374,1.375,-0.954,-1,0.913,0.0,0,1.35,-0.733,1,-1,1,1,-1.297,-1.324,0.0,0.0,0.0,0
1,1,0.0,1,1.326,0.883,1.025,0.537,1,-0.3,1.291,-0.83152,1,-1,1.36,-0.528,0.363,-1.121,-0.443,-1,-0.42052,-1,-1,-0.52838,-1.192,0.818,-1.422,1,-1,1.163,-1,1,-0.474,1,0.34845
0,1,0.0,-0.67935,-1.331,-1,1,0.571,0.63317,0.03515,-1.249,-1,-1,0.568,1,0.88683,-0.682,-1,1,0.593,1.271,0.61,-1.11,-1.325,-0.831,-0.18856,1,1,-0.978,-1,-0.786,-0.924,1.434,1.105,0.33611
1,1,0.0,0.715,0.08143,0.97487,-0.056,0.542,-0.049,0.587,-0.06561,0.94717,0.01,0.95436,-0.16795,0.94612,-0.19497,0.99630,-0.466,0.825,-0.376,0.603,-0.18,0.90140,-0.317,1.051,-0.40747,0.71,-0.34586,0.92059,-0.206,1.006,-0.39061,0.82166,-0.41173
0,1,0.0,0.086,-0.20685,-1.48,1,-1,1.263,0.527,0.47173,-0.82143,-0.62723,-1.033,-1,-1,0.726,-0.024,0.783,-0.415,-0.42113,-0.74628,-0.894,-1,-0.46801,-1.111,0.23810,1,-0.742,-0.93,-0.38914,-1.389,-0.677,-0.59,0.61458
1,0.634,0,1,-0.029,0.932,-0.055,1,-0.085,1,-0.08799,1.296,0.56173,1,-0.12738,1,-0.176,1,0.32407,1.303,-0.25,0.979,-0.18949,0.95601,-0.108,0.677,-0.92284,0.87280,-0.254,0.911,-0.22370,1.052,-0.216,0.567,-0.22981
0,0.0,0.0,-0.868,1,1,-1.49,-1,0.776,0,0.0,1,1.483,-1,-0.246,1,0.866,-1.201,-1,1,-0.567,-1,-0.615,0.539,1,0.977,-1.417,1,1,0.993,1,0,0.0,-1,-1
1,1.461,0,1,0.039,0.815,0.108,0.743,0.079,1,-0.025,0.94846,0.057,1.294,0.14644,0.94862,0.11224,0.90896,0.20119,0.952,0.16265,0.99695,0.074,0.90784,0.16410,0.91667,0.22431,0.877,0.23,0.682,0.22511,0.668,0.29576,1.008,0.421
0,1,0.0,0.147,-1,-1.324,1,0,0,0,0.0,-0.952,1.283,0.0,0,-0.61354,-0.396,0.886,0.449,0.63,0.14375,0,0,-0.687,-0.27083,-0.84792,0.96250,0.906,1,-1.207,0.437,0,0.0,0.0,0
1,1,0.0,1.36,0.094,1,0.12197,1,0.179,0.98602,0.06,1.287,0.148,0.92992,0.293,1.084,0.28343,0.74,0.282,1.033,0.33129,0.83393,0.31698,0.74829,0.566,0.501,0.34658,0.68452,0.42746,0.822,0.46031,0.56791,0.471,0.54252,0.529
0,1,0.0,0.01667,-0.203,0.0,0,0.0,0.0,0,0,0,0.0,0.0,0,0.12292,-0.55000,0.124,0.438,0.753,-0.42292,0,0,0.08333,-1,-0.10625,-0.092,1.387,-0.811,-0.513,0.203,0,0,1.255,-0.254
1,0.766,0,1,0.158,1.191,0.211,0.94616,0.33,1.119,0.22610,0.91408,0.37107,0.704,0.46899,0.81011,0.499,0.78473,0.635,0.799,0.444,0.568,0.498,0.55586,0.64720,0.437,0.55236,0.43317,0.917,0.35684,0.76147,0.33921,0.533,0.285,0.78685
0,1,0.0,0.63816,1,0.20833,-1,1,0.84,0.87719,0.21,-0.66886,1,-0.066,0.47,0.021,0.04,-0.307,-0.816,0.128,-0.023,0.372,-0.43860,-1.223,1,0.80921,-1,1.487,-0.06140,1,0.773,0.165,-1,0.765,1
1,0.51,0.0,1,-0.41457,1.205,0.473,0.479,0.18593,1,-0.141,0.516,0.47990,0.756,-0.132,1,0.011,0.97613,-0.736,0.80025,-0.235,1.256,-0.19095,0.973,-0.12312,1.203,0.078,0.92890,-0.07249,1,-0.27387,0.44,0.19849,0.51382,-0.05402
0,1,0.0,0.874,0.1,0.888,0.39130,1.42,-1,0.66938,0.08424,1.334,0.343,1,0.60598,1,0.269,0.534,0.02672,0.724,-0.43025,1.452,0.63496,0.498,0.26585,0.91033,-0.445,1,0.15942,0.37681,-0.021,1.414,0.119,1.118,0.37409
1,1,0,0.695,0.298,1,0.036,0.575,0.099,0.864,0.054,0.755,0.291,1,0.05489,1,0.04384,0.833,-0.172,0.854,-0.08668,0.577,0.04150,0.99933,0.27376,0.63,-0.39056,0.96414,-0.02174,0.86747,0.23360,0.929,-0.315,0.80355,-0.101
0,0,0,0.719,-1.324,1.353,-0.616,1.159,-1,1,-1,0.693,1.317,0.783,1,1.116,-1,1.007,1,1.126,1,0.954,0.832,1,-1,1.385,-1,1,-1,1,0.675,0,0.0,0.868,-1
1,0.881,0,0.531,0.78,0.81309,1.101,0.443,0.634,0.20619,0.80541,-0.43872,1.342,-0.79135,0.77092,-1,0.40268,-0.451,-0.322,-0.97907,-0.42822,-0.73083,-0.76339,-0.418,-1.12,0.5,-1.022,0.41778,-1.241,0.25773,-1.257,0.802,-0.35222,1.034,0.03446
0,1.4,0,1,1,1.302,-1,1.423,-1,1,1,0.838,1.179,0.933,1,1.464,-1,0.875,1.226,1.105,1.251,1,1.104,1,0.656,1,1.31,1,0.7,0,0.0,1,-1,0.8,-1
1,1.476,0.0,0.783,0.03529,1.293,0.18281,1.224,0.235,0.998,0.187,0.671,0.231,1,0.38643,1,0.31674,1,0.732,1,0.53846,1,0.61267,1,0.518,1.219,0.91,0.541,0.71374,0.85611,0.67149,0.74389,0.884,0.554,0.75837
0,0.0,0,1,-0.601,0.917,0.656,-1.019,-1,0.93,-1,0,0.0,0,0,-0.722,1.305,1,-1.26,1,-1.48,-0.75000,1.251,1.089,-0.672,1,-0.899,1,-1,-1,-1,0,0.0,1,-0.982
1,0.596,0,1.163,0.128,0.96760,0.11,0.96026,0.27451,0.98044,0.525,0.909,0.46281,0.733,0.52517,0.82820,0.58794,0.73242,0.69065,0.375,0.465,0.54473,0.68820,0.48339,0.47,0.592,1.019,0.412,0.83796,0.128,0.783,0.164,0.86835,0.09048,0.553
0,1,0.0,0.663,0.38889,0,0,-0.331,0.69841,0.0,0.0,0,0.0,0,0.0,0.20635,-0.36,0.297,0.164,0.46429,0.903,0,0.0,0.0,0.0,0.73413,0.3,0.76190,0.512,0,0,0,0.0,0,0
1,1.147,0,1,0.047,1,0.156,1,0.266,1,0.28453,0.822,0.34826,1,0.443,1.086,0.42881,0.949,0.50391,0.862,0.58801,0.80644,0.482,0.437,0.62758,0.66643,0.63942,0.823,0.69435,0.47,0.886,0.584,0.923,0.288,0.75243
0,0,0.0,1,1,0,0.0,1,-1,0.749,-1.398,0.763,1,0.511,1,0.584,-1.287,0.986,0.916,1.216,1.082,1,-1,-0.867,-1,1,-1,1.337,-0.9,1.173,1,0,0,1.3,-1
1,0.821,0.0,1,0.04078,0.902,0.123,1,0.128,0.9,0.27921,0.98703,0.30889,0.92745,0.286,1.083,0.362,0.81939,0.46059,0.78619,0.63,0.79400,0.56282,0.725,0.58129,0.67077,0.538,0.58903,0.60990,0.517,0.60932,0.313,0.936,0.43,0.66
0,0.0,0,1.385,1,1,-1.14,1.264,1,1.347,1,1.417,0.723,1,1,0.702,1,1,-1,-1.156,1.211,-1,1.154,-1,1,1,-0.872,1,0.585,-0.702,1.128,-1,-1.067,-1,0.746
1,1,0,0.602,0.195,1,0.548,1,0.72973,1,1.099,1,1,1,0.655,1.353,0.837,1,0.69,1,1,1.02,1,0.562,1.368,0.555,1.47,0.201,0.61,0.13,1,-0.17370,1,-0.643,1
0,0.0,0.0,0.752,1.247,1.348,-1.308,1.355,0.999,-1,0.542,0,0,1,1,0,0.0,0,0,-1,1,-0.655,1,0.601,1,1,-1,1,1,1.312,0.597,1,-1.279,-0.594,1.381
1,0.875,0.0,0.559,-0.06604,1,0.62937,1.007,0.142,1,0.20280,1,-1,1,-0.56,0.623,-0.15851,0.735,0.04895,1.064,-0.61538,0.722,-0.341,1,-1.392,1.153,-0.58042,1,-0.574,0.771,-1,1,-0.593,0.744,-0.48252
0,0.0,0.0,1,-1,0.679,1,1,1,1,1.468,1.35,0.77,1,-0.982,0.847,-1.434,1,1.131,1,-1,1,1,0.928,1,1,-1.085,1,0.976,1.044,-0.801,1.485,1,1,-1.207
1,0.752,0,0.92277,0.07804,0.92679,0.191,0.881,0.24618,1.111,0.361,0.78801,0.42196,0.70716,0.542,0.451,0.642,0.346,0.556,0.51247,0.64924,0.432,0.66975,0.284,0.68343,0.268,0.554,0.229,0.426,0.09694,0.71038,0.02735,0.77072,-0.04023,0.726
0,0.85,0.0,0.916,-0.158,1.026,0.324,0.542,0.32862,0.25795,0.411,1.123,-0.225,0.011,0.468,0.01060,0.299,0.18681,0.584,0.103,0.36353,0.04325,0.30745,-0.001,0.24936,-0.02862,0.19405,-0.04314,0.14481,-0.04779,0.117,-0.04585,0.07064,-0.04013,0.04586
1,1.351,0,0.74852,-0.036,0.886,-0.05178,1.197,0.019,0.475,0.02515,0.63462,0.111,0.71598,0.076,0.396,0.05178,0.778,-0.27811,0.742,-0.01479,0.78698,0.053,0.34615,-0.174,0.439,0.02811,0.61009,-0.038,0.619,-0.21154,0.59024,-0.14053,0.472,0.02959
0,1,0.0,0.39179,-0.06343,1.058,0.026,1,0.987,0.22,0.15299,0.54478,0.11,0.61567,-0.653,0.535,0.757,0.66791,-0.101,0.659,-0.11567,0.65574,0.21,0.83209,0.539,0.301,0.082,0.49309,0.14630,0.32463,-0.02612,0.341,0.13521,0.34411,0.19
1,0.663,0.0,0.489,0.049,0.76981,-0.10566,0.654,0.03774,0.66038,-0.04528,0.837,0.01132,0.809,-0.085,0.72075,-0.021,0.76981,0.08679,0.61887,-0.106,1.101,-0.23774,0.73962,-0.14717,1.139,-0.125,0.73886,-0.05801,0.66792,0.033,0.981,0.04,0.73208,0.008
0,1.067,0.0,0.72727,-0.05000,0.599,0.03462,1.359,1.088,0.825,-0.05909,0.48182,-0.16818,1.017,0.09559,0.56818,1.476,0.50455,0.148,0.376,0.113,1.297,-0.396,0.98636,-1,0.57273,0.45,0.56982,0.14673,0.563,0.111,0.48927,0.14643,1.118,1
1,1,0,0.57647,-0.011,0.292,0.0,0.394,0.12941,0.40000,-0.05882,0.56471,0.159,0.662,0.08235,0.52549,-0.076,0.465,0.01569,0.443,0.0,0.565,0.074,0.58039,0.092,0.49804,0.00392,0.48601,0.10039,0.625,0.075,0.597,0.278,0.43137,0.17255
0,1,0.0,0.41932,0.138,0.464,0.145,0.137,0.27955,-0.03636,0.44318,0.054,0.36194,-0.272,0.33636,-0.13350,0.27322,0.039,0.247,-0.34773,0.12727,-0.127,0.05,-0.255,0.36364,-0.107,-0.044,-0.112,-0.07114,-1,-1,-0.02916,-0.096,-0.00526,-0.033
1,1,0,0.502,-0.318,1,0.36373,0.82403,0.19206,0.945,0.048,0.837,-0.054,0.572,0.3,0.612,0.25322,0.69206,0.57940,0.71030,0.39056,0.93,0.195,1.325,0.34871,0.472,0.52039,0.929,0.53235,0.552,0.614,0.246,0.70923,0.52361,0.54185
0,1,0.0,0.89,-0.08580,-0.31745,-0.532,-0.117,-0.41,1.068,0.04576,0.818,-0.005,-0.18494,0.391,-0.213,-0.946,0.85701,-0.11344,0.77979,-0.206,-0.06959,0.50810,-0.34128,0.80934,0.452,-0.047,0.70882,-0.25288,0.582,-0.115,-0.212,-0.78170,-0.18494,-0.59867
1,1,0.0,1.006,-0.231,0.952,0.04348,0.45217,0.338,0.65217,0.18261,0.5,0.277,0.341,-0.23043,0.497,0.482,0.38696,-0.316,0.36087,-0.26087,0.241,0.11739,0.694,-0.043,0.323,-0.12,0.49930,-0.04264,0.354,-0.04448,0.64348,-0.25217,0.50435,0.1
0,0.949,0.0,-0.529,0.08,-0.398,0.73375,0.572,-0.181,0.31889,-0.083,0.14,-0.15170,0.47368,0.08978,0.437,-0.15480,0.16409,0.45201,0.33746,0.026,0.50464,0.045,-0.595,-0.61610,1,0.804,0.41348,-0.347,-0.177,0.11146,0.02399,0.55820,0.299,-0.08978
1,1,0,0.29202,0.073,0.45331,0.16808,0.736,-0.00509,0.52632,0.155,0.273,-0.16638,0.47368,-0.04754,0.55518,0.03905,1.072,-0.318,0.63,-0.04,0.215,0.057,0.217,-0.311,0.51731,-0.032,0.50369,-0.017,0.233,0.118,1.034,-0.01868,0.39559,-0.03226
0,1,0.0,0.79157,0.228,0,0.0,0.56541,0.06874,0.231,0.778,0.38359,0.99557,-0.024,0.53215,0.23725,0.111,-0.02661,1.384,-0.502,0.84922,-0.138,0.514,-0.42572,0.23725,-0.781,0.80710,-0.412,1.159,-1,0.89,-1,0.077,0.0,0
1,0.855,0,0.90116,0.166,0.79299,0.37379,0.471,0.50515,0.658,0.881,0.44303,0.557,0.24412,0.87493,0.062,0.85038,-0.156,0.87396,-0.28739,1.138,-0.46635,0.628,-0.57135,0.53805,-0.903,0.362,-0.71844,0.313,-0.72369,0.135,-0.887,-0.035,-0.645,-0.19904
1,1,0.0,0.97714,0.19049,0.715,0.46259,0.976,0.516,0.65,0.84278,0.31409,0.715,0.10289,1.231,-0.13254,0.84290,-0.376,0.967,-0.52145,0.408,-0.733,0.602,-0.805,0.186,-0.85376,0.17849,-0.83314,-0.017,-0.82366,-0.19321,-0.533,-0.33662,-0.388,-0.49700
0,1,0,-1,-0.545,0.0,0,0.50814,-0.864,0.60586,0.401,-1,-0.41368,0,0.0,0.0,0,1.255,-0.26710,0.33,-0.63518,0.97068,-1.387,-0.827,-0.529,1.325,-0.59609,-1.199,-1.058,-1,-1,1.005,-0.93,0.0,0
1,1,0.0,0.74084,0.042,0.744,0.02,0.78575,0.047,0.554,0.08,0.67801,0.401,0.929,0.07348,0.74695,0.08442,0.70681,-0.06,0.63613,0.0,0.558,0.11355,0.585,0.12185,0.68,0.106,0.64158,0.13608,0.65707,0.17539,0.59759,0.14697,0.742,0.15
0,1,0,1,-0.816,0.0,0,0.722,-1.186,0.80882,0.55147,-0.41912,-0.94853,0,0.0,0.0,0.0,0.429,-0.59,0.73529,-0.409,0.0,0,0.18382,-1,-1,-1.205,-1.487,-0.773,1.155,-1,1,-1,0.0,0.0
1,1,0.0,1.268,0.01709,1.367,-0.03142,1,-0.03436,0.551,-0.05071,0.505,-0.068,0.811,-0.09002,1,-0.157,0.729,-0.14257,1.263,-0.11813,1.421,-0.18519,0.712,-0.19272,1.32,-0.22083,0.96490,-0.20243,0.588,-0.244,0.96436,-0.328,0.464,-0.23296
0,0,0.0,0.0,0.0,0.0,0.0,0.0,0,0.0,0,0,0.0,0.0,0.0,0,0,0,0,0,0.0,0,0,0.0,0,0.0,0.0,1,-1,0,0,0.0,0,0.0,0.0
1,1,0,0.95704,-0.105,0.442,-0.12690,0.96365,-0.266,0.844,0.08460,0.638,-0.011,0.83543,-0.24719,1,-0.193,0.99273,-0.293,1.41,-0.268,1,-0.27165,0.93126,-0.522,1,-0.19233,1.0,-0.276,0.47,-0.295,0.619,-0.164,0.69531,-0.41573
0,1,0.0,0.28409,-0.31818,0,0,0.68182,-0.832,0.30682,0.95833,0.663,0.085,0.34848,-0.84848,0,0.0,0.59091,-0.35985,0.624,-0.80682,0.0,0.0,0.0,0.0,0.328,0.17803,1.007,-0.151,0.053,-0.38,0.16288,-0.782,0.0,0
1,1,0,0.94490,-0.395,1,-0.041,0.649,-1.053,0.90083,0.66942,1.257,-0.056,1.15,-0.12493,1,-0.201,1.33,-0.17681,1.115,-0.172,1.109,-0.269,1.046,-0.357,1,-0.29852,1,-0.293,1,-0.317,1,-0.40740,1,-0.44739
0,0.671,0,0.0,0,0.0,0,0.0,0,0.0,0,0.58,1,0.0,0,0,0,0.521,-0.9,0.662,-1.4,0.0,0.0,0,0,0,0,1,0.096,0.0,0,0,0,0.0,0.0
1,1,0,1.108,0.00526,0.84082,-0.11313,0.88237,-0.16431,1.079,-0.058,0.96484,-0.039,0.85221,0.02966,0.65,-0.126,0.727,-0.113,0.98298,-0.109,1.197,0.001,1.136,-0.04,0.561,-0.19872,1.293,-0.242,0.94294,-0.16581,0.80253,-0.336,0.76586,-0.27794
0,0.571,0,0.06,0.10811,0,0,0.0,0,0.54730,1.039,0.31081,1,0,0,0,0,0.341,-1,0.325,-1.019,0.0,0.0,0,0.0,-0.466,-0.849,1,-0.543,0.55405,-0.292,0.0,0.0,0.0,0
1,1,0,1,-0.781,0.99150,-0.378,0.89518,-0.786,1,-0.35818,1.457,-0.211,0.393,-0.515,1,-0.861,1.486,-0.79603,0.76771,-1.254,1.437,-1.211,0.70120,-0.74896,0.558,-0.76904,0.527,-0.928,0.81020,-1,0.641,-1,0.188,-0.76112
0,1,0,0.97,-0.77,0.0,0.0,0,0.0,0.888,1,1,-0.28030,0,0.0,0,0,0.62121,-0.282,0.84091,-0.955,1.287,-1,0.0,0,0,0.0,1,-0.516,-0.12879,-0.77,0.0,0.0,0.0,0
1,1,0.0,0.99,0.177,0.651,0.41149,0.67203,0.55785,0.62,0.69962,0.397,0.81533,0.19617,0.85671,-0.04061,0.86284,-0.184,1.013,-0.34100,0.65747,-0.588,0.461,-0.822,0.40996,-0.686,0.244,-0.544,0.127,-0.57241,-0.07816,-0.76,-0.234,-0.42912,-0.31954
0,0.691,0,0.42000,-0.61000,0,0,1,-1.438,1.17,1,0.43000,0.823,0.0,0.0,0.0,0.0,0.581,-0.29000,0.629,-0.9,0.0,0,0,0,0.201,0.68000,1,0.168,0.0,0.0,0,0,0.0,0
1,1,0,1,0.186,0.91404,0.52013,0.592,0.72144,0.47660,0.84222,0.319,0.8,0.09467,0.88248,-0.25,0.75,-0.484,0.803,-0.51360,0.582,-0.64527,0.406,-0.74102,0.29162,-0.726,0.03591,-0.966,-0.176,-0.669,-0.28183,-0.51251,-0.401,-0.502,-0.634
0,1,0.0,1.343,0.81586,-0.72973,0.723,-0.546,0.763,0.05405,0.174,-0.18599,-0.118,-0.025,-0.08970,0.01401,-0.03403,0.013,-0.00537,0.004,0.00097,0.001,0.001,-0.0,0.00019,-0.00003,0.0,-0.0,0.0,0,0,0.0,0,0,0
1,1,0,0.131,-0.105,0.201,0.07143,0.1,0.258,0.164,0.09524,0.40476,0.027,0.30952,-0.057,0.423,-0.059,0.179,-0.078,0.33333,0.04762,0.30952,0.0,0.184,-0.11905,0.35714,-0.04762,0.22109,-0.02290,0.244,0,0.223,-0.02034,0.119,-0.01877
0,0.999,0.0,1.381,-0.12,1,0.064,0.57377,-0.01639,0.65574,0.017,1.187,-0.025,0.72131,0,0.933,-0.122,0.19672,-0.089,0.65558,-0.232,0.67213,0.03279,0.594,-0.29508,0.234,-0.205,0.52385,-0.20325,0.178,-0.03279,0.27869,-0.44262,0.313,-0.06557
1,1,0,0.98182,0.0,0.88627,0.034,0.86249,0.04572,0.617,0.0,0.553,0.067,1.138,0.08436,0.544,0.07,0.453,0.159,0.687,0.12727,0.70674,0.12608,0.947,0.13493,0.74545,0.22727,0.64581,0.143,0.376,0.02727,0.531,0.16465,0.58840,0.132
0,1,0,0.39286,0.52381,-0.821,0.139,-0.16628,-0.76378,0.655,0.01190,0.558,0.46,-0.67230,0.30729,-0.511,-0.63668,0.46429,0.178,0.535,0.055,-0.699,0.44961,-0.47651,-0.539,0.184,0.72,0.51971,0.329,0.597,0.386,-0.54891,-0.29915,0.307,-0.55837
1,1,0,1.233,-0.07111,0.637,-0.02494,1.123,-0.06889,1.159,0.003,0.608,-0.06444,1,-0.076,1,-0.20000,0.86889,0.05333,0.88000,-0.041,0.829,-0.11526,0.637,-0.228,0.84444,0.03556,1.481,-0.082,0.712,-0.11,1,-0.162,1.133,-0.44222
0,1,0,0.424,-0.159,0.58182,-0.14545,0.166,-0.999,0.34545,-0.03636,0.29091,-0.057,0.29091,0.158,0.256,-0.41818,0.20000,-0.027,0.412,0.042,0.12727,0.49091,0.526,0.22,0.32727,0.16364,0.41098,-0.09,0.34545,-0.063,0.088,-0.491,0.29091,-0.29
1,1,0.0,1.156,-0.92453,0.575,0.75472,0.49057,-0.05660,0.694,0.0,1,-0.0,0.449,0.064,0.418,-0.047,0.962,-0.00085,0.52830,0.0,0.292,0.07547,1.206,-0.00112,1,0.891,0.92192,-0.00128,1.275,-1,0.758,0.43396,0.43396,-0.11321
0,1,0.0,0.73810,0.652,-1.132,-0.235,0.321,-0.103,0.536,-0.14286,-0.67285,0.064,0.432,0,0.28571,-0.075,-0.559,0.555,0.208,0.019,0.45238,0.054,0.16667,-0.26190,-0.57255,-0.10234,0.24889,-0.51079,0.64,0,-0.401,-0.04762,0.26190,0.02381
1,1,0,0.447,0.04167,0.357,-0.10417,0.531,0,0.33333,-0.057,0.521,0,0.29167,0.13,0.54167,0.03,0.43750,-0.22917,0.35417,-0.31,0.33333,0.08333,0.211,0.18750,0.48,-0.233,0.292,-0.137,0.41667,-0.112,0.58333,-0.259,0.203,-0.083
0,1,0,1.375,1,0.0,0.0,0,0.0,0,0,0.47744,-0.89098,-0.51504,0.59,-1.08,0.28571,0.364,1,0,0.0,0.0,0,0.62030,0.279,-1,-0.671,1.419,-1.118,0.679,0.733,0.0,0,0.0,0
1,1,0.0,1.074,0.053,0.676,0.173,0.90996,0.19152,0.945,-0.675,0.69,0.61320,1.06,0.34328,0.741,0.347,0.769,0.40844,0.95472,0.59862,0.53258,0.44088,0.46773,0.44511,0.40440,0.44199,0.34374,0.43221,0.821,1.326,0.288,0.198,0.207,0.37191
0,1,0.0,0.59840,0.40332,0.915,1.039,0.76001,0.70709,0.84010,-0.157,0.97311,0.07981,0.95824,-1.141,0.764,0.88444,1.265,-0.071,0.88673,0.216,0.98484,-0.69594,0.86670,-0.839,0.175,-0.428,0.528,0.108,0.62958,0.302,0.689,0.81007,0.919,0.68822
1,1,0.0,0.717,0.10129,1,-0.01918,1.03,0.015,0.96974,-0.086,0.665,-0.02716,0.668,-0.03096,1,-0.05343,1,-0.029,0.93840,0.02,1.241,-0.053,1.223,-0.059,0.837,-0.15675,0.95677,-0.101,0.90978,0.016,1,-0.10797,0.93144,-0.045
0,1,0.0,0,0.0,-0.468,0.85388,0,0,0.384,-1.062,1.285,0.212,-0.26048,-0.59212,-0.382,0.65565,0.991,0.16391,0.0,0,0,0.0,-0.236,-0.611,0,0.0,1.111,-0.93,0.0,0,0.04447,0.61881,0,0
1,0.949,0,0.96933,0.006,0.882,0.005,1.322,-0.00763,0.97868,-0.02844,0.99820,-0.019,1,-0.01271,0.742,-0.019,1,-0.017,0.97,0.0,0.984,-0.02612,1,-0.04744,1.224,-0.04527,1.408,-0.03473,1.131,-0.02478,1,-0.03855,1.282,-0.042
0,1,0,0.0,0.0,1.474,-0.337,0.18919,-0.05405,0.0,0.0,1.209,0.038,0.866,-0.283,1,0.069,1,-0.11351,0.0,0.0,0.567,-0.21081,1,-0.41622,0.0,0,1,-0.17568,0,0,0.766,-0.25946,0.28919,-0.19
1,1,0,0.842,0.01403,0.296,-0.02439,0.52751,0.03466,0.19512,0.147,0.43313,0.04755,0.163,0.048,0.152,0.0,0.282,0.0,0.31707,0.07317,0.256,0.12195,0.159,0.035,0.21951,0.09756,0.19304,0.03,0.17410,0.055,0.235,0,0.105,0.099
0,0.853,0,1,1,1.455,-1,0,0.0,0,0,1.325,1,1,-1,0.584,1.324,1.352,-1.013,0,0.0,0.0,0,1.283,-0.179,0.0,0,1.1,-0.815,1.314,0.953,1,-1,0,0
1,1,0.0,0.34694,0.267,0.46939,0.304,0.493,0.132,0.294,0.434,0.265,0.593,0.084,0.55102,0.0,0.51020,-0.088,0.55102,-0.20408,0.55102,-0.346,0.44898,-0.28571,0.383,-0.61224,0.214,-0.46579,0.14895,-0.59184,0.18367,-0.296,0,-0.24,-0.24490
0,1,0.0,0,0.0,1.056,-1.215,0,0.0,0.0,0,1,1,1,-0.25342,1,0.23288,1.04,-0.753,0,0.0,0,0.0,0.878,0.513,0,0,1,-1.445,0.0,0,1.356,-1.325,0,0.0
1,1,0,0.688,0.356,1.178,0.37500,0.74265,0.897,0.391,0.783,0.19118,0.88971,-0.02206,0.86029,-0.286,0.906,-0.31,0.67647,-0.273,0.45,-0.728,0.38235,-1.049,0.08824,-0.393,-0.113,-0.67925,-0.24131,-0.584,-0.42647,-0.529,-0.50735,-0.28676,-0.56618
0,1,0.0,-1,0.224,0.22222,0.15033,-0.905,-0.593,-0.211,0.71242,-0.773,1,-1.215,0.272,-0.79085,-0.027,-0.824,-0.83007,-0.538,-0.54248,-0.04575,-1.091,0.94118,-0.94118,-1,-0.293,0.74385,0.09176,-1.223,0.041,0.147,0.032,-0.40201,-0.48241
1,0.961,0.0,0.26667,-0.115,0.53333,0.0,0.33333,-0.13333,0.36667,0.133,0.728,0.024,0.71667,0.05,0.70000,-0.06667,0.332,0.20000,0.41667,-0.01667,0.31667,0.142,0.70000,0.0,0.25000,0.073,0.46214,0.05439,0.443,0.032,0.374,0.031,0.34,-0.05000
0,1.276,0,-0.338,0.433,-0.27303,0.12159,-0.254,-0.059,0.06192,-0.06879,0.024,0.013,-0.006,0.02726,-0.016,-0.002,-0.001,-0.00883,0.00470,-0.00153,0.00138,0.003,-0.00114,0.00102,-0.00069,-0.00050,0.0,-0.00043,0.0,0.0,0,0.00015,-0.0,0.0
1,0.559,0.0,1,-0.37838,0.64865,0.292,0.865,-0.24324,1.261,0.18919,0.765,-0.155,0.51351,0,0.62162,-0.047,0.402,-0.151,0.71833,-0.167,0.544,0.05405,0.766,0.13514,0.35135,-0.316,0.61031,-0.22163,0.444,-0.23027,0.387,-0.59459,0.446,-0.24324
0,1,0,0.94531,-0.05,-1.324,-0.33203,-0.87,-0.018,1.239,0.01172,0.93359,-0.01953,-1,0.114,-1,-0.005,0.587,-0.048,0.532,-0.014,-0.99219,0.11719,-0.777,0.34766,0.665,-0.00391,0.82041,0.138,0.90234,-0.068,-1,-0.259,-1.126,-0.34375
1,1.15,0,1.063,0.025,0.734,-0.007,0.93526,0.012,1.117,-0.012,0.96936,0.005,0.95665,-0.019,0.973,-0.00405,0.99480,-0.037,1.314,0.01792,0.93584,-0.04971,0.93815,-0.023,0.97052,-0.04451,1.291,-0.022,0.835,0.01908,0.95434,-0.03410,0.95838,0.00809
0,1,0,0.838,-0.05529,1,-1,0.275,-0.128,0.454,-0.22222,1.4,-0.25712,0.16667,-0.11111,1.046,-0.34660,1,-0.311,0.881,-0.518,0.0,-0.25000,1,-0.50333,1,-0.182,1,-0.499,1.342,-0.407,1.115,-0.697,1,-0.729
1,1,0,0.31034,-0.10345,0.24138,-0.081,0.20690,-0.06897,0.07405,-0.05431,0.046,-0.052,0.018,-0.02383,0.00741,-0.019,0.003,-0.013,0.001,-0.005,-0.0,-0.004,-0.00028,-0.00166,-0.0,-0.00090,-0.0,-0.00048,-0.0,-0.0,-0.00012,-0.0,-0.0,-0.00006
0,0.604,0.0,0.836,-0.07843,0.72549,0,0.60784,-0.087,0.564,-0.11765,0.68627,-0.091,0.66667,-0.13725,0.64706,-0.128,0.687,-0.071,0.54902,-0.21569,0.58824,-0.19608,0.68,-0.304,0.42,-0.152,0.352,-0.24668,0.424,-0.31373,0.43137,-0.21569,0.34,-0.239
1,0.616,0.0,0.25000,0.16667,0.296,0.336,0.19036,0.23966,0.051,0.114,0.01070,0.146,-0.022,0.10188,-0.03685,0.06317,-0.03766,0.03458,-0.03230,0.01532,-0.02474,0.003,-0.01726,-0.003,-0.011,-0.007,-0.006,-0.003,-0.00294,-0.008,-0.001,-0.002,0.00025,-0.00291
0,1,0,-0.65625,0.15625,0.06250,0.0,0.0,0.06,0.62500,0.06250,0.281,0,-0.047,0.079,0.06250,0.0,0.15625,-0.141,0.362,-0.37500,0.0,-0.09375,0.0,0.0,0.03125,-0.46875,0.03125,0.0,-0.45,0.02,-0.016,0,0,0.076
1,1,0,1,-0.014,1,-0.02703,1,-0.096,0.95135,-0.023,0.98919,-0.037,0.795,0.106,1,-0.071,0.95135,0.092,0.97838,-0.006,1.159,0.06486,0.549,0.04324,0.97838,0.09189,1.365,0.01251,0.925,-0.047,1,0.04,1.155,-0.087
0,1,0,0.85271,0.05426,0.863,0.08069,1.216,0.763,0.974,-0.00775,0.83721,0.02,1,0.257,0.867,1.364,0.81395,0.04651,1.106,0.096,1,0.50670,0.916,-1.398,0.946,0.05,1.337,0.813,0.914,0.06977,1,0.87317,1,1
1,1.28,0.0,0.677,-0.01604,0.902,0.08021,1.355,0.01604,1.369,0.006,0.897,-0.014,1,0,0.986,0.06417,1,0.04813,1.087,0.04278,0.96791,0.02139,0.98930,-0.023,1.014,0.069,0.67,0.04452,0.87701,0.01070,0.911,0.053,0.97861,0.06417
0,1,0,-0.20500,0.236,0.23000,0.138,0.379,0.241,0.32250,0.496,0.459,-0.312,0.09250,0.282,-0.101,0.21000,-0.08750,0.17,-0.271,0.31408,-0.48000,-0.07,0.341,0.33176,-0.58000,-0.24000,0.372,-0.28475,-0.47000,0.197,-0.27104,-0.421,0.468,0.03050
1,1,0.0,0.822,0.023,0.5,0.041,0.70000,0.06667,0.70000,0,0.689,0.0,0.80000,0.0,0.795,0,0.70000,0.069,0.468,0.10000,0.46,-0.03333,0.76667,0,0.381,0.196,0.386,0.10168,0.448,0.13333,0.726,0.16667,0.63333,0.16667
0,1,0.0,0.066,-0.011,0.091,0.00838,0.0,-0.01117,0.003,-0.03911,0.01676,-0.061,-0.004,0.028,0.06425,-0.03352,0,0.052,-0.06425,0.07542,-0.039,0.032,0.02793,-0.004,0.01,0.00559,0.10335,-0.00838,0.03073,-0.00279,0.049,0,0.033,-0.044
1,0.755,0,0.94653,0.28713,0.72554,0.67248,0.662,0.82455,0.017,0.629,-0.218,0.899,-0.549,0.719,-0.585,0.41743,-0.499,0.07208,-0.65426,-0.117,-0.52475,-0.596,-0.30851,-0.55089,-0.04119,-0.482,0.222,-0.564,0.36752,-0.41901,0.687,-0.22535,0.50376,-0.036
0,1.007,0,0.052,0.01437,-0.02586,0.05,0.008,0.068,-0.107,0.008,0.014,-0.06609,-0.027,0.04,-0.08333,-0.04598,-0.059,0.08046,-0.04023,0.074,0.02011,0.02299,-0.03736,-0.008,0.03161,-0.00862,0.00862,0.01724,0.02586,0.017,0.019,0.01,-0.035,-0.00575
1,0.637,0,0.72414,-0.01084,0.79704,0.011,0.922,0.001,0.79015,0.011,0.947,-0.013,0.83350,0.037,0.64,0.01675,0.80099,-0.00788,0.826,-0.022,0.657,0.03350,0.734,0.063,0.72611,-0.015,0.78041,0.008,0.74089,-0.062,0.82956,0.02956,0.79015,0.00788
0,1,0,0.03852,0.02568,0.006,0,0.022,-0.01997,0.02140,-0.049,-0.059,-0.01284,0.016,-0.026,0.0,-0.03281,-0.049,-0.033,-0.018,0.051,0.012,0.00428,0.06,-0.019,0.05136,0.012,0.03994,0.01569,0.021,0.00713,-0.02568,-0.01854,-0.016,0.01997
1,0.575,0,0.4,0.338,0.42328,0.33598,0.25661,0.594,0.01852,0.49471,-0.021,0.53968,-0.504,0.31217,-0.317,0.412,-0.51587,0.06878,-0.336,-0.11640,-0.189,-0.11,-0.2,-0.264,-0.313,0.00265,0.03574,-0.29,0.15873,-0.12,0.24868,-0.24339,0.26720,0.023
0,1,0,0.08696,0.007,0.136,-0.04119,0.15,-0.116,0.081,-0.06178,0.27,-0.015,0.076,0.07780,0.137,-0.125,0.231,-0.04805,0.212,0.07323,0.11670,0.0,0.11213,-0.00229,0.15103,-0.10297,0.08467,0.011,0.11213,-0.099,0.058,-0.07323,0.131,-0.06865
1,1,0,0.625,0.194,0.378,0.7,0.21572,0.814,-0.55941,0.64899,-1.077,0.42048,-0.643,0,-0.62706,-0.368,-0.335,-0.45,-0.12797,-0.667,0.647,-0.63620,0.593,-0.37660,0.729,-0.05484,0.60098,0.30384,0.517,0.879,0.02742,0.54479,-0.131,0.50457
0,1,0.0,0.01975,0.00705,0.04090,-0.00846,0.028,0.01128,0.012,0.04372,0.002,0.00141,0.025,-0.03103,-0.01975,0.055,-0.04090,0.018,-0.02398,-0.003,0.03,-0.02539,0.024,0.0,0,-0.015,0.024,-0.01128,0.006,-0.021,-0.023,-0.02398,0.01,0
1,1,0.0,0.85736,0.00075,1.125,-0.05676,0.77521,-0.04182,0.84317,0.128,0.959,0.135,1.166,-0.049,0.78342,0.039,0.799,-0.08,0.83570,-0.212,0.88125,0.011,1.319,0.033,1.096,-0.01942,0.82383,-0.03678,0.646,-0.083,0.73936,-0.01942,0.79089,-0.09186
0,0.909,0.0,1,-1,1,1,-1,0.59,0.722,-0.766,1,-1,-1.121,-1,-1.128,1,0.883,1.326,1.192,1,-1,1,1.231,-1,1.113,-0.528,1.422,1,0.501,1,-1,1.163,-1.025,1
1,1,0.0,0.484,0.39252,0.38887,0.437,0.07,0.98903,-0.471,1.146,-0.76229,0.415,-0.93092,0.10768,-0.85900,-0.413,-0.66030,-0.349,-0.19260,-0.86063,0.278,-0.80496,0.64649,-0.505,0.475,-0.296,0.71698,0.146,0.268,0.58310,0.19667,0.736,-0.11215,0.887
0,1,0,0.748,1,1.249,0.51250,0.578,-0.814,0.66,1,0.017,0.03125,0.914,1.445,0,0,1,-0.611,1.052,1,0.573,1,0.31250,1.048,1,1,1.198,1,0.991,0.814,-1.237,1,0.0,0
1,0.894,0,1.389,0.693,0.62745,0.726,0.013,1,-0.49020,0.675,-1.09,0.654,-1.306,0.087,-0.96078,-0.33333,-0.64706,-0.68627,-0.219,-0.86275,0.364,-1,0.49,-0.72549,0.949,-0.127,0.92874,0.21876,0.715,0.56863,0.25,0.90196,-0.11765,0.90196
0,1,0,0,0.0,-1,-1.275,-0.677,1,0.0,0,-1,1.099,0.984,1,1.296,-0.949,0,0,0.0,0.0,-1.166,-1.213,-0.539,1,1,0.621,1,-1,0,0,-1.34,-1,-1.48,0.634
1,1,0.0,0.441,0.662,0.512,0.90763,-0.22222,1,-0.474,0.88889,-0.615,0.311,-1.312,-0.11111,-1,-0.22222,-0.989,-0.596,0.55556,-1.179,-0.22222,-0.76,0.673,-0.267,0.259,0,0.92120,0.638,0.57454,0.479,0.22222,1,-0.55556,1
0,0,0.0,0.0,0,0.0,0.0,0,0,0.0,0,0.0,0.0,0,0,0,0,0,0.0,0.0,0.0,0.0,0.0,0,0.0,0,0.0,1,0.0,0.0,0,0.0,0,0,0
1,1,0.0,0.584,0,1,0,0.5,0.50000,0.825,0.0,0.589,0.094,0.902,0.116,0.86922,0.208,0.75000,0.227,0.75000,0.657,0.75000,0.0,1,-0.157,0.676,0.50000,0.979,0.26388,0.75000,0.25000,0.595,0.277,0.67493,0.30293
0,0.0,0.0,-1,1,1.211,1,0,0.0,1.207,-1,0.772,-1.056,1,-1,-1,-1.04,0.0,0.0,-1,-1,0.0,0.0,0,0,-1.356,-1.235,1,-1.43,1,1.173,-1,-0.966,0,0
1,1,0,0.878,0.0,1,0,0.66667,0.11111,0.792,-0.063,1.285,-0.11111,1,-0.146,0.77778,0.0,0.77778,0.0,1,-0.11111,0.77778,-0.062,0.502,-0.154,0.66667,0.0,1.104,-0.05352,1.255,0.147,0.88889,-0.092,0.529,0
0,0.0,0,0,0,0.0,0.0,0.0,0,0,0,0,0.0,-1,-0.766,0.0,0,1,0.75000,0.0,0,0.0,0,-0.836,1,0.0,0.0,0.78,-1,-0.797,-1,0.991,1,0.0,0.0
1,1.223,0,1,0.348,0.678,-0.364,0.895,0.09091,1,-0.09091,1,0,1.195,-0.27273,1,-0.207,1,0.09091,0.686,0,1.314,-0.403,1,0.073,1,-0.073,0.773,-0.073,0.84,0.45455,1,-0.252,1,-0.184
0,1.001,0,0.798,-0.812,0,0,0.0,0,0.251,0.28788,0.42803,0.235,-0.062,0.286,0.534,0.31439,-0.53788,0.32955,0.086,-0.14773,0.018,-0.53409,-0.57576,0.214,0.16,-0.265,0.25758,-0.665,0.22,0.24242,0.18182,-0.02273,0.106,-0.41667
1,1,0,1,0.157,1.334,0.23529,0.945,0.41176,1,0.075,1,0.334,1.118,0.11765,1.03,0.47059,0.869,-0.064,0.759,-0.104,1,0.35294,1.421,0.41176,0.534,-0.11765,1.452,0.20225,1.414,0.05882,1,0.503,1,0.131
0,1,0.0,0.0,0.0,-0.982,-0.62766,1,0.271,0.07979,-0.237,-1,-0.253,0.12766,-0.628,0.575,-1,0,0.0,1.186,-0.07979,-0.364,1,0.211,-0.611,0,0.0,-0.19149,-0.46809,-0.141,-0.48936,0.74468,0.787,-0.67553,0.45745
1,1,0.0,0.91667,0.278,0.938,-0.086,0.70833,0.154,0.87500,-0.069,0.91667,0.04167,0.83333,0.072,0.70833,0.0,0.881,0.029,1,0.072,0.66667,-0.08333,1.015,0.16667,0.83333,-0.145,0.83796,0.073,1.116,0.20833,0.933,0.0,0.70833,0.04167
0,1,0.0,0.164,-0.17,0,0.0,0,0.0,0,0,0.0,0.0,0.128,-0.19071,0,0,0.0,0,0.0,0.0,0.0,0,-0.069,-0.06571,0.104,0.12,0.17308,-0.10897,0.107,0.09615,0.018,-0.04808,0.16827,0.19551
1,1.115,0.0,1,-0.09,1.251,-0.11326,0.99246,-0.195,1.464,-0.33075,0.96662,-0.449,0.985,-0.47265,1.287,-0.386,1.023,-0.65224,0.68131,-0.63544,0.972,-0.947,0.549,-0.74785,0.586,-0.96296,0.48757,-0.946,0.37941,-0.83893,0.24117,-1.089,0.29221,-0.89621
0,0.604,0.0,1,1,-0.519,0.802,-1.224,-0.82456,0.511,0.183,0.46053,0.07018,0.22807,0.05702,0.272,0.34649,0.752,-0.03947,0.22807,0.53070,0,0,-0.397,-0.121,0.783,-0.665,1,-1,0.671,-0.24561,0.35088,0.275,1.072,0.103
1,1,0.0,1,0.24077,1.258,0.003,0.80244,-0.30133,0.979,-0.23486,0.70643,-0.24077,0.73855,-0.30539,0.71492,-0.36078,0.616,-0.61189,0.40473,-0.328,0.532,-0.39328,0.592,-0.32681,0.215,-0.313,0.365,-0.48390,0.092,-0.58,0.16,-0.518,0.123,-0.51
0,0.0,0.0,-1,1,1,-1,0.0,0.0,0,0.0,1,-1,0.641,1,0.0,0.0,0.596,-1,0,0,0.0,0.0,1,1.486,-0.571,1,0.909,-1,-0.917,1.497,-1.233,-1,0,0
1,1,0,0.881,-0.1,0.868,-0.17674,1.005,-0.22602,0.81702,-0.27070,1.179,-0.28909,0.643,-0.601,0.63338,-0.313,0.37254,-0.598,0.27070,-0.596,0.40506,-0.54172,0.33509,-0.59691,0.14750,-0.928,0.139,-0.59589,-0.055,-0.775,-0.02,-0.436,-0.11,-0.47898
0,1,0,-1,-1,-0.50694,0.948,1.287,-1,0.925,0.618,0.0,0.0,0.132,-1,1.004,1,0.0,0,1,1.385,1.243,1,0.0,0,-0.71528,1.225,0.33333,-1.159,0.863,-1,1.005,-1,0.58,1
1,1.216,0,0.73,0.565,0.45,0.76160,0.076,0.93460,-0.486,1.001,-0.72363,0.61181,-0.93882,0.265,-1.212,-0.299,-0.62869,-0.65612,-0.336,-0.85654,0.16245,-0.86498,0.263,-0.723,1.077,-0.28903,0.714,0.07933,0.64135,0.58,0.31435,0.364,-0.00422,0.69409
0,1,0.0,1,1,0.0,0.0,1,-1,-1,-0.821,0.691,1.031,0.958,-1,0.0,0.0,1,-0.911,0.9,1,0.0,0,1,-1,-1,-0.902,1,1,-1.063,1.34,-1,0.793,0.0,0
1,1,0.0,1,0.651,1,1.347,0.77123,0.872,-0.234,1,-0.746,0.723,0,1,-1,1,-1.154,0.0,-1.417,-0.66667,-0.585,-1.281,-1.14,-0.376,-0.33333,-1,0.19235,-1,1.264,-1,0,-1.067,1,-0.725
0,0,0.0,-0.69,1.47,-0.702,-1,0.0,0,-0.79,1.085,0.61,-0.859,-1,-1,-1.128,1,0,0,-1,-0.602,-0.627,1.37,0,0,1.368,-1,1,1,1,-1.353,1,1.211,0.0,0
1,1,0,1,0.06843,0.687,0.14211,1,0.145,1.308,-0.101,1,0.546,0.525,0.664,1,0.58986,-0.37500,1,1,0.0,0.637,0.92001,0.655,1.312,0.542,1,1.279,1.348,1,0.149,1.247,1,1,0.999
0,0.0,0.0,-1,-1,0.0,0.0,0,0,0,0.0,0.0,0.0,0.0,0.0,1.064,-1,0,0.0,-1,-1,0.0,0.0,1,0.601,1,-1,1,-1.392,0.0,0,0,0,0,0.0
1,0.77,0,0.55,-0.07896,0.713,-0.14380,-0.158,-0.199,0.29796,0.032,0.38096,-0.26339,0.28931,-0.31997,0.03459,-0.262,0.229,-0.29441,0.159,-0.417,0.103,-0.31525,0.052,-0.182,0.03004,-0.25124,-0.0,-0.23210,-0.02612,-0.21129,-0.07,-0.185,0.01336,-0.399
0,1,0.0,0.0,0.0,0,0.0,0,0.0,0,0.0,0.865,-0.33333,0.16667,0.26042,0,0,0,0.0,0.0,0,-0.203,-0.215,-0.16667,0.519,-1.083,0.566,0.055,0.852,-0.22917,-1,-0.12500,-0.27083,-0.149,-0.93750
1,1,0.0,1,0.05149,0.99363,0.115,1.198,0.14756,0.95513,-0.26496,0.66026,0.643,0.80426,0.161,0.828,0.27380,0.66775,0.279,0.627,0.29304,0.546,0.29200,0.45582,0.28476,0.39023,0.402,0.253,0.234,0.318,0.349,0.318,0.182,0.127,0.19083
0,1,0,0.99,-0.09524,-1.344,-1.275,-1,-1,1.124,0.31746,0.81349,1.028,-1.267,-0.837,-1,0.998,0.47364,0.575,1,0.935,0.381,-0.758,-1,-1,0.449,0.542,1,0.973,1,0.352,-1,-0.32540,-1,0.489
1,1,0,0.47,-0.003,0.562,0.43204,0.555,-0.257,0.93123,0.16828,1.112,0.087,0.99676,0.05,0.994,0.072,0.84628,-0.214,0.87379,-0.161,0.84871,0.228,0.75081,-0.03641,1.194,-0.02,0.87293,-0.02302,0.98544,0.09385,0.78317,-0.10194,0.683,-0.219
0,1,0,1,-1,0.608,0.913,1,1,1.212,-0.592,1.341,1,1,1,1,1,0.0,0.0,1.341,0.83,0.845,0.987,1,-1,1.135,0.723,1.05,0.62500,1.297,-0.816,-0.75000,1,1.452,1
1,0.611,0.0,1,0.23058,1,-0.78509,1,-0.10401,1,0.2,0.679,0.382,0.552,-0.103,1.333,0.075,1.265,-0.18954,0.83584,-0.15633,0.97400,0.03728,1.354,0.095,1.243,-0.01253,1.403,-0.049,0.91165,0.048,0.671,-0.13722,0.96523,-0.11717
0,1,0.0,0.378,-1,-1,-1.111,-0.07661,1,1,1.283,0.918,-0.38710,-0.954,-0.573,-0.137,0.883,0.444,0.46502,0.31755,-0.27461,-0.212,-0.267,-0.134,0.06895,0.024,0.06639,0.041,-0.013,-0.00403,-0.012,-0.00761,0.00108,0.00015,0.00325
1,1.36,0,0.79847,0.549,0.427,-0.202,0.909,-0.085,0.98151,-0.057,0.414,0.20663,1.363,0.02105,0.98214,0.02487,1,-0.173,0.95663,0.07717,1,0.001,1.012,0.30804,1.163,-0.207,1.291,-0.00394,0.75638,0.07908,1,-0.18750,0.501,-0.035
0,0,0.0,0,0,0,0,0,0.0,0,0.0,0.0,0,1,0.682,1,0.831,1.331,-0.814,0.0,0.0,1,0.571,1.11,-1.271,0.568,0.978,1,0,1,1,0.707,-1,0.0,0
1,1,0.0,1,-0.28428,1,-0.25346,1.134,-0.35094,0.814,-0.30566,1.215,-0.49057,0.90818,-0.27,0.549,-0.626,0.691,-0.332,0.59623,-0.57579,0.68459,-0.531,0.54465,-0.87327,0.274,-0.67,0.233,-0.76054,0.174,-0.78239,0.16604,-0.969,0.202,-0.737
0,1,0.0,0.0,0.0,0,0.0,0,0.0,-0.944,-1,0,0.0,1,-1,0.0,0,-0.894,-1,-1,-1,1,-1.303,-0.60000,-1,0.985,1.029,-1,-0.176,1,-1.48,0.0,1.033,0.0,0
1,1,0.0,1,0.079,0.95455,-0.131,0.533,0,1,0.0,0.95455,0,0.935,0.058,0.90909,-0.04545,1.405,0.0,1,0,0.86364,0.09091,0.508,0.122,1.218,0.025,0.72,0.024,0.95455,0.09091,0.86364,-0.124,0.765,0.04545
0,0.0,0.0,0.0,0.0,-1,1,1,1,-1,-0.894,0,0,-0.675,-0.624,-0.679,-0.293,-0.518,-1,1.4,-1.372,0.693,-1.125,0,0,1,-1.438,-1,-1,0,0.0,1,-1,0.0,0
1,1,0.0,0.852,-0.08824,0.97059,0.17647,1.054,0.08824,0.461,-0.02941,1.011,-0.192,0.97059,0.157,0.549,0.02941,1,0.0,0.994,0.0,0.76471,0.155,0.586,0.02941,0.85294,0.042,0.676,0.028,0.94118,-0.169,0.97059,0.05882,0.91176,0.05882
0,1,0.0,-1,1.136,-1.044,0.139,0.345,1,-1.419,0.713,-1,-0.815,1.326,1.34,-1,-0.23476,0.28301,-1.073,1,0.721,-0.31402,-0.807,-1,-1,1,-1.023,-1.264,-0.036,1,-1,-1,-0.32317,0.14939,0.936
1,1,0.0,0.673,-0.124,0.799,0.019,1.031,0.023,0.978,-0.046,0.68421,0,1.107,0.05028,0.78315,0.05756,1.137,0.47368,1,0.033,0.72550,0.086,0.70301,0.08141,0.42105,0.277,0.65419,0.08968,0.377,-0.114,0.60150,0.104,0.57418,0.09719
0,1,0.0,-0.008,-0.5,0,0.0,-0.013,0.888,0,0,0.0,0,0.0,0.0,0,0,0,0.0,0.313,0.92949,-0.35256,0.816,-0.459,-0.80769,0.0,0,-0.61538,-0.51282,0,0.0,0,0.0,0.0,0.0
1,1,0.0,1,0.322,1,0.54545,0.81818,0.936,1.248,-0.09091,1,0.0,0.81818,-0.538,0.63636,0.23,0.982,-0.488,1,-0.27273,1.051,-0.365,1,0.07750,1.211,-0.09091,1,0.098,1.021,0.36364,1.242,0.63636,0.62,0.177
0,0,0.0,-1,-1,1.186,-1,-1.087,1,0.0,0.0,0.517,-1.059,1.249,-1,0.0,0,0,0.0,0,0,-1,1.012,0.659,-1.485,-1,1,1,1,0,0.0,0.71,0.632,0.0,0
1,1.204,0.0,0.45455,0.09091,0.63636,0.09091,0.384,0.169,0.63636,0.0,0.434,-0.127,0.45455,-0.069,0.48612,-0.01343,0.549,-0.18182,0.45455,0.0,0.36364,-0.115,0.27273,0.18182,0.36364,-0.052,0.416,-0.012,0.192,0,0.286,0,0.418,-0.01832
0,1.29,0,-0.61,-0.688,0,0.0,-1,0.867,-0.87097,1,0.0,0,0.0,0,0,0,0.0,0,0.0,0.0,-1.482,-1,0.0,0,0.29839,0.23387,0.959,0.528,0,0,0.0,0,0.0,0.0
1,0.868,0,1.058,0.14286,1.36,0.71429,0.585,0.531,0.655,-0.148,0.85714,-0.14286,0.781,0.025,0.662,0.0,0.42857,-0.14286,1,0.03617,1.262,-0.361,1,0.0,0.28571,-0.28571,1,0.04891,1,0.076,1,0.319,0.784,0
0,0.0,0,1,1,0.65,-0.884,1,1,0.878,0.903,0.999,0.879,1,-0.589,1,1.129,0.643,-1,0.814,-1,1,1,1,0.978,1,-1.034,1.345,1.305,1,1.194,0.567,1,1,1
1,1,0.0,0.87032,0.46972,0.53945,0.82161,0.091,0.95275,-0.38033,0.499,-0.73939,0.298,-0.636,0.115,-1.049,-0.285,-0.59383,-0.765,-0.24012,-0.556,0.244,-0.406,0.51557,-0.57430,0.482,-0.231,0.882,0.10484,0.601,0.27,0.25974,0.56573,-0.06739,0.57552
0,0,0,1,-1,1,1.032,1.023,-0.742,1,1,0.611,-1,0.873,-1,1.247,-1.037,1,1,1.165,1,0.987,1,1.201,-0.742,1.093,1.411,1.012,1,1,1.497,1.088,0.787,1,-1
1,0.681,0.0,1.093,0.04174,0.491,0.168,0.86098,0.19791,0.83675,0.36526,0.80619,0.425,0.76221,0.331,0.681,0.48360,0.328,0.51752,0.53392,0.52180,0.571,0.54212,0.258,0.55684,0.264,0.458,0.33,0.54214,0.22307,0.53448,0.14312,0.511,0.142,0.36
0,0,0,1,1.07,0.592,-1,1,-1.135,0.938,1,0,0,0.71,-0.66,0,0,0.0,0.0,0.0,0,-1.243,1,1,0.727,0.0,0.0,1,1.147,0,0.0,-1,-0.707,0.0,0
1,1,0.0,0.93537,0.122,1.37,0.269,0.85705,0.331,0.79039,0.47127,0.72352,0.856,0.875,1.097,0.53,0.594,0.251,0.961,0.25539,0.85952,0.13712,0.85615,0.003,1.056,-0.103,0.79780,-0.11,0.78004,-0.33169,0.71454,-0.38532,0.64363,-0.49,0.55835
0,0,0,0.846,-0.591,-1.202,1,-1,1,1.12,0.732,1,1,-1,-1.244,-1,-1,1,1.01,0.74,-0.549,-1.206,-1.201,-1.075,-1.392,1,0,1,-1.177,1,-1.4,-1,0.542,-1.285,1
1,0.745,0.0,0.80627,0.146,0.73061,0.24323,0.666,0.19038,0.337,0.548,0.282,0.233,0.283,0.57308,0.367,0.293,0.15215,0.51877,-0.09808,0.57500,-0.028,0.42885,-0.107,0.64,-0.14943,0.40006,-0.19940,0.34976,-0.357,0.195,-0.26634,0.23896,-0.205,0.31154
0,0,0,0.667,-1,0.8,1,0.67,-1,1,0.744,1.331,-1,1,1.02,1,-1.089,1,-0.847,0.797,0.874,1,1,1.279,-1,1,-0.82,0.556,-1.438,1,1,0.664,-0.699,1,1.268
1,1.47,0.0,1.432,0.13082,0.94120,0.20036,1.09,0.32248,0.89009,0.43,0.85550,0.45217,0.72298,0.52284,0.744,0.544,0.623,0.718,0.48869,0.70398,0.411,0.605,0.35289,1.056,0.381,0.76210,0.16813,0.78541,0.11,0.529,-0.02962,0.811,-0.153,0.74242
0,0,0,0.0,0.0,1,1,0,0.0,1,1.131,0.0,0.0,1,-1.208,0.0,0,0.0,0.0,0,0,0.0,0,0,0,0.0,0.0,1.296,-0.874,0.0,0.0,-1,1,0,0
1,1,0.0,1.187,0.15451,0.86399,0.29757,0.72582,0.36790,1.017,0.56830,0.437,0.573,0.43270,0.45,0.167,0.788,0.19128,0.76818,0.028,0.76171,-0.12064,0.949,-0.203,0.512,-0.29291,0.65708,-0.38798,0.604,-0.46799,0.352,-0.443,0.49,-0.625,0.35095
0,0,0,0.0,0,1.437,1,1,0.867,0.0,0.0,0,0.0,-1,-1,0.0,0.0,-1.039,-1,0.0,0.0,0.0,0,1,1.491,0,0.0,1.202,1,0,0,-1,0.923,0.0,0
1,1,0.0,0.826,0.38138,0.65926,0.69431,0.23,0.87892,-0.06726,0.90135,-0.39597,0.499,-0.64574,0.56502,-0.431,0.168,-1.178,-0.116,-0.318,-0.434,-0.46637,-0.55605,-0.116,-0.64338,0.049,-0.61055,0.3,-0.48392,0.298,-0.29838,0.669,-0.125,0.263,0.12556
0,0,0,1,-0.656,1,1.018,1,1.452,0.645,0.606,1.123,0.714,1,-1,1,1,0.962,1.263,0.873,-1,0.653,-1,1,-1.336,1,-1,0.839,0.624,0.534,-1,1.152,1,1.161,1
1,0.785,0,0.73523,-0.462,0.80151,0.07,1.121,0.218,0.55580,0.05252,0.657,0.21225,0.866,0.28954,0.843,0.4,0.304,0.136,0.906,-0.02845,0.57399,0.42528,0.62,0.44872,0.94530,0.57549,0.44174,0.484,0.127,1,0.35070,0.277,0.367,0.49831
0,0,0,0.0,0,0,0.0,0,0.0,0,0.0,0.0,0.0,0.0,0,0,0.0,0.0,0,0,0.0,0,0,0.0,0.0,0,0.0,1.38,1,0,0.0,0.0,0.0,0,0
1,1,0.0,0.532,0.005,0.941,-0.00260,0.563,0.003,0.576,0.017,1.301,0.03530,0.97213,0.04719,0.98625,0.01858,0.94277,0.041,0.98551,-0.00706,1.181,0.04980,0.96358,0.07098,0.478,0.08101,0.95243,0.054,0.605,0.012,0.97845,0.042,1,-0.003
0,0.0,0,1,1.157,-1,-0.751,-1,-1,0.0,0,0.0,0.0,-1.458,-1,0.0,0.0,0,0.0,0,0,-1,0.683,1,1,0.0,0.0,1.482,-1.064,0.0,0,-1,-0.599,-1,-1
1,1,0.0,0.554,-0.203,0.807,0.021,1.031,0.027,0.68065,0.013,0.206,0.05594,0.69050,0.059,0.68101,0.05058,0.67023,0.05692,0.63403,-0.04662,0.64503,0.06856,0.585,0.064,0.84033,0.214,0.59935,0.059,0.389,0.06760,0.541,0.118,0.54632,0.09346
0,1,0,0.68729,1,0.91973,-0.76087,0.531,0.028,1.082,0.10702,0.86789,0.73746,0.70067,0.171,0.999,0.142,0.93478,-0.245,0.678,0.192,0.64883,0.18,0.531,0.957,1,-0.53846,1.327,0.22216,0.861,0.479,1.384,-0.092,0.56522,0.23913
1,0.852,0.0,1.002,-0.07778,1.113,-0.29630,1,-0.85741,1.114,0.06111,0.45556,-0.395,1,-0.12581,1,-1.065,0.652,0.01852,0.82222,-0.05926,0.98215,-0.19938,0.858,0.262,0.824,-0.195,0.664,-0.258,0.78889,0.026,0.717,-0.27105,1.192,-0.57037
0,1,0,0.38521,0.174,0.41245,0.07393,0.316,0.347,0.276,0.13,0.19455,0.174,0.24514,0.272,0.133,0.287,-0.03891,0.36965,0.046,0.24903,0.24903,0.09728,0.07782,0.193,-0.02494,0.366,-0.056,0.205,-0.218,0.153,-0.09339,0.31128,-0.19066,0.18
1,0.987,0.0,0.57540,-0.046,0.511,-0.06,0.61508,-0.016,0.53968,0.03373,0.61706,0.09921,0.859,-0.023,0.62698,0.01190,0.70833,0.035,0.60317,0.015,0.47817,-0.02778,0.59127,0.035,0.382,0.03968,0.688,-0.006,0.708,-0.13492,0.798,-0.01389,0.702,-0.03175
0,1,0,0.06404,-0.15271,-0.063,0.04,0.102,-0.02,-0.011,0.18719,0.06404,0,0.12315,-0.09852,0.077,0,0.016,-0.036,-0.12808,-0.20690,0.099,0.01478,0.039,0.02956,0.04,0.125,0.28079,-0.041,-0.05911,-0.085,0.03,0.056,0.109,-0.10837
1,1,0.0,0.61857,0.10850,0.423,-0.04,0.562,0.01678,0.74273,0.003,0.71029,0.15772,0.563,-0.00224,0.419,0.06600,1.172,-0.109,0.754,-0.09060,0.62528,-0.008,0.67,0.155,0.447,-0.109,0.69845,-0.01673,0.63311,0.042,0.78859,-0.05145,0.551,-0.04698
0,1,0.0,0.312,0.224,0.0,0,-0.428,-0.875,0.0,0.0,0.07595,-0.07342,0,0.0,0,0,0,0.0,0,0,0.00759,0.637,-0.281,0.268,-0.10380,0.246,0.05570,-0.867,0,0.0,0.06329,-1.368,0,0
1,1,0.0,1.103,-0.00857,1.01,-0.036,0.652,-0.019,1.019,-0.12755,0.694,-0.10932,0.88853,0.01179,1.222,-0.13719,0.508,-0.087,0.90782,-0.016,1.208,-0.14577,0.82851,-0.12433,0.90139,-0.19507,0.88245,-0.14903,0.84352,-0.085,0.88424,-0.166,0.86,-0.242
0,1,0,0.42708,-0.521,0.0,0.0,0,0.0,0.46458,0.522,0.58958,0.021,0,0.0,0.0,0.0,0.086,-0.498,0.59167,-0.18333,0,0,0.0,0,0.981,-0.40833,-1,-1.279,-0.278,-0.382,0.0,0,0,0
1,1,0,0.637,0.01631,0.838,0.01305,0.965,0.018,1.013,-0.129,0.90103,-0.053,0.93040,-0.01033,0.943,-0.078,0.86025,-0.067,0.89451,-0.029,0.88418,-0.12126,0.88907,-0.096,0.899,-0.196,0.86453,-0.127,0.801,-0.13051,0.83524,-0.12452,0.708,-0.12235
0,0.878,0,0.0,0,1,0.183,0.666,-0.011,0,0.0,1,-0.478,1.315,0.19556,1,-0.05333,1,-1.166,0.0,0.0,1,-0.04000,1.346,-0.18667,0,0,1,-1,0.0,0.0,1.35,0.155,1.208,-0.09556
1,1,0,0.809,0.03714,0.85143,-0.001,0.79000,0.008,0.79571,-0.028,0.595,0,0.939,-0.092,0.482,0.003,0.82857,-0.05429,0.81000,-0.144,1.13,-0.08429,0.556,-0.051,0.77000,-0.046,1.013,-0.08669,1.096,-0.10429,0.81429,-0.05000,0.82143,-0.107
0,1,0,0.0,0,0.0,0,0.0,0.0,0,0,0,0.0,-1,0.842,1.331,0.653,0.0,0,0.0,0.0,0.0,0.0,0,0,0,0.0,1,1,0,0.0,0,0,0.0,0.0
1,1.192,0.0,0.741,0.01818,0.473,-0.077,0.50649,-0.04156,0.50130,0.09610,0.44675,0.05974,0.565,-0.129,0.51688,-0.021,0.52727,-0.077,0.586,-0.01039,0.48571,-0.03377,0.254,-0.008,0.59221,0,0.789,-0.022,0.43117,0.042,0.54545,-0.05455,0.699,-0.109
0,0.0,0.0,0,0,0.0,0.0,0,0,0.0,0,0,0.0,0,0.0,0,0,0.0,0,0.0,0.0,0.0,0,0,0.0,0.0,0.0,1,-1.204,0,0,0.0,0,0.0,0
1,1,0.0,1,0.5,1,0.322,0.256,1,0.217,0.735,-0.13336,0.545,-0.208,0.475,-0.43820,0.37856,-0.343,0.193,-0.493,0.00678,-0.26477,-0.09025,-0.16178,-0.164,-0.07782,-0.189,-0.02089,-0.10242,0.01033,-0.07036,0.024,-0.027,0.023,-0.025
0,0.784,0,0.0,0.0,0,0.0,1,1.36,-1,-1,0.0,0,1.262,-0.098,0.0,0,0,0.0,-0.868,0.585,1,1.129,1,-0.999,0,0.0,1,-1,0.0,0,0,0.0,1,1
1,1,0,0.87048,0.38027,0.641,0.563,0.21,0.804,-0.03933,0.939,-0.42173,0.776,-0.669,0.616,-0.81049,0.22735,-1.059,-0.085,-0.438,-0.38102,-0.38334,-0.62861,-0.13013,-0.70762,0.137,-0.427,0.227,-0.51568,0.52573,-0.264,0.56239,-0.034,0.465,0.16645
0,0.689,0,0,0.0,0,0,0.0,0.0,-1.037,0.873,0,0,1.411,0.193,-0.113,-0.12000,0.0,0,-0.742,-0.69,0,0,1,-1.208,0,0.0,1,0.158,0,0,0.0,0,0.0,0
1,1.201,0,0.88179,0.445,0.615,0.77655,0.12,1.101,-0.19,0.92544,-0.62526,0.721,-0.642,0.366,-0.715,-0.05338,-0.77356,-0.441,-0.288,-0.73285,-0.10237,-1.231,0.26384,-0.826,0.55984,-0.611,0.394,-0.299,0.72478,0.09599,0.58137,0.38915,0.34749,0.57656
1,1,0.0,0.32834,0.03,0.15236,0.21278,0.153,0.872,-0.25706,0.92324,-0.15,0.219,-0.61352,0.25786,-0.94053,-0.033,-0.123,-0.14329,-0.315,-0.507,-0.121,-0.85597,0.033,-0.22786,0.27942,-0.051,0.268,-0.11876,0.296,-0.11409,0.083,0.09,0.12197,0.20468
1,1,0.0,0.83427,0.525,0.356,0.78579,0.1,0.635,-0.33221,0.83578,-0.415,0.59564,-0.86622,0.159,-0.84442,-0.324,-0.56,-0.838,-0.19354,-0.749,0.1,-0.89064,0.51109,-0.72454,0.94,-0.27734,0.586,0.08718,0.827,0.49079,0.191,0.534,-0.03983,0.79444
1,1,0.0,0.644,-0.03,0.59085,0.006,0.63,-0.055,0.331,0.00963,0.672,-0.07461,0.67028,0.07220,0.62936,-0.08424,0.67509,0.09146,0.405,0,0.842,0.10108,0.50060,0.046,0.796,0.14079,0.60463,0.028,0.51384,0.029,0.654,-0.014,0.551,-0.09146
1,1,0.0,0.74449,-0.02390,0.70772,0.03309,0.72243,0.16912,0.79228,0.07721,0.979,0.43934,0.751,0.00551,0.355,0.186,1.201,0.036,0.61029,0.064,0.681,0.04228,0.52022,-0.36,0.401,-0.15809,0.61727,0.052,0.254,0.104,0.626,0.104,0.839,0.21691
1,1,0,0.49,0.206,0.583,0.022,0.707,0.02647,0.43,-0.116,0.77538,0.08000,0.73961,0.05060,0.57,0.05776,0.68615,-0.078,0.61692,0.121,0.675,0.07573,0.63878,0.051,0.60154,-0.108,0.58803,0.128,0.567,0.25692,0.376,0.09207,0.574,0.09322
1,0.8,0.0,0.68317,0.036,0.79,0.00202,1.069,0.00301,1.177,0.142,0.75813,0.04102,0.81892,0.00585,0.80738,0.009,0.538,-0.087,0.77935,-0.03,0.76365,0.00909,0.74635,0.00978,0.79632,-0.04243,0.394,0.015,0.414,0.11598,0.994,0.01190,0.528,0.015
1,0.657,0.0,0.605,0.0,0.38696,0.153,0.49130,0.096,0.316,-0.056,0.35652,-0.12609,0.45652,0.044,0.537,0.016,0.35652,0.19565,0.42174,0.137,0.374,-0.02609,0.281,-0.11304,0.47391,-0.009,0.41789,0.074,0.38696,0.03913,0.35217,0.14783,0.655,0.17391
1,1,0.0,0.965,0.09417,0.78129,0.20656,0.751,0.195,0.784,0.259,0.65917,0.352,0.57898,0.522,0.497,0.58445,0.426,0.67861,0.401,0.63548,0.09599,0.667,0.029,1.041,-0.08748,0.63183,-0.109,0.60696,-0.18226,0.726,-0.328,0.51701,-0.27339,0.42467
1,1,0.0,1,0.07,1,0.279,0.98390,0.33044,0.80365,0.731,0.901,0.725,0.702,0.71942,0.644,0.439,0.261,1.226,0.21137,0.665,0.108,0.82162,-0.01734,0.79870,-0.15144,0.78,-0.22839,0.69187,-0.167,0.669,-0.40291,0.329,-0.42815,0.44534
1,1,0,0.89410,0.13425,0.803,0.4,0.684,0.548,0.63388,0.43,0.384,0.71016,0.57,0.76161,0.24266,1.011,0.09134,0.79598,-0.09159,0.477,-0.127,0.66926,-0.30263,0.827,-0.40552,0.753,-0.46215,0.575,-0.259,0.27252,-0.549,0.151,-0.509,0.05972
1,1,0.0,0.587,0.17498,0.90946,0.319,0.85096,0.254,0.73678,0.895,0.59215,0.482,0.48698,0.521,0.30459,0.638,0.116,0.93429,-0.007,0.497,-0.283,0.89383,-0.277,0.82492,-0.433,1.087,-0.58563,0.66335,-0.344,0.52564,-0.75321,0.293,-0.81210,0.26092
1,1.152,0.0,0.603,0.18198,0.86090,0.436,0.72873,0.3,0.528,0.69865,0.513,0.74922,0.36100,0.81795,0.098,0.83558,0.00396,0.516,-0.16390,0.556,-0.35996,0.76193,-0.24,0.759,-0.772,0.53886,-0.733,0.46,-0.64511,0.345,-0.65710,0.13667,-0.64056,0.063
1,0.876,0.0,0.92,0.301,0.63935,0.22,0.48409,0.52500,0.15000,0.22273,0.093,0.842,-0.093,0.615,0.0,0.475,-0.27491,0.42014,-0.56136,0.36818,-0.36591,0.268,-0.571,0.07588,-0.391,-0.03229,-0.33942,-0.12486,-0.27540,-0.155,-0.19962,-0.194,-0.12,-0.27218
1,1.168,0.0,0.58940,-0.362,0.85430,0.55298,0.81126,0.105,0.754,0.16225,0.32781,0.24172,0.50331,0.17,0.63907,0.19868,0.962,0.42715,0.54305,0.13907,0.65232,0.405,0.428,0.079,0.299,0.174,0.337,0.38,0.46216,0.28574,0.409,0.368,0.585,0.29942
1,1,0.0,0.968,0.082,0.968,-0.12144,0.81594,0.054,0.669,0.01139,0.422,-0.094,0.396,0.145,0.58634,0.049,0.549,-0.018,0.416,0.16888,0.72676,0.07211,0.32068,0.035,0.53321,0.37381,0.49090,0.17951,0.15180,0.399,0.44141,0.18897,0.32,0.15180
1,1.064,0.0,0.926,0.04,0.80562,-0.02299,0.77031,-0.03299,0.91,-0.097,0.59582,-0.07666,0.796,-0.05771,0.66,-0.044,0.497,0.04530,0.71254,0.009,0.55970,-0.08039,0.792,-0.06,0.637,-0.22822,0.48659,-0.09128,0.548,-0.08537,0.382,-0.09621,0.42223,-0.057
1,1.019,0,1,0.113,1.092,-0.006,0.96683,-0.00722,1.277,-0.03923,1,0.013,1.254,-0.017,1.054,-0.01671,1.184,0.01002,0.651,-0.08848,0.617,-0.035,1.17,-0.025,0.98164,0.02003,0.93772,-0.03034,1,-0.05843,0.92774,-0.032,0.797,-0.03673
1,1,0.0,0.47938,-0.109,0.592,-0.12371,0.70103,-0.405,0.73196,0.069,0.374,-0.21649,0.49485,0.137,0.45361,-0.116,0.42268,0.074,0.32,-0.27320,0.54639,0.18557,0.556,0.08247,0.70619,0.19588,0.561,-0.127,0.114,-0.26289,0.574,0.038,0.425,-0.51546
1,1,0,0.751,-0.04388,0.852,0.02968,0.479,0.36028,0.471,-0.006,0.923,0.082,0.79446,-0.37,0.72517,0.701,0.783,0.155,0.63510,0.305,0.718,-0.25404,0.70951,0.15359,0.64665,0.275,0.68775,0.17704,0.61663,0.091,0.544,0.19841,0.88,0.36721
1,0.915,0.0,0.313,-0.033,0.786,0.01348,0.434,0.01,0.58876,0.026,0.983,-0.005,0.846,-0.04719,0.66517,0.01,0.394,0.02472,0.64719,-0.07416,0.561,0.14157,0.57528,-0.03596,0.679,0.04944,0.84,0.00824,0.47640,-0.03596,0.54607,0.10562,0.758,-0.08090
1,0.946,0,0.803,-0.003,0.66667,-0.04207,0.63107,-0.051,0.77994,0.08091,0.67314,0.132,0.533,0.15858,0.46,-0.01942,0.774,-0.04531,0.315,-0.103,0.609,0.166,0.266,0.21683,0.264,-0.05502,0.45105,0.00040,0.31392,-0.078,0.49191,-0.155,0.30421,-0.052
1,0.907,0,0.68148,0.10370,1.138,0.027,0.65185,0.08148,0.60988,-0.006,0.79012,0.095,0.459,0.04,0.449,0.09630,0.78272,-0.201,0.73827,-0.156,0.404,0.00988,0.67,0.08148,0.66667,-0.12840,0.63773,-0.032,0.76543,0.012,0.415,-0.079,0.619,-0.04691
1,1,0,0.38,-0.038,0.567,0.056,0.52881,-0.04407,0.50508,0.052,0.37,-0.07797,0.838,-0.027,0.303,0.047,0.64068,0.165,0.56949,-0.02373,0.464,0.004,0.71525,-0.03390,0.296,-0.03390,0.442,0.00750,0.58644,-0.002,0.58983,-0.02712,0.445,0.06780
1,0.795,0.0,0.334,0.109,0.42,0.05825,0.34951,0,0.769,-0.023,0.816,0.019,0.33495,0.046,0.52427,0.003,0.44,-0.10680,0.621,0.00485,0.34951,0.05825,0.18932,0.25728,0.31068,-0.186,0.36547,0.03815,0.39320,0.153,0.136,0,0.307,-0.01942
1,1,0.0,0.98822,0.029,0.93102,0.34100,0.83904,0.315,0.936,0.645,0.73584,0.359,0.374,0.60179,0.43130,0.757,0.436,0.70443,0.207,0.68873,0.07515,0.943,0.069,0.416,-0.11,0.364,-0.16556,0.60510,-0.173,0.471,-0.34717,0.44195,-0.33483,0.37465
1,1,0.0,0.97905,0.15810,0.727,0.386,0.766,0.48561,0.71760,0.64888,0.596,0.372,0.535,0.85,0.25140,1.203,0.04700,0.616,-0.12193,0.79749,-0.26180,0.843,-0.37835,1.032,-0.51034,0.58,-0.57587,0.46040,-0.633,0.30796,-0.469,0.191,-0.64134,0.036
1,0.871,0,1.07,0.21677,0.91966,0.47030,0.72,0.789,0.578,0.78120,0.493,0.551,0.10107,1.096,-0.06827,0.978,-0.23,0.72073,-0.625,0.61688,-0.508,0.345,-0.65000,0.44,-0.64658,0.215,-0.924,0.02277,-0.64872,-0.13462,-0.54615,-0.261,-0.47201,-0.35032
1,1,0.0,0.94331,0.19959,0.724,0.40803,0.80514,0.56569,0.629,0.461,0.494,0.83230,0.14939,1.007,0.05167,0.93682,-0.217,0.83939,-0.42811,0.75554,-0.28,0.823,-0.65515,0.481,-0.918,0.21,-0.907,0.085,-0.75406,-0.04399,-0.668,-0.241,-0.471,-0.34367
1,1,0.0,1.382,0.187,0.80486,0.52821,0.58167,0.518,0.436,0.80511,0.143,0.90403,-0.20015,0.943,-0.39730,1.094,-0.58835,0.626,-0.76305,0.446,-0.536,0.18888,-0.81317,-0.059,-0.769,-0.26883,-0.532,-0.51,-0.46422,-0.61446,-0.26389,-0.858,-0.111,-0.71273
1,1,0,0.89835,0.382,0.59,0.322,0.555,0.94353,-0.028,0.931,-0.29,0.75334,-0.25137,0.578,-0.57377,0.242,-0.66750,0.10591,-0.47359,-0.044,-0.648,-0.06011,-0.33197,-0.47592,-0.12897,-0.311,0.072,-0.51925,0.24321,-0.427,0.238,-0.446,0.544,0.13297
1,0.659,0.0,0.29073,0.10025,0.23308,0.17293,0.03759,0.413,0.127,0.207,0.06266,0.21303,-0.04725,0.12767,-0.076,0.087,-0.079,0.04097,-0.065,0.012,-0.04166,-0.004,-0.031,-0.017,-0.01755,-0.01505,-0.005,-0.019,-0.00280,-0.01250,0.00096,-0.011,0.002,-0.00647
1,1,0,0.815,-0.271,0.571,0.35338,0.75376,-0.00564,0.809,0.19361,0.353,-0.27632,0.65977,0.06391,0.69737,0.14662,1.018,-0.287,0.76128,0.043,0.66917,0.125,1.222,-0.419,0.961,-0.063,0.56836,-0.097,0.426,-0.13346,0.145,-0.12218,0.44767,-0.084
1,0.786,0,0.835,0.137,0.472,0.064,0.848,0.08315,0.187,0.12961,0.43837,0.20330,0.327,0.16,0.44747,0.13507,0.172,0.037,0.418,0.15756,0.32835,0.14616,0.381,0.169,0.26436,0.14530,0.318,0.14314,0.26429,0.126,0.18767,0.13632,0.16655,0.089
1,1,0,0.94080,0.135,0.85738,0.01038,1.145,0.01546,0.76966,-0.004,0.762,0.10916,0.732,0.04,0.82680,0.034,0.74838,0.011,0.80019,0.02405,0.80862,0.04901,0.455,0.05352,0.77336,0.02,1.165,0.074,0.44,0.126,0.685,0.053,0.678,0.07508
1,1,0.0,0.6,0.04326,0.79946,0.18297,0.643,0.374,0.89455,-0.08337,0.503,-0.013,1.03,-0.254,0.83,0.19964,1.071,-0.04642,0.566,-0.00991,0.796,-0.34024,0.465,-0.25101,0.896,-0.062,0.85967,-0.029,0.406,-0.04101,0.75935,0.21812,0.88238,0.09193
1,1.247,0.0,0.74916,0.02549,0.98994,0.073,0.75855,0.121,0.517,-0.09188,0.97,0.028,1.015,-0.00469,0.96110,0.10195,0.91482,0.033,0.71026,0.02,0.81221,-0.08048,1.295,0.0,0.71764,-0.017,0.82271,0.026,0.72435,-0.012,0.463,0.11066,0.875,0.02750
1,0.606,0.0,0.47337,0.19527,0.06213,-0.18343,0.62316,0.01006,0.498,-0.027,0.578,0.014,0.44675,0.293,0.732,-0.03846,0.55621,0.123,0.438,0.071,0.574,0.033,0.51183,-0.10651,0.371,-0.02367,0.46514,0.03259,0.292,0.25148,0.31953,-0.217,0.424,-0.00296
1,1,0.0,0.59887,0.14689,0.824,-0.149,0.85122,-0.13936,0.80979,0.02,0.50471,0.035,0.632,-0.03,0.80791,-0.13748,0.408,-0.135,0.81544,-0.14313,0.511,-0.00377,0.33333,0.07,0.815,-0.226,0.61444,-0.191,0.52731,-0.011,0.618,-0.325,0.67420,-0.22034
1,1.427,0,0.723,-0.03397,0.697,-0.099,0.81953,0.0,0.523,-0.07643,0.71975,-0.13588,0.74947,-0.11677,0.77495,-0.18684,0.552,-0.252,0.77,-0.053,0.641,-0.213,0.89384,-0.036,0.84926,-0.364,0.565,-0.23312,0.66242,-0.299,0.72611,-0.37792,0.65817,-0.333
1,1,0.0,1.059,-0.08152,0.83424,0.07337,0.761,0.04076,0.77174,-0.032,0.77174,-0.048,0.82337,-0.057,0.708,-0.003,0.88043,-0.216,0.982,0.02,0.86413,-0.05978,1.169,-0.183,0.85054,-0.18750,1.224,-0.10211,0.85870,-0.03261,1.009,-0.117,0.886,-0.00543
1,1,0,0.589,-0.083,0.543,0.093,0.825,0.048,0.69565,-0.11067,0.803,-0.342,0.87945,-0.19170,0.73715,0.058,0.542,-0.00395,0.63636,-0.122,0.79249,-0.25296,0.546,-0.413,0.935,-0.126,0.61847,-0.088,0.60079,-0.20949,0.37549,0.086,0.61067,-0.01383
1,1.497,0,0.46785,0.11308,0.516,0.00665,0.55432,0.083,0.316,-0.13969,0.678,0.01330,0.355,-0.16186,0.506,-0.027,0.54545,-0.095,0.52993,-0.042,0.318,-0.145,0.50776,-0.147,0.41463,-0.161,0.53930,-0.11455,0.671,-0.02882,0.44,-0.11752,0.574,-0.04435
1,1,0,0.88116,0.27475,1.037,0.599,0.61559,0.63662,0.38825,1.111,0.129,1.28,-0.295,0.598,-0.25,0.77500,-0.552,0.928,-0.822,0.45535,-0.81856,0.127,-1.064,-0.08079,-0.78334,-0.26356,-0.718,-0.45511,-0.51,-0.60858,-0.30512,-0.946,-0.18,-0.75597
1,1,0.0,0.94,0.29282,0.933,0.55756,0.59952,1.015,0.26203,0.92651,0.04636,0.96748,-0.25,1.151,-0.55926,1.185,-0.73329,0.62385,-0.842,0.36200,-0.621,0.064,-0.615,-0.19838,-0.83192,-0.41,-0.65165,-0.69556,-0.259,-1.26,-0.195,-0.93953,0.089,-1.146
1,1,0.0,0.612,0.30634,0.993,0.57816,0.34109,0.614,0.074,1,-0.09238,0.92118,-0.62403,0.658,-1.005,0.229,-0.81422,0.354,-1.202,-0.00775,-0.974,-0.528,-0.463,-0.45478,-0.57242,-0.67605,-0.31,-0.81876,-0.02979,-1.108,0.279,-0.82127,0.00194,-0.429
1,1,0,0.83479,0.367,0.41,0.47702,0.49234,0.758,0.244,0.86761,-0.084,0.877,-0.315,0.77681,-0.634,0.68,-0.535,0.224,-0.632,0.03939,-1.062,-0.15317,-0.58315,-0.39168,-0.37199,-0.52954,-0.234,-0.60863,0.073,-0.386,0.25164,-0.48468,0.292,-0.35339
1,0.508,0.0,1.181,0.33164,0.751,0.58,0.49305,0.878,0.199,1.201,-0.13956,0.96167,-0.704,0.659,-0.70747,0.923,-0.545,0.36750,-0.91814,0.05595,-0.89824,-0.26173,-0.52,-0.54069,-0.50757,-0.74735,-0.14,-0.86122,0.103,-0.87159,0.36021,-0.555,0.59407,-0.31
1,1,0,0.544,0.168,0.65541,0.555,0.34962,0.70677,0.218,1.055,-0.276,0.79886,-0.217,0.66541,-0.442,0.47744,-0.627,0.099,-0.498,-0.04887,-0.62030,-0.28195,-0.49165,-0.8,-0.26577,-0.66014,-0.01530,-0.69706,0.138,-0.4,0.43100,-0.447,0.919,-0.421
1,1,0.0,0.98455,-0.019,0.98058,-0.042,0.714,-0.05,0.604,0.01456,0.95278,-0.02604,1.207,-0.07458,0.99382,-0.082,0.765,-0.09532,0.97264,-0.076,1.159,-0.05252,0.625,-0.09,0.97352,-0.101,0.96653,-0.12912,0.93469,-0.168,0.97132,-0.16,1.124,-0.18800
1,1,0.0,1.33,-0.015,0.94170,0.009,0.94994,-0.01472,0.95878,-0.015,1.36,-0.03710,0.767,-0.01767,0.85,-0.03887,1.317,-0.049,0.95230,-0.067,0.94229,-0.026,0.92815,-0.04417,0.92049,-0.063,0.92695,-0.034,0.90342,-0.07479,1.104,-0.103,0.994,-0.07420
1,1,0,1.217,-0.14384,0.91324,-0.00228,0.96575,-0.099,1.354,0.18265,0.91781,0.003,0.93607,-0.05,0.52,-0.003,0.856,-0.08676,1.192,-0.119,1,0.10274,0.865,-0.075,1.231,0.041,0.615,-0.064,0.97032,-0.20091,0.85388,-0.08676,0.6,-0.21918
1,1,0.0,0.766,-0.017,0.94915,0.08475,0.379,-0.16949,0.315,-0.01695,0.50847,-0.13559,0.64407,0.279,0.961,-0.204,0.407,0.01695,0.55932,0.035,0.729,0.30508,0.86441,0.03,0.515,0.15254,0.67287,-0.004,0.66102,-0.041,0.83051,-0.147,0.457,-0.10169
1,1,0,0.33333,-0.273,0.426,0.22222,0.231,0.144,0.458,0.12,0.525,-0.165,0.584,-0.1,0.58333,0.33333,0.752,0.02778,0.25000,-0.19444,0.47222,-0.05556,0.52778,-0.02778,0.457,0.056,0.294,-0.148,0.19444,-0.167,0.503,-0.14809,0.08333,-0.5
1,1,0,0.51207,1.019,1,0.652,0.66,0.913,0.662,0.605,0.391,1.422,0.263,1.384,-0.111,1,-0.33081,0.98722,-0.61382,1,-0.52674,0.71699,-0.88500,0.47894,-1.034,0.498,-0.714,0.142,-1,-0.109,-1,-0.42226,-0.817,-0.65557
1,0.959,0,0.75564,0.365,0.83550,0.719,0.54916,0.72063,0.419,0.70792,0.126,0.874,-0.071,0.93778,-0.37604,0.82223,-0.52742,0.71161,-0.718,0.6,-0.781,0.244,-0.79147,0.022,-0.849,-0.383,-0.70352,-0.32792,-0.755,-0.19185,-0.34131,-0.496,-0.201,-0.62956
1,1,0,0.83789,0.42904,0.72113,0.573,0.356,1.15,0.153,0.82732,-0.13012,1.249,-0.607,0.669,-0.59435,0.52070,-0.88,0.26529,-0.954,0.047,-0.734,-0.392,-0.66,-0.48905,-0.479,-0.67796,-0.064,-0.62691,0.14690,-0.681,0.473,-0.39167,0.48319,-0.24313
1,1.123,0.0,1.074,0.35107,0.575,0.648,0.45571,0.88576,0.113,0.95776,-0.21775,0.96301,-0.56535,0.42,-0.777,0.58045,-1.214,0.26020,-0.584,-0.06418,-0.903,-0.40949,-0.65079,-0.67464,-0.237,-0.583,-0.04578,-0.835,0.323,-0.85762,0.801,-0.698,0.74828,-0.44173
1,0.68,0,0.92436,0.248,0.593,0.768,0.29303,0.94078,-0.092,0.694,-0.353,0.92453,-0.968,0.78766,-0.944,0.216,-0.94315,0.117,-1.358,0.03191,-0.66431,-0.66278,-0.435,-0.735,-0.13486,-0.88082,0.19765,-1.212,0.48904,-0.539,0.69886,-0.555,0.76066,-0.13194
1,1,0.0,1.44,0.129,0.81,-0.05558,1,0.01373,1.099,-0.12352,1.394,-0.01511,1.308,-0.01731,1.477,-0.06374,0.771,-0.079,1.144,0.051,1,-0.142,1,-0.02685,1,-0.22978,0.719,-0.06823,1,0.056,0.561,-0.14194,0.787,-0.07439
1,1,0.0,0.95559,-0.001,0.749,-0.186,0.94982,-0.00461,0.699,-0.51171,0.92441,0.059,1,-0.14247,0.816,-0.02542,0.95853,-0.093,0.441,0.491,1,-0.16321,0.87492,-0.08495,0.591,-0.022,1.216,-0.01769,0.731,-0.01867,0.53,-0.015,1.037,-0.02039
1,1,0.0,1.111,0.264,0.908,0.52312,0.41319,0.68158,0.14177,0.83548,-0.114,0.535,-0.42911,0.678,-0.57165,0.41471,-0.66,0.16755,-0.362,-0.093,-0.649,-0.23503,-0.584,-0.473,-0.17437,-0.52540,0.021,-0.48707,0.119,-0.38059,0.418,-0.23199,0.323,-0.08036
1,1,0.0,0.514,0.35232,0.499,0.94,0.34816,0.79784,0.05832,0.90842,-0.296,1.107,-0.716,0.744,-0.77106,0.566,-0.85803,0.08408,-0.412,-0.24017,-0.851,-0.50022,-0.39766,-0.454,-0.122,-0.75533,0.17041,-0.495,0.213,-0.57649,0.56626,-0.383,0.681,-0.13305
1,1.326,0,0.89589,0.39286,0.477,0.585,0.293,0.90824,-0.04787,1.15,-0.613,0.79,-1.102,0.58511,-0.92819,0.25133,-0.92282,-0.15315,-0.693,-0.345,-0.50931,-0.76197,-0.12,-0.951,0.21581,-0.894,0.53229,-0.702,0.946,-0.416,0.843,-0.07029,0.76862,0.27926
1,1.126,0.0,1.096,-0.24051,1.429,-0.145,0.833,-0.126,1.165,0.01266,0.878,0.158,1.025,0.06329,0.84810,-0.03797,0.854,-0.32,0.87342,-0.01266,0.93671,0.06329,0.936,0.25316,0.387,-0.37975,0.458,-0.05540,1,-0.06329,0.576,0.02532,0.83544,-0.02532
1,1,0.0,0.883,0.00840,0.549,0.01659,0.581,0.02469,0.86555,0.01681,0.393,0.069,1.123,0.04731,0.583,0.05407,0.431,0.257,1.12,0.037,0.71285,0.07122,0.906,0.07577,0.66387,0.115,0.63728,0.08296,0.826,0.009,0.58187,0.06,0.55330,0.08891
1,1.47,0.0,0.85013,0.015,0.92211,0.01456,0.972,0.02180,1.152,0.08010,1.061,0.11370,0.91161,0.031,0.90738,0.05018,0.858,0.035,0.95866,0,0.76,0.094,0.88430,0.085,0.544,0.10853,0.86923,0.08950,1.012,0.08786,0.85198,0.081,0.997,0.118
1,1,0,1.264,-0.01179,1.268,-0.003,0.659,-0.01565,1,-0.017,0.876,-0.02809,1,-0.011,0.99828,-0.024,0.99528,-0.035,0.99314,-0.03452,1,-0.049,1.012,-0.06,0.71,-0.029,0.99842,-0.05527,1.281,-0.06304,1.471,-0.081,0.98971,-0.06668
1,1,0,0.89505,-0.018,0.87525,0.039,0.89505,0.01,0.92871,0.016,0.91287,-0.00990,0.875,-0.01584,0.91881,0.037,1.011,0.0,0.741,0.017,0.90495,0.00792,0.88713,-0.01782,1.323,0.03,0.89002,0.023,1.117,0.002,1.041,0.04158,0.86733,0.02
1,1,0.0,0.90071,0.015,1,-0.012,1.211,0.00709,0.84752,0.05674,1,0.03546,1.233,0.01064,0.97518,0.046,0.919,-0.047,0.89716,-0.046,0.86170,0.048,1,0.09220,0.90071,0.04610,1.215,0.033,0.929,0.017,0.959,0.009,1.305,0.02128
1,1,0,0.342,-0.24242,0.321,0.01270,0.45455,0.071,0.866,0.09091,0.166,-0.21212,0.598,0.223,0.497,0,0.561,0.027,0.404,0.03030,0.994,0.18182,0.321,-0.175,0.48526,0.039,0.345,0.06142,0.33333,-0.03030,0.41856,0.042,0.39394,0.24242
1,1,0.0,0.511,0.35950,0.72014,0.372,0.5,0.83049,0.08646,0.754,-0.137,0.777,-0.336,0.67577,-0.68714,0.542,-0.77019,0.088,-0.69397,-0.13652,-0.484,-0.42207,-0.325,-0.57679,-0.02844,-0.528,0.15360,-0.53127,0.365,-0.37088,0.438,-0.235,0.40956,0.016
1,1,0,0.89563,0.392,0.67311,0.611,0.35916,0.88696,-0.04193,0.626,-0.496,0.687,-0.345,0.62078,-0.82680,0.30356,-0.981,-0.028,-0.683,-0.34275,-0.51778,-0.423,-0.23428,-0.509,0.088,-0.419,0.33531,-0.43,0.52414,-0.395,0.426,-0.21,0.60073,0.08660
1,1,0.0,0.672,0.41113,0.65354,0.74761,0.306,0.95905,-0.16,0.854,-0.52236,0.83263,-0.79657,0.55086,-1.447,0.166,-0.93001,-0.265,-0.822,-0.59379,-0.484,-0.862,-0.029,-0.573,0.453,-0.85368,0.67538,-0.639,0.85977,-0.209,0.875,0.09800,0.75495,0.46301
1,1.088,0,1,0.606,0.36700,0.06158,0.12993,0.769,-0.338,0.724,-0.31527,0.37685,-0.711,0.36946,-0.92857,-0.049,-0.212,-0.42,-0.46552,-0.82512,-0.05419,-0.93596,0.157,-0.216,0.73792,-0.45950,0.673,-0.071,1.022,0.793,0.456,0.003,0.17758,0.79790
1,1,0.0,1,0.51515,0.45455,0.382,0.088,0.413,-0.32104,0.908,-0.269,0.32,-0.293,0,-0.65,-0.12121,-0.33333,-0.48485,-0.123,-0.908,0.48485,-0.57576,0.392,-0.309,1,-0.465,0.72961,0.12331,0.685,0.57576,0.185,0.36364,0.09091,0.313
1,1,0.0,1.288,0,1.126,-0.02744,1.303,-0.01220,1.211,0.016,0.90244,0.012,0.93902,0.011,0.998,0.00305,1,0.02744,1.345,-0.01220,0.90854,0.02,0.741,0.074,0.601,0.04878,0.951,0.016,0.90854,0.005,1,0.05488,0.97561,-0.01220
1,1,0,0.82624,0.096,1.101,-0.08156,0.669,-0.01773,0.834,0.006,0.80142,0.099,0.94681,-0.00709,1.138,0,0.682,0.204,0.95035,-0.004,0.91489,0.00709,0.968,0.038,0.771,0.15957,0.89527,0.088,0.77660,0.099,0.92553,0.232,1.296,0
1,1,0.0,0.74468,0.11,0.88706,0.007,0.88542,0.01471,0.989,-0.011,0.73050,0.132,0.87657,0.02912,0.548,0.03382,0.95745,0.07801,1.065,0.037,0.43,0.069,0.775,0.05178,0.87234,0.11348,0.686,0.06014,0.894,-0.053,0.54,0.06800,0.80774,0.103
1,1,0.0,1.11,0.041,0.717,0.00343,0.89210,0.00510,0.86335,0,0.529,0.05,0.87021,0.00994,0.642,0.01151,0.83851,-0.075,0.703,0.018,0.84182,0.01603,0.668,0.012,0.79503,-0.058,1.05,0.02033,0.573,0.076,0.541,0.02308,0.80088,0.02441
1,1,0.0,0.97513,0.005,1.029,0.01954,1,0.01954,1.46,0.017,0.95737,0.03,1.356,0.05,0.93,0.03730,0.97869,0.02,0.835,0.05684,0.863,0.07,0.94494,0.05506,0.98401,0.03552,1.455,0.08,1.364,0.08171,0.99112,0.067,0.98934,0.09947
1,1.463,0,1.009,0.01105,1,0.009,1.131,0.03,0.99448,-0.021,0.99448,-0.002,0.618,0.02320,0.674,0.009,0.97569,0.00773,1.183,0.01657,1.186,0.00663,1.146,0.02099,0.97127,-0.004,0.98033,0.01600,0.97901,0.016,0.861,0.02099,1.398,0.02762
1,0.526,0,1.233,-0.01342,1,0.019,1.097,-0.00224,0.914,0.06264,0.97763,0.046,0.578,0.02908,0.703,0.06488,1.34,0.03356,1,0.046,1.109,0.09396,0.95749,0.072,1,0.10067,1.286,0.102,0.587,0.08501,1.441,0.072,1,0.10067
1,1,0,0.88420,0.318,0.481,0.67382,0.39613,0.86399,0.029,0.709,-0.484,1.056,-0.9,0.58842,-0.696,0.38778,-0.83285,-0.00642,-0.578,-0.32963,-0.52504,-0.598,-0.27377,-0.351,0.005,-0.69774,0.26028,-0.772,0.412,-0.623,0.54209,-0.273,0.585,0.02823
1,1,0.0,0.90147,0.412,0.333,0.47,0.214,1.419,-0.20449,0.96534,-0.55483,0.81191,-0.81857,0.50949,-1.379,0.065,-0.91456,-0.31412,-0.70163,-0.65461,-0.23,-0.88999,0.046,-1.409,0.588,-0.856,0.462,-0.55231,0.832,-0.18725,1.239,0.104,0.70555,0.54852
1,0.534,0,0.32789,0.148,0.104,0.29308,0.196,0.74485,-0.25131,0.91993,-0.19,0.172,-0.63714,0.314,-1.418,-0.003,-0.223,-0.131,-0.30522,-0.48886,-0.14426,-0.89991,0.09345,-0.175,0.247,-0.18560,0.283,-0.11498,0.36,0.05614,0.21443,0.231,0.13376,0.182
1,1,0.0,0.65845,0.43617,0.44681,0.762,0.05319,1.21,-0.386,0.82139,-0.68253,0.738,-0.84211,0.087,-0.841,-0.176,-0.262,-0.837,-0.057,-0.86002,0.153,-0.76316,0.445,-0.52128,0.74300,-0.18645,0.506,0.23713,0.45185,0.59071,0.207,0.479,-0.146,0.74356
1,1,0,0.267,0.05725,0.06,0.25191,-0.10557,0.674,-0.18321,-0.12,-0.41985,0.066,-0.642,0.089,-0.239,-0.409,-0.10305,-0.55,0.18702,-0.101,0.34012,-0.11953,0.411,-0.193,0.21645,0.232,0.034,0.31092,-0.026,0.26336,-0.16794,0.224,-0.30153,-0.33588
1,1,0,0.921,0.00075,1,0.0,0.98982,-0.00075,0.94721,0.02394,0.549,0.029,0.97888,0.018,1.219,0.02338,0.93929,0.055,0.923,0.03,1.011,0.034,1,0.078,0.94155,0.08107,1.13,0.089,0.552,0.08088,0.98190,0.08126,1.393,0.104
1,1,0,0.593,-0.065,0.827,0.00231,0.51,-0.01214,0.498,-0.111,0.72832,-0.11734,0.979,0.073,0.589,-0.044,0.948,0.06705,0.78324,0.048,0.86763,-0.023,0.78844,-0.06012,0.74451,-0.02370,0.517,-0.014,0.506,-0.07630,0.70058,-0.04220,0.835,0.01214
1,1,0,0.35346,-0.145,0.69387,-0.02423,0.405,-0.042,0.76,-0.057,0.644,-0.152,0.62099,-0.077,0.59361,-0.074,0.42271,-0.26409,0.636,0.04992,0.598,-0.119,0.46241,-0.078,0.529,-0.006,0.279,-0.09038,0.35588,-0.10306,0.309,-0.08637,0.28943,-0.08300
1,1,0.0,0.76046,0.01092,0.561,0.00258,0.85821,0.00384,0.819,0.02304,1.154,0.167,0.811,0.00744,0.523,0.012,0.736,-0.06974,0.76531,0.044,0.565,0.01148,0.75071,0.01232,0.954,-0.004,1.054,0.012,0.66161,0.01,0.685,0.01484,0.63887,0.01525
1,1.274,0.0,0.66667,-0.018,0.899,0.06831,0.49590,0.598,0.75683,-0.003,0.555,-0.14071,0.40164,-0.458,0.39208,0.58743,0.76776,0.229,0.78552,0.097,0.562,-0.44945,1,0.00683,0.60656,0.051,0.563,0.203,1.219,0.07787,0.616,0.325,0.13934,0.48087
1,0.915,0.0,0.83508,0.08298,0.506,-0.211,0.84349,-0.05567,0.90441,-0.04622,0.89391,0.13130,0.633,0.06723,1.177,-0.114,1.472,-0.021,0.96639,0.06618,0.87605,0.014,0.77521,0.06618,0.703,-0.04202,0.83479,0.001,1.249,0.165,0.559,-0.12,0.84,-0.04307
1,1,0,0.939,0.005,0.939,-0.037,0.93438,-0.025,0.94590,0.023,1.083,0.03281,0.945,0.07330,0.94625,-0.01326,0.743,0.00140,0.477,0.057,0.92670,0.122,1.099,0.10087,0.94520,0.016,0.93522,0.031,0.93159,0.092,0.94066,-0.00035,0.86,0.04712
1,1,0.0,0.94701,-0.0,0.93207,-0.022,1.37,-0.03431,0.536,0.02446,0.64,0.009,0.77,0.057,0.637,-0.01461,0.972,0.024,0.93784,0.01393,0.91406,0.059,0.737,0.056,0.93988,0.03193,0.92489,0.02542,0.746,0.02242,0.92459,0.006,0.92697,-0.00577
1,1,0.0,0.568,-0.01657,0.98122,-0.01989,1.341,-0.03646,0.661,0.001,0.89724,-0.03315,0.89061,-0.016,0.90608,-0.04530,1.004,-0.008,0.682,-0.17,0.88729,0.01215,1.012,-0.013,1.345,-0.02099,1.243,-0.07760,0.82983,-0.103,0.96022,-0.049,0.698,-0.16243
1,1.234,0,0.84710,0.118,0.73638,-0.032,1.202,0.08260,0.88928,-0.075,0.78735,0.094,0.80668,-0.00351,0.79262,-0.01054,0.85764,-0.043,0.573,-0.03515,0.81722,-0.09490,0.559,0.059,0.86467,-0.15114,1.173,-0.04822,0.539,-0.004,0.716,-0.058,0.682,-0.055
