1,0.938,0,1.138,-0.041,1.17,0.02306,0.83398,-0.22,1,0.025,0.762,-0.17755,0.59755,-0.44945,0.873,-0.479,0.569,-0.262,0.58212,-0.32192,0.355,-0.334,0.36946,-0.47357,0.56811,-0.432,0.575,-0.46168,0.286,-0.34090,0.42267,-0.783,0.264,-0.45300
0,1,0,0.995,-0.187,1.32,-0.36156,-0.10868,-1.025,1,-0.04549,0.521,-0.893,0.34432,-0.69707,-0.483,-1.042,0.05499,-0.896,0.167,-1.022,-0.168,-0.552,-0.18056,-0.35734,-0.106,-0.26569,-0.20468,-0.18401,-0.19040,-0.11593,-0.18,-0.046,-0.143,-0.018
1,1,0,1,-0.03365,1,0.005,1.084,-0.086,0.88965,0.009,0.98,0.061,0.892,0.008,0.54591,0.004,0.729,-0.13644,0.955,-0.08540,0.663,-0.381,0.43385,-0.097,0.57528,-0.328,0.58984,-0.22145,0.43100,-0.17365,0.60436,-0.151,0.601,-0.507
0,1,0,1.181,-0.45161,1,1.315,0.71216,-1,0.0,0.0,0,0,0.0,0.0,-1.333,0.14516,0.54094,-0.375,-0.888,-0.54467,-0.69975,0.753,0,0,0.542,0.90695,0.453,1.42,1,-0.137,0.318,1.346,-0.426,1.429
1,1,0.0,1,-0.02401,0.94140,0.06531,1.115,-0.23255,0.77152,-0.116,0.776,-0.20275,0.56409,-0.01,0.405,-0.221,0.703,-0.21780,0.45107,-0.182,0.074,-0.235,0.02309,-0.52879,0.033,-0.715,0.14,-0.354,0.03,-0.62197,-0.032,-0.59573,-0.032,-0.65697
0,1,0.0,0.014,-0.004,-0.1,-0.102,-0.00763,-0.104,0.14706,0.077,0.03786,-0.033,0,0,-0.058,-0.15540,-0.00343,-0.10196,-0.154,-0.05414,0.01838,0.036,0.01519,0.007,0.028,-0.019,-0.041,0.09223,-0.07859,0.009,0,0.0,-0.00039,0.085
1,1,0.0,0.97588,-0.10602,0.94601,-0.22,0.92806,-0.244,0.85996,-0.27342,0.79766,-0.336,0.78225,-0.548,0.932,-0.912,0.325,-0.808,0.25,-0.878,0.36324,-0.963,0.384,-1.011,0.22792,-0.81634,0.13659,-1.063,0.04606,-1.221,-0.04262,-0.982,-0.109,-0.80975
0,0,0.0,0,0,0.0,0.0,1,-1,0.0,0,-1,-0.806,0.0,0.0,0.0,0,1,1,-1.394,-0.763,0,0.0,0.0,0,1,1.441,1.407,1,0.0,0.0,1,0.61,0.0,0
1,0.744,0.0,0.963,-0.056,0.786,-0.14333,1,-0.29,1.29,-0.36174,0.92570,-0.342,0.94510,-0.40668,0.90392,-0.598,0.98305,-0.35257,0.84537,-0.66020,0.51,-0.60589,0.69637,-0.42,0.498,-0.826,0.609,-0.69712,0.168,-0.63919,0.52,-0.917,0.338,-0.73420
0,1,0,-0.01864,-0.08459,0,0.0,0.0,0,0.11470,-0.26810,-0.45663,-0.38172,0.0,0.0,-0.329,0.519,-0.37133,0.15018,0.761,0.22115,0.0,0,0.0,0.0,-0.13,-0.012,0.304,-0.014,0.0,0.0,0.094,0.24086,-0.08208,0.212
1,1,0.0,1,0.045,1,-0.118,1,-0.189,1.138,-0.379,1,-0.336,0.493,-0.627,0.90711,-0.305,1.139,-0.66474,0.481,-0.70997,0.70645,-0.76320,0.63081,-0.54,0.578,-0.89128,0.47211,-0.803,0.229,-1.065,0.31,-0.89093,0.22995,-0.89158
0,1,0,1.093,-0.54210,1.032,-1,1.143,-1,1.023,0.366,1.037,-0.533,0.873,0.696,1,-1,1,-0.353,0.742,-1.167,1,1,0.742,1,1,-0.612,1.411,-0.731,1,-1,1,-0.987,1,-0.611
1,1,0.0,1.179,-0.129,0.551,-0.10169,1.04,-0.15197,1,-0.19277,0.94055,-0.383,0.95735,-0.29785,0.93719,-0.352,0.58,-0.297,0.90137,-0.336,0.701,-0.47308,0.978,-0.51220,0.84080,-0.257,0.6,-0.716,0.545,-0.732,0.417,-0.64537,0.64727,-0.67226
0,0.938,0.0,1,-1.077,1.451,0.158,0.85492,-0.374,1,-0.139,1.355,0.35147,0.66,0.07772,1,-0.075,1,-1,1.07,-1,0.61831,0.178,1,0.62349,1.135,-0.124,0.762,0.254,1,-0.66494,1,0.716,0.592,-0.18826
1,0.853,0,1,0.07380,0.523,0.03420,1.188,-0.058,0.807,0.08764,1.341,0.287,1,0.20328,1.342,0.12785,1.206,0.10561,1,0.27087,0.652,0.44758,1.06,0.41750,1.393,0.20033,1.161,0.36743,1.365,0.48641,1.033,0.475,0.603,0.419
0,1,0.0,0.612,-0.93996,1,0.374,-0.03520,-1,1.177,-1.01,0.608,-1,0.0,0,-1.12,-0.251,-0.37681,0.03623,1.201,-1.202,0,0.0,0.0,0,-0.16253,0.92236,0.39752,0.196,0.0,0,0.502,0.23188,0.0,0.0
1,1,0,1.085,0.06468,1.44,-0.014,0.97811,0.019,0.99,0.02312,0.624,0.052,0.911,0.10346,0.94212,0.05269,0.763,0.078,1.254,0.08631,0.81633,0.11830,0.83668,0.14442,0.641,0.13412,0.79476,0.112,0.631,0.14,0.935,0.239,0.804,0.12015
0,0.0,0,0.0,0.0,-1.316,-1,0.8,1.279,-1,1.491,-0.556,0.699,1,-0.874,1,1,-0.664,-0.67,-1,0.744,0.82,-1,-1,1,-1,1,1,-1,-1.331,0.932,-1,-0.667,1.438,-1
1,0.629,0.0,0.62,0.037,0.438,0.05031,0.57197,0.164,0.093,0.317,0.63621,0.129,0.62099,0.096,0.78637,0.097,0.828,0.18151,0.14395,0.41224,0.53888,0.21326,0.756,0.22625,0.591,0.23724,0.46167,0.264,0.638,0.25306,0.40663,0.25792,1.396,0.345
0,0,0,1,-1.009,0.0,0,0.0,0.0,1.436,1.355,1,-1,-0.71875,1,0,0,-0.98,1,1.286,1,-0.603,1.208,1,0.353,-1,1,1,1.049,0.914,-0.693,1.276,1.441,0.703,1.417
1,1,0.0,1.233,-0.00612,1,-0.09834,1,-0.092,1,-0.10605,0.526,-0.11073,0.592,-0.39489,1,-0.15616,1.024,-0.243,0.544,-0.306,1.368,-0.44072,1.054,-0.545,1.129,-0.485,0.853,-0.303,0.75784,-0.38231,0.836,-0.40575,0.62,-0.45039
0,0,0.0,1,1.267,0.0,0.0,0.0,0.0,-1,-1.437,0,0.0,0,0,-1,-1.262,-0.717,-1,-1.321,1,-1,1,0.0,0,0.0,0.0,1,-1,-0.923,1,-0.867,1.272,-1,0.626
1,1,0,0.62,0.07088,1,0.027,1,0.135,0.787,-0.05144,0.628,0.02580,0.444,-0.052,0.87534,0.06,0.967,0.002,0.75206,-0.035,0.65961,-0.111,0.96,-0.037,0.55677,-0.07705,0.58051,-0.031,0.49664,-0.006,0.267,-0.0,0.52099,-0.00182
0,0,0.0,-1,1,0,0.0,0,0,-0.624,1,1.216,1,0.0,0.0,0,0.0,0.785,-0.657,-1,0.676,0.611,1,0.0,0.0,-1,-1.336,1.167,-1.005,1.018,1,-1.225,1,0,0
1,1,0.0,1,-0.06182,1,0.02942,1,-0.05131,1.386,-0.024,1,-0.141,1.201,-0.051,0.93392,-0.095,0.69170,-0.102,0.792,-0.20367,0.94910,-0.444,1.178,-0.31654,1.019,-0.275,0.783,-0.29174,0.421,-0.338,0.511,-0.372,0.64207,-0.39487
0,1,0.0,1,0.57820,1.208,-0.687,1.229,-1,1.339,-1,1.432,-1.254,0.594,-1,0.562,-1.331,0.654,-0.602,1,-1.168,1,-0.62796,0.569,-1,0.621,-1,0.987,-0.577,1,-1,1,-1,1,-1.229
1,1,0,1.458,-0.121,1,-0.101,0.584,-0.81779,0.648,0.35,0.95473,-0.613,0.909,-0.402,0.87937,-0.23433,0.81051,-0.373,0.12245,-1,0.678,0.107,0.664,-0.78547,0.55389,-0.425,0.466,-0.86583,0.293,-0.89674,0.341,-1.066,-0.13341,-1
0,0.0,0.0,-1,-1,0.0,0.0,-1.05,1.363,1,-0.37500,0.0,0,0,0,0,0.0,1,-1,-0.959,-1,0.714,-1.092,0.0,0,1,-1,-0.862,1.202,-0.709,-1,0.0,0.0,-0.927,1
1,1,0.0,1,0.125,1,0.17,1.316,-0.136,0.98172,0.64520,1.211,0.47904,1,0.602,1.236,0.70758,1,0.82777,1,0.608,1.422,0.733,0.865,1,0.595,1.129,1.188,1,0.74822,1.034,0.64358,1.304,0.727,1
0,0,0,-0.923,-1,1,1.113,1.189,-1.324,-1,0.735,1,-1.314,-1.275,-1.192,0,0.0,1.274,1.183,-1,-0.82,1,-1,1,-1,1,0.959,1.05,-1,0.858,-1,-1,1.392,0.852,-0.721
1,1,0,1,-0.14236,1,-0.185,1,-0.23656,1,-0.089,1.037,-0.312,0.624,-0.312,1.437,-0.326,0.927,-0.38606,1,-0.423,0.779,-0.229,1.121,-0.59661,0.982,-0.702,0.679,-0.49687,1,-0.75820,1,-0.558,1,-1.085
0,0.94,0,0.764,-1.025,1,0.946,0.987,-1,1.147,-1,1,-0.987,1,-0.01840,1,-1,1.116,1,1.304,-0.85583,1.159,1.122,0.68,-1.453,0,0,1,0.503,1,-1.156,1.358,1.003,1.123,1
1,1,0,0.598,-0.14639,0.717,-0.135,0.92100,-0.16450,0.88307,-0.252,0.803,-0.31809,1.214,-0.345,0.82116,-0.517,0.412,-0.33632,0.75243,-0.381,0.70555,-0.617,0.66150,-0.416,0.61297,-0.323,0.409,-0.54629,0.605,-0.59854,0.264,-0.473,0.464,-0.58086
0,1,0.0,0.71253,-0.036,0.578,-0.23067,0.98019,-0.084,0.87,-0.082,1.317,-0.10951,0.58965,0.787,0.707,-0.56,0.82270,-0.17863,1.135,-0.28257,-0.25914,0.581,0.273,0.05456,0.65493,-0.134,1.274,-0.319,0.63811,-0.251,0.86136,-0.87354,-0.23186,-0.598
1,1,0.0,0.624,-0.15899,0.683,0.27686,0.83443,-0.58388,1,-0.406,0.795,-0.49863,0.748,-0.175,0.76837,0.12,0.689,0.39337,1,0.26590,0.499,-0.021,0.92599,-0.857,0.675,0.14803,1.343,-0.11582,1,-0.097,0.787,0.53372,1.446,-0.713
0,1,0.0,0.66161,-0.729,1.318,1,1,-0.352,0.80893,-0.432,0.894,-1,1,-1.143,0.679,0.508,0.17589,0.472,0.844,1.071,1.143,1.148,1.443,-1.253,1,0.85357,1,-0.08571,0.95982,-0.36250,1,0.65268,1.418,0.377
1,1.044,0.0,0.807,0.00433,0.505,-0.012,1,-0.02960,1,-0.075,0.97839,-0.06256,1.419,-0.06544,0.97261,-0.087,0.864,-0.197,0.94184,-0.14327,1.321,-0.14248,0.969,-0.135,0.89469,-0.20851,0.642,-0.17909,0.868,-0.193,0.83777,-0.206,0.83867,-0.253
0,0,0,0.815,0.936,1,-1,0.0,0.0,0.0,0.0,-1.264,-0.871,0.0,0,0,0.0,-1,1.429,1.34,1,-1.239,0.878,-1,1,1,-1.126,1,1,-0.624,1,1.387,1.315,0,0
1,1,0.0,1.012,0.029,1.112,0.02280,0.94705,0.05345,0.831,0.018,0.91911,0.06348,1.091,0.12067,0.498,0.06211,0.88899,0.12722,0.569,0.14439,0.80983,0.11849,1.094,0.191,0.997,0.11299,0.478,0.074,0.467,0.146,0.971,0.071,0.65258,0.11447
0,1,0.0,1,0.02,1.207,0.04861,0.97545,0.075,0.61745,-1.098,0.644,0.164,0.88462,0.714,0.949,0.14137,0.648,0.149,1,0.35,0.65850,0.16371,0.60138,0.16516,0.723,0.16390,0.578,0.16019,0.444,0.15436,0.382,0.182,1,1.248
1,1,0.0,1,0.06538,1,0.267,0.71,0.26281,0.744,0.32213,0.86773,0.413,0.764,0.635,0.412,0.52321,0.429,0.60756,0.732,0.365,0.604,0.443,0.40553,0.817,0.34384,0.72082,0.346,0.72386,0.148,1.05,0.11372,0.637,0.06990,0.71444
0,1,0.0,-1.204,-1.097,0.703,1,1,-0.14375,0.0,0,-1.257,1.407,1.394,1,0.193,-1,-1,-1,0.075,-0.561,1,-0.701,-1,1,-0.763,-1,0.93,-1.268,-1,-1.192,1,1,0.0,0.0
1,0.819,0.0,1.173,0.08791,0.86528,0.16888,1.346,0.223,0.55187,0.68154,0.70207,0.36719,0.16286,0.289,0.664,0.46086,0.402,0.49618,0.324,0.12967,0.363,0.439,0.287,0.55826,0.24856,0.554,0.18626,0.839,0.182,0.56101,0.089,0.55061,0.153,0.456
0,1,0,-0.376,-1,1,0.549,1,-1,0.784,-0.12,1.058,1.213,1,-0.376,1,-1,1,0.188,0.744,-1,1.129,-0.026,-1.064,1,0.53750,1.263,1.038,1,1,-0.558,1,-0.655,0.88,-0.868
1,1,0,0.99025,-0.05785,0.565,-0.13009,0.916,-0.194,1.187,-0.267,0.92738,-0.272,0.754,-0.37965,0.794,-0.43796,0.84922,-0.335,0.87433,-0.57075,0.79016,-0.781,0.731,-0.367,0.918,-0.65,0.573,-0.73174,0.396,-0.75353,0.54752,-0.473,0.432,-0.83245
0,0,0,0.0,0.0,0.0,0,0,0.0,0.94,1.295,1.208,1,0,0,0.0,0.0,-0.37500,-1,-1.273,-1.037,0,0.0,0.0,0,-1,-0.516,-0.696,-1,-1,1,0.69,0.0,0.0,0
1,1,0.0,1,-0.03730,0.987,-0.092,0.612,-0.129,0.99838,-0.1,0.98941,-0.13814,0.96674,-0.224,1.014,-0.376,0.91236,-0.34400,1.109,-0.329,0.89991,-0.34691,0.87874,-0.23,0.86213,-0.338,0.83172,-0.32,0.81433,-0.233,0.852,-0.522,0.902,-0.50152
0,1,0,0.983,-0.02685,-1.179,0.26131,-0.248,0.291,0.69258,-0.63427,0.793,-0.018,-0.29020,-0.00550,-0.646,0.15452,0.91921,-0.46270,1,-0.732,-0.279,-0.322,-0.448,0.37361,0.83872,-0.388,0.589,-0.622,1.227,-0.61393,-0.109,0.158,-0.06117,0.443
1,0.762,0.0,1.041,0.00874,0.98103,-0.052,0.97565,-0.05699,0.698,-0.056,1.329,-0.056,0.888,-0.11102,0.93369,-0.152,0.94217,-0.11583,0.68,-0.19200,0.715,-0.089,1.157,-0.215,0.88487,-0.13,0.81813,-0.21136,0.555,-0.23864,0.76911,-0.23095,0.44,-0.23902
0,0.846,0.0,0,0,0.652,0.539,0.0,0.0,0.10991,-0.898,0,0.0,0,0.0,-1.177,-0.328,-0.55711,-0.967,0.827,0.63147,0,0,0.53448,0.43,-1.321,0.44828,1.12,-1.285,-1,0.81573,0,0.0,0,0
1,1.4,0,0.85,-0.18362,0.543,0.02919,1.3,-0.001,0.87947,0.101,0.445,-0.01789,0.699,0.661,1.335,-0.57486,0.75000,-0.304,1.248,-0.20104,1,1,0.46610,-0.088,0.90066,-0.016,1.121,-0.014,0.61582,-0.32298,0.84463,-0.211,0.802,-0.01425
0,0,0,1.212,0.8,1,-1,0.0,0.0,0.0,0.0,1.134,1,0.705,0.874,-0.82,-1,1,-1,-0.556,1,0.0,0.0,1,-1,0.66,-1.497,1,1,-1,-0.744,0,0.0,0,0.0
1,1.279,0.0,1,1.491,1,1,0.91010,1,-0.26970,1.469,-1.021,1.438,-1,1.316,-1,0.72526,-1,-0.537,-1,-0.597,-0.932,-1.063,-0.354,-1.331,0.94,-1.396,1.268,-1,0.699,-1,1,-0.34686,1,0.295
0,1,0,-0.427,-1,-0.629,1.074,0.657,0.63317,0.03515,-1.065,-1.208,-1.131,1,1,1.036,-1,-1,1,1.232,1.436,0.874,-0.888,-1,-1,-0.127,0.925,1.417,-1,-1.463,-1.009,-1,1,1,0.407
1,1,0.0,0.95659,0.05,0.97487,-0.05667,1.201,-0.082,1.291,-0.06561,0.94717,0.01279,1.168,-0.11,0.94612,-0.19497,0.628,-0.283,0.90343,-0.488,0.544,-0.27316,0.90140,-0.29807,0.625,-0.40747,0.684,-0.186,0.744,-0.327,0.433,-0.39061,0.82166,-0.237
0,1,0.0,0.088,-0.20685,-0.575,1,-1.211,0.507,0.71875,0.333,-0.82143,-0.62723,-1.285,-1,-1.131,1,-0.02,0.872,-0.42113,-0.42113,-0.74628,-0.947,-0.571,-0.46801,-1,0.318,1.128,-0.564,-0.54,-0.496,-0.592,-1,-1,0.61458
1,1.276,0.0,1.106,-0.02259,1,-0.035,0.946,-0.055,1,-0.098,0.511,0.842,1,-0.134,1,-0.14522,1.497,0.32407,1.029,-0.17639,0.99484,-0.18949,0.95601,-0.171,0.793,-0.92284,0.761,-0.21793,0.82920,-0.16,0.78479,-0.171,0.479,-0.22981
0,0,0,-1,1.263,0.824,-1,-0.889,0.637,0.0,0,0.733,0.636,-1.374,-0.18750,1.484,1,-1,-0.781,1,-0.553,-0.821,-0.908,0.543,1,0.748,-1.324,1.211,1,1,1,0,0,-0.87,-1
1,1,0.0,0.716,0.068,0.54,0.067,0.99952,0.176,1.016,-0.01911,0.94846,0.07033,1.393,0.085,0.94862,0.11224,0.90896,0.20119,0.988,0.106,0.99695,0.14258,1.317,0.16410,0.91667,0.22431,1.106,0.149,0.88568,0.228,0.78324,0.346,1.03,0.35
0,1,0.0,0.17188,-1,-0.741,0.548,0.0,0.0,0.0,0,-1.454,1.385,0.0,0.0,-0.753,-0.606,0.80521,0.451,0.385,0.184,0,0,-1,-0.226,-0.84792,0.96250,1,1,-0.702,0.67708,0,0,0.0,0
1,1.169,0.0,0.951,0.09771,1,0.12197,0.591,0.22574,0.98602,0.093,0.94930,0.264,0.591,0.15,0.927,0.273,0.85529,0.26721,0.83656,0.299,0.685,0.16,0.74829,0.39597,0.76193,0.213,0.942,0.42746,0.62764,0.511,0.393,0.591,0.54252,0.50903
0,1,0,0.011,-0.35625,0,0.0,0,0,0.0,0,0.0,0.0,0.0,0.0,0.12292,-0.55000,0.22813,0.82813,0.904,-0.42292,0.0,0.0,0.117,-1,-0.055,-0.16667,0.739,-0.947,-0.57,0.153,0.0,0,0.671,-0.27292
1,1.139,0.0,1.034,0.241,0.99352,0.236,0.94616,0.319,0.91759,0.22610,0.923,0.37107,0.684,0.679,0.81011,0.49225,0.64,0.302,0.65091,0.56977,0.834,0.58071,0.601,0.411,0.48311,0.555,0.232,0.69129,0.336,0.76147,0.33921,0.66844,0.22101,0.595
0,1,0.0,0.425,1,0.129,-1,1,0.946,1.183,0.445,-0.66886,1,-0.05921,0.58772,0.01754,0.05044,-0.55,-0.503,0.14254,-0.023,0.421,-0.43860,-0.569,1.276,0.80921,-0.614,0.808,-0.06140,0.643,1.281,0.20614,-1,0.684,1.475
1,1.154,0.0,1,-0.301,1,0.76131,0.524,0.196,1.323,-0.058,0.648,0.428,0.947,-0.16080,1,0.01,0.659,-0.50126,0.80025,-0.24497,1.203,-0.19095,1,-0.084,0.772,0.10678,0.92890,-0.07249,1,-0.264,0.43970,0.19849,0.634,-0.048
0,1,0,1.08,0.08,1.239,0.39130,1.362,-1,0.421,0.08424,1,0.169,1.095,0.60598,0.521,0.35507,1,0.015,0.85,-0.43025,1,0.606,0.89130,0.26585,0.91033,-0.406,0.931,0.185,0.453,-0.01947,0.855,0.169,0.509,0.37409
1,1,0.0,0.77,0.28046,1,0.02477,1,0.04,1.287,0.04317,0.98762,0.33266,1.152,0.046,1,0.04384,1.401,-0.251,0.84371,-0.05,0.522,0.04150,1.333,0.27376,1.176,-0.559,0.96414,-0.02174,0.836,0.268,1.161,-0.307,0.80355,-0.098
0,0,0,1,-1.142,1.371,-0.864,1,-1,0.941,-1.08,1,1.066,0.547,1.408,1.166,-0.939,1,1,1.327,1,1.404,1,1.26,-1.121,1.257,-1,1.262,-1,0.545,0.65625,0,0,1.137,-1
1,0.891,0,1,0.377,0.525,1.129,0.43019,1.017,0.182,0.80541,-0.239,1.192,-0.79135,0.77092,-1,0.40268,-0.465,-0.84,-1.414,-0.366,-0.995,-0.76339,-0.2,-0.97491,0.505,-1,0.41778,-0.592,0.25773,-1,0.548,-0.252,0.98816,0.03446
0,1,0,1,0.589,0.728,-1.43,1,-1,1.364,0.941,1.087,1,1.356,0.583,0.656,-1,1,1.023,0.986,1,1,0.674,0.989,1,1.39,1.162,1,0.5,0.0,0,1.317,-1,1.127,-1
1,0.911,0,1.297,0.036,1,0.153,1.468,0.26968,1,0.25068,1,0.231,0.853,0.38643,1.178,0.31674,1,0.65701,1,0.379,0.926,0.708,1.112,0.59457,0.489,0.735,0.49,0.851,0.85611,0.67149,0.74389,0.85611,0.401,0.677
0,0,0.0,1,-1.419,1.348,1.419,-1,-1,1,-1.002,0,0.0,0.0,0.0,-1,1,1.112,-1.3,1,-1,-0.525,1.069,1.486,-0.85,1,-1,0.779,-1,-1.208,-0.802,0,0.0,1,-1
1,0.535,0.0,0.96087,0.08620,0.592,0.115,0.96026,0.207,0.98044,0.35052,1.358,0.362,0.608,0.52517,1.177,0.659,1.001,0.455,0.69003,0.73140,0.473,0.438,0.48339,0.76197,0.40615,0.938,0.33401,1.229,0.131,0.86061,0.13756,1.252,0.09048,0.86285
0,1,0,0.843,0.38889,0.0,0,-0.191,0.868,0,0.0,0,0,0.0,0,0.261,-0.131,0.263,0.19444,0.46429,0.869,0,0.0,0,0,0.73413,0.385,0.76190,0.61,0.0,0.0,0.0,0,0.0,0.0
1,1.151,0.0,1,0.05070,1,0.10827,0.695,0.256,1.459,0.28453,1,0.391,1.054,0.38261,0.94575,0.496,1.173,0.585,0.654,0.845,0.80644,0.59962,0.593,0.62758,0.66643,0.683,0.59417,0.488,0.425,0.72684,0.47027,0.874,0.33381,0.925
0,0,0.0,1.111,1.215,0,0,1,-0.789,0.503,-1,1.325,1,0.657,1,0.875,-1,1.093,1,1.213,0.601,0.91,-0.622,-1.319,-1,0.869,-1.243,1.366,-0.689,1,1,0,0,1,-1
1,1,0,1,0.04078,1.103,0.11982,0.774,0.174,1.219,0.317,1.104,0.246,0.92745,0.53,0.859,0.39749,0.81939,0.46059,0.498,0.46994,0.677,0.47,0.907,0.58129,0.545,0.59723,0.611,0.445,0.53952,0.735,0.375,0.63636,0.40442,0.62658
0,0.0,0.0,1.296,1,1,-1,0.73,1,1,1,1,1.214,1,1,1,1.289,1.268,-0.71,-1,0.891,-1.175,1,-1.347,1,1,-0.724,1,0.83,-0.713,0.96,-1,-1.284,-0.881,1.412
1,1,0.0,0.991,0.284,1.163,0.63,1,0.72973,1,1,1,1,1.097,1.015,0.619,0.858,1,1,0.838,1.42,0.461,0.688,0.492,1.244,0.64628,1,0.38255,0.931,0.111,1,-0.231,1,-0.81383,1
0,0.0,0.0,1.285,0.61,1,-1,1,1.13,-1,1,0,0.0,1,1,0,0,0.0,0,-1.312,1,-1.16,0.993,1.172,1.001,1,-1.146,1,0.599,0.982,1.353,1.097,-1.28,-1,1
1,1,0,1.481,-0.06604,0.81,0.917,1,0.088,1,0.20280,1.384,-1.192,1,-0.245,0.797,-0.138,0.75,0.04895,1,-0.778,1.004,-0.26573,1,-1.178,0.88,-0.622,1,-0.81372,0.921,-1,1,-0.541,1.273,-0.48252
0,0.0,0,1.297,-1,0.572,1,0.741,1,1.196,0.673,0.682,1,1.086,-1,0.717,-0.899,1,1,1.019,-1,1,1.121,1,1.407,1.075,-1.386,1,1,0.959,-1,1,0.656,1,-1.458
1,1,0,1.325,0.07804,0.92679,0.101,0.89702,0.239,0.84111,0.463,0.78801,0.42196,0.484,0.311,1.017,0.56476,0.714,0.64200,0.694,0.65,0.564,0.66975,0.212,0.479,0.315,0.886,0.18765,0.73885,0.068,0.71038,0.017,0.85,-0.04023,0.69509
0,1,0.0,0.431,-0.164,0.468,0.3,0.449,0.365,0.186,0.58304,1.379,-0.15194,0.01060,0.665,0.01060,0.38869,0.127,0.417,0.10567,0.353,0.04325,0.30745,-0.00083,0.24936,-0.02862,0.266,-0.04314,0.14481,-0.056,0.081,-0.04585,0.081,-0.036,0.04586
1,1,0,0.906,-0.02811,0.799,-0.05178,0.851,0.018,0.85947,0.034,0.63462,0.093,0.799,0.117,0.809,0.05178,0.636,-0.27811,0.65976,-0.012,0.78698,0.088,0.3,-0.214,0.65385,0.02811,0.663,-0.06637,0.314,-0.21154,0.477,-0.14053,0.814,0.02959
0,1,0,0.518,-0.07,0.97464,0.04328,1.288,1,0.35821,0.13,0.54478,0.095,0.61567,-0.822,0.57836,0.855,0.66791,-0.055,0.305,-0.11567,0.65574,0.136,0.615,0.628,0.47015,0.16418,0.526,0.125,0.226,-0.02612,0.309,0.129,0.367,0.12755
1,1,0.0,0.67547,0.04528,1.101,-0.144,0.776,0.037,0.66038,-0.056,0.884,0.01132,0.865,-0.13962,1.005,-0.027,0.948,0.08679,0.518,-0.07925,0.713,-0.23774,0.833,-0.148,0.84906,-0.127,0.73886,-0.074,0.66792,0.02264,0.86415,0.047,0.73208,0.00755
0,1,0,1.049,-0.05000,0.835,0.03462,0.61,0.72727,0.436,-0.085,0.48,-0.16818,0.805,0.104,0.565,1.341,0.50455,0.21818,0.461,0.107,1.185,-0.339,0.98636,-0.993,0.57273,0.32727,0.56982,0.14673,0.264,0.08182,0.269,0.164,1,1
1,1,0.0,0.713,-0.019,0.40392,0,0.512,0.176,0.40000,-0.05882,0.353,0.089,0.409,0.07,0.534,-0.05490,0.58039,0.012,0.31,0.0,0.45882,0.06667,0.58039,0.08235,0.49804,0.002,0.341,0.10039,0.424,0.068,0.45098,0.23529,0.369,0.17255
0,0.592,0,0.41932,0.153,0.35000,0.072,0.125,0.184,-0.03636,0.569,0.023,0.348,-0.19091,0.33636,-0.142,0.214,0.014,0.233,-0.34773,0.12727,-0.20028,0.05078,-0.18636,0.489,-0.14003,-0.04802,-0.09971,-0.07114,-1.057,-0.595,-0.02916,-0.095,-0.003,-0.093
1,1,0.0,0.88305,-0.119,1,0.44,0.82403,0.19206,0.895,0.034,0.90558,-0.031,0.942,0.282,0.662,0.24,0.925,0.57940,0.401,0.275,0.73176,0.27575,1,0.34871,0.427,0.613,0.69811,0.53235,0.80901,0.81,0.279,0.70923,0.52361,0.275
0,1.276,0,0.619,-0.08580,-0.31745,-1.208,-0.134,-0.631,0.763,0.035,0.89514,-0.007,-0.18494,0.63966,-0.20019,-0.37,0.85701,-0.072,0.77979,-0.13,-0.05,0.50810,-0.34128,0.833,0.78932,-0.031,0.458,-0.25288,0.618,-0.14109,-0.109,-0.78170,-0.18494,-0.522
1,1,0.0,0.70870,-0.3,0.503,0.051,0.656,0.314,0.36,0.18261,0.506,0.274,0.335,-0.23043,0.50435,0.37826,0.38696,-0.27,0.478,-0.26087,0.26957,0.11739,0.53246,-0.049,0.31304,-0.12174,0.373,-0.04264,0.718,-0.04448,0.64348,-0.16,0.439,0.131
0,1,0.0,-0.388,0.152,-0.427,0.905,0.297,-0.174,0.31889,-0.06811,0.20743,-0.137,0.47368,0.131,0.295,-0.217,0.184,0.335,0.33746,0.024,0.50464,0.046,-0.63777,-0.741,1.123,0.875,0.41348,-0.40116,-0.15170,0.11146,0.02399,0.55820,0.52632,-0.08978
1,0.741,0.0,0.424,0.13582,0.45331,0.099,0.432,-0.005,0.52632,0.15,0.287,-0.16638,0.47368,-0.029,0.55518,0.03905,0.483,-0.22411,0.42445,-0.04244,0.485,0.06621,0.28183,-0.129,0.51731,-0.04,0.645,-0.041,0.34635,0.057,0.787,-0.019,0.39559,-0.03226
0,1,0.0,0.762,0.232,0.0,0,0.391,0.06874,0.39468,1,0.246,0.817,-0.013,0.53215,0.277,0.13,-0.017,0.95122,-0.50998,1.068,-0.062,0.534,-0.42572,0.23725,-0.91574,0.80710,-0.172,0.88248,-1,0.66,-1,0.116,0.0,0
1,0.671,0,0.90116,0.16607,0.79299,0.37379,0.72990,0.476,0.59784,0.72997,0.479,1.175,0.24412,0.87493,0.091,1.05,-0.102,0.87396,-0.28739,0.497,-0.266,0.65924,-0.363,0.487,-0.725,0.433,-1.059,0.217,-0.543,0.11218,-0.948,-0.041,-0.67699,-0.19904
1,1,0,1.01,0.19049,0.82683,0.37,0.583,0.58732,0.47968,0.452,0.31409,0.92643,0.117,0.899,-0.13254,0.424,-0.242,0.74,-0.425,0.79525,-0.988,0.5,-0.991,0.428,-0.85376,0.111,-0.837,-0.019,-0.82366,-0.124,-0.67289,-0.33662,-0.59943,-0.49700
0,1,0.0,-1,-1.067,0.0,0.0,0.289,-1.002,0.661,0.32899,-1,-0.41368,0,0.0,0.0,0.0,1,-0.253,0.252,-0.63518,0.97068,-1,-1,-0.666,0.684,-0.59609,-1.475,-0.825,-1,-1,1.438,-1.447,0,0
1,1,0,0.74084,0.04974,0.975,0.031,0.431,0.03793,0.66230,0.145,0.713,0.359,0.75934,0.07348,0.435,0.061,0.861,-0.07853,0.869,0,0.926,0.101,0.68183,0.12185,0.67016,0.15445,0.612,0.082,0.814,0.119,0.59759,0.141,0.608,0.15114
0,1,0,1,-0.509,0.0,0,0.77941,-0.848,0.753,0.789,-0.404,-0.94853,0,0,0,0.0,0.369,-0.483,0.805,-0.709,0.0,0.0,0.107,-0.755,-1,-1,-0.751,-1.274,1,-1,1,-1,0.0,0
1,1,0,1,0.019,0.96215,-0.04,1.145,-0.047,1.327,-0.05071,1.326,-0.067,0.99173,-0.116,1,-0.15727,1,-0.156,0.98310,-0.11813,1,-0.097,1,-0.181,0.98971,-0.185,1.346,-0.249,0.94599,-0.17123,1.111,-0.301,0.889,-0.179
0,0.0,0.0,0.0,0.0,0,0.0,0,0.0,0,0,0.0,0,0.0,0.0,0,0,0,0.0,0.0,0,0,0.0,0.0,0,0.0,0,1.433,-0.864,0,0.0,0,0,0,0.0
1,1,0,1.141,-0.078,0.755,-0.129,0.95,-0.198,0.97026,0.05,0.813,-0.01124,1.133,-0.24719,1,-0.295,0.99273,-0.307,0.648,-0.21018,1,-0.332,0.93126,-0.282,0.531,-0.19233,0.88793,-0.43,0.477,-0.327,0.89095,-0.31857,0.69531,-0.41573
0,1,0.0,0.28409,-0.315,0.0,0.0,0.68182,-1.468,0.30682,0.873,0.434,0.06439,0.388,-0.84848,0,0.0,0.59091,-0.35985,0.645,-0.937,0.0,0.0,0,0.0,0.24242,0.17803,1,-0.139,0.06061,-0.48485,0.226,-0.956,0.0,0
1,0.546,0.0,0.94490,-0.49311,1,-0.03692,0.98898,-0.968,0.634,0.66942,1,-0.10104,1,-0.12493,0.7,-0.121,1,-0.097,0.836,-0.237,1,-0.283,1.193,-0.26571,1.178,-0.29852,1,-0.433,1,-0.296,1.002,-0.364,1.031,-0.414
0,1,0,0.0,0.0,0,0,0.0,0.0,0.0,0.0,0.55,1,0.0,0,0,0.0,0.36585,-1.021,0.705,-0.779,0.0,0.0,0,0,0,0,1,0.093,0.0,0.0,0,0,0.0,0
1,1,0.0,0.99449,0.008,0.84082,-0.109,0.88237,-0.16431,0.99061,-0.089,0.68,-0.057,0.51,0.02966,0.87161,-0.20848,0.503,-0.129,0.98298,-0.122,0.89876,0.001,0.985,-0.05882,0.93368,-0.126,0.577,-0.17806,1.048,-0.16581,0.80253,-0.352,0.468,-0.26
0,0.907,0,0.087,0.10811,0.0,0,0.0,0.0,0.667,0.447,0.299,1,0,0,0,0.0,0.37162,-1,0.33108,-1.161,0,0.0,0.0,0.0,-0.396,-1,1.124,-1,0.55405,-0.23649,0.0,0.0,0,0.0
1,1.054,0.0,1.093,-0.611,1.424,-0.73371,0.815,-0.837,1,-0.471,1,-0.23229,0.62890,-0.519,1,-0.57535,1.213,-0.967,0.76771,-0.767,0.96601,-0.595,0.487,-0.921,0.435,-0.76904,0.53777,-0.77986,0.81020,-1,1,-1.156,0.444,-0.76112
0,1,0,0.65909,-0.62879,0,0.0,0.0,0,0.77273,0.941,1.319,-0.178,0,0.0,0.0,0.0,0.62121,-0.141,0.84091,-0.869,1.111,-1.038,0,0,0,0,0.828,-0.785,-0.12879,-0.735,0.0,0,0.0,0.0
1,1,0.0,0.86284,0.233,0.80920,0.46,0.867,0.663,0.707,0.69962,0.36705,1.034,0.19617,0.85671,-0.04061,0.951,-0.17241,0.861,-0.277,0.926,-0.352,0.478,-0.60230,0.40996,-0.637,0.25747,-0.63038,0.08818,-0.443,-0.105,-0.489,-0.19923,-0.412,-0.31954
0,1,0,0.42000,-0.61000,0.0,0.0,1,-1,0.90000,1.175,0.314,0.64000,0.0,0.0,0.0,0,0.67000,-0.412,0.84000,-0.724,0,0,0.0,0.0,0.27,0.96,0.83,0.194,0,0.0,0.0,0.0,0,0
1,1,0.0,1.001,0.3,0.91404,0.358,0.78020,0.72144,0.53,0.522,0.27639,0.91730,0.09467,0.997,-0.132,0.91404,-0.286,0.75517,-0.51360,0.858,-0.64527,0.579,-0.74102,0.375,-0.70838,0.03591,-0.71731,-0.093,-0.605,-0.309,-0.51251,-0.554,-0.44,-0.529
0,1.16,0,0.91353,1.13,-0.519,0.75,-0.347,0.55735,0.05405,0.29730,-0.18599,-0.145,-0.039,-0.08970,0.01401,-0.036,0.011,-0.005,0.00342,0.00097,0.00048,0.001,-0.0,0.00019,-0.0,0.00002,-0.00001,0.0,0.0,0.0,0,0.0,0.0,0
1,1.458,0,0.21429,-0.076,0.32,0.07143,0.19048,0.19048,0.23810,0.09524,0.244,0.024,0.229,-0.052,0.27,-0.06,0.263,-0.11905,0.424,0.04762,0.285,0,0.21429,-0.082,0.24,-0.04762,0.22109,-0.027,0.228,0,0.16997,-0.024,0.15,-0.01877
0,0.682,0,1.297,-0.159,0.622,0.04918,0.57377,-0.015,0.375,0.015,1.243,-0.03279,0.72131,0.0,0.68852,-0.16393,0.19672,-0.14754,0.923,-0.17176,0.67213,0.03279,1,-0.296,0.31148,-0.226,0.587,-0.139,0.32787,-0.024,0.184,-0.44262,0.682,-0.093
1,1,0.0,1.346,0.0,0.86,0.03131,1.168,0.04572,0.56,0,0.699,0.04545,0.79343,0.08436,1.014,0.09579,0.696,0.301,0.68182,0.079,0.479,0.12608,0.68604,0.13493,0.74545,0.16,0.64581,0.094,0.67273,0.031,0.807,0.182,0.335,0.17077
0,1,0.0,0.39286,0.52381,-0.78824,0.11342,-0.227,-0.76378,0.521,0.016,1.226,0.238,-0.67230,0.362,-0.385,-0.71,0.46429,0.228,0.578,0.053,-0.327,0.437,-0.47651,-0.47594,0.32143,0.70238,0.375,0.374,0.541,0.568,-0.54891,-0.29915,0.25441,-0.55837
1,1,0,0.86889,-0.068,1,-0.02494,0.849,-0.073,0.87778,0.002,0.661,-0.06444,1,-0.053,0.823,-0.213,0.86889,0.072,0.712,-0.03778,1.268,-0.11526,1.211,-0.214,0.84444,0.043,1.487,-0.14162,0.82222,-0.127,1,-0.143,1,-0.358
0,1,0.0,0.43636,-0.12727,0.732,-0.14545,0.182,-0.67273,0.481,-0.024,0.29091,-0.07,0.29091,0.375,0.36364,-0.291,0.20000,-0.019,0.401,0.065,0.12727,0.49091,0.61818,0.086,0.242,0.16364,0.41098,-0.097,0.295,-0.061,0.168,-0.304,0.29091,-0.29091
1,1,0,0.69,-0.869,1,0.75472,0.492,-0.05660,0.62264,0,1,-0.001,0.493,0.093,0.62264,-0.077,0.993,-0.00085,0.52830,0,0.684,0.109,1.362,-0.001,1,0.521,0.982,-0.002,1.162,-1,1,0.43396,0.428,-0.152
0,0.757,0.0,0.73810,0.83333,-0.76190,-0.167,0.312,-0.14286,0.45238,-0.14286,-0.965,0.165,0.374,0.0,0.28571,-0.07143,-0.513,0.606,0.23810,0.022,0.45238,0.029,0.166,-0.26190,-0.563,-0.10234,0.24889,-0.51079,1.332,0,-0.406,-0.047,0.163,0.02381
1,1,0,0.354,0.036,0.457,-0.10417,0.205,0.0,0.339,-0.085,0.47917,0.0,0.249,0.10417,0.356,0.017,0.43750,-0.22917,0.35417,-0.118,0.33333,0.043,0.156,0.18750,0.347,-0.18750,0.44012,-0.10064,0.41667,-0.08333,0.721,-0.382,0.33333,-0.039
0,1,0,1,0.564,0,0.0,0,0,0.0,0,0.47744,-0.513,-0.51504,0.45489,-0.565,0.28571,0.64662,1,0.0,0.0,0.0,0.0,0.656,0.20301,-1,-1.344,0.595,-1.067,1.211,0.575,0.0,0.0,0,0.0
1,1,0.0,0.809,0.038,0.93614,0.084,1.258,0.104,0.892,-0.436,0.90023,0.61320,1.167,0.34328,0.366,0.43,0.779,0.40844,0.95472,0.59862,0.596,0.44088,0.46773,0.44511,0.40440,0.564,0.34374,0.31,0.637,1,0.23405,0.438,0.148,0.37191
0,1,0.0,0.496,0.40332,0.784,0.512,1.044,0.642,1.247,-0.06,0.497,0.066,0.789,-0.85727,0.91962,1.071,0.95452,-0.05206,0.88673,0.18135,0.98484,-0.51,0.86670,-1.286,0.182,-0.30063,1,0.17076,0.62958,0.42677,0.87757,0.834,0.63,0.612
1,1,0,0.95882,0.056,1.17,-0.015,1.212,0.02555,0.96974,-0.094,1.436,-0.02716,0.97980,-0.023,0.633,-0.05343,0.87,-0.05179,1.366,0.02,0.97620,-0.06,0.97889,-0.067,0.93,-0.15675,1.208,-0.06995,0.90978,0.01307,0.579,-0.126,1.233,-0.06888
0,1.281,0,0,0,-0.177,0.85388,0,0.0,1.001,-1.333,0.97078,0.31385,-0.26048,-0.324,-0.377,0.737,0.94155,0.16391,0,0,0.0,0.0,-0.134,-1,0.0,0,1.123,-0.702,0.0,0.0,0.04447,0.443,0.0,0
1,1.111,0.0,1.175,0.007,1,0.00843,0.58,-0.00763,0.568,-0.02844,0.99820,-0.026,0.895,-0.013,1.376,-0.02581,0.618,-0.011,0.98485,0.00025,1,-0.02612,0.615,-0.065,1.207,-0.031,0.99188,-0.043,0.97020,-0.016,1,-0.03855,0.98420,-0.04112
0,1,0,0,0.0,1.221,-0.117,0.183,-0.059,0,0,0.926,0.07297,1,-0.164,1,0.078,1,-0.11351,0.0,0.0,1,-0.201,0.904,-0.254,0,0.0,0.504,-0.17568,0,0.0,1,-0.262,0.28919,-0.101
1,1.474,0,0.365,0.01403,0.369,-0.025,0.354,0.037,0.19512,0.12195,0.437,0.067,0.162,0.047,0.29268,0,0.36585,0,0.31707,0.105,0.26829,0.12195,0.23698,0.05813,0.21951,0.079,0.121,0.036,0.164,0.08,0.19512,0.0,0.17073,0.059
0,1,0,1,1.475,1,-0.569,0.0,0,0,0.0,1.281,1,0.808,-1,0.503,1,1,-0.7,0.0,0.0,0.0,0.0,1.447,-0.296,0,0.0,1.276,-1,1,1,1.277,-0.536,0,0
1,0.825,0,0.34694,0.20408,0.604,0.352,0.364,0.119,0.633,0.49,0.30612,0.59184,0.12245,0.332,0.0,0.51020,-0.06122,0.55102,-0.20408,0.679,-0.175,0.425,-0.28571,0.32653,-0.548,0.307,-0.315,0.14895,-0.59184,0.266,-0.34694,0.0,-0.193,-0.24490
0,0.625,0,0.0,0.0,0.509,-1.455,0,0,0.0,0,1.058,1,1,-0.345,1,0.23288,1,-0.679,0,0,0,0,1.154,1,0.0,0,1.052,-1.239,0,0.0,0.755,-0.954,0.0,0.0
1,1.463,0.0,0.89706,0.38235,0.91176,0.411,0.74265,0.67647,0.439,0.916,0.147,0.91,-0.014,0.86029,-0.276,0.422,-0.436,0.67647,-0.375,0.47794,-1.052,0.51,-0.86029,0.08824,-0.74265,-0.12500,-0.67925,-0.202,-0.288,-0.248,-0.508,-0.50735,-0.28676,-0.56618
0,1,0,-1.094,0.264,0.253,0.082,-0.75693,-0.70984,-0.352,0.616,-1.287,1.404,-0.445,0.33987,-0.79085,-0.033,-0.511,-0.83007,-0.60131,-0.54248,-0.04575,-0.948,1.29,-0.883,-1.395,-0.43137,0.74385,0.09176,-1,0.064,0.18301,0.035,-0.40201,-0.606
1,1.221,0,0.26667,-0.10000,0.53333,0,0.459,-0.142,0.36667,0.11667,0.56667,0.014,0.638,0.119,0.882,-0.036,0.471,0.224,0.41667,-0.011,0.31667,0.272,1.011,0,0.139,0.13333,0.46214,0.035,0.40000,0.036,0.657,0.039,0.41667,-0.05000
0,1,0.0,-0.26667,0.40000,-0.27303,0.12159,-0.117,-0.04444,0.06192,-0.06879,0.04461,0.02575,-0.00885,0.032,-0.01586,-0.00166,-0.001,-0.009,0.004,-0.001,0.00138,0.00238,-0.001,0.001,-0.001,-0.001,0.0,-0.001,0.0,0.00005,0.0,0.0,-0.0,0.0
1,1,0.0,1.112,-0.338,0.64865,0.29730,0.591,-0.225,0.93,0.11,0.561,-0.387,0.438,0,0.732,-0.05405,0.306,-0.244,0.392,-0.246,0.62162,0.05405,0.903,0.13514,0.35135,-0.29730,0.896,-0.22163,0.58478,-0.23027,0.72973,-0.401,0.51351,-0.24324
0,1,0,0.804,-0.03516,-0.803,-0.401,-0.704,-0.011,0.86,0.006,0.749,-0.021,-1,0.09,-1.3,-0.004,1.059,-0.03516,0.92188,-0.02734,-0.99219,0.11719,-1.21,0.34766,0.95703,-0.00391,0.846,0.148,0.90234,-0.06641,-1,-0.253,-0.836,-0.34375
1,1,0.0,0.95202,0.02254,0.93757,-0.007,1.334,0.01214,0.658,-0.025,1.376,0.008,1.308,-0.03064,1.416,-0.003,0.99480,-0.02659,1.459,0.01792,0.934,-0.043,0.93815,-0.02370,0.97052,-0.027,0.726,-0.01647,1.224,0.01908,0.95434,-0.027,0.513,0.00809
0,1,0.0,0.966,-0.03,1,-1.407,0.5,-0.073,0.36111,-0.22222,1,-0.288,0.16667,-0.14,0.705,-0.324,1.044,-0.232,1.441,-0.42862,0,-0.25000,1.439,-0.50333,1,-0.27778,1.421,-0.715,1,-0.341,1.242,-0.861,1,-0.65935
1,1,0.0,0.231,-0.10345,0.24138,-0.10345,0.12,-0.091,0.064,-0.049,0.03649,-0.03689,0.01707,-0.02383,0.011,-0.009,0.003,-0.00893,0.001,-0.004,-0.0,-0.00299,-0.0,-0.00166,-0.00031,-0.001,-0.00025,-0.001,-0.0,-0.00024,-0.0,-0.0,-0.00008,-0.00006
0,1,0.0,0.62745,-0.07843,0.957,0,0.60784,-0.07843,0.857,-0.11765,0.541,-0.082,0.729,-0.13725,0.64706,-0.059,0.727,-0.143,0.54902,-0.203,0.58824,-0.19608,0.702,-0.155,0.555,-0.31,0.477,-0.285,0.83,-0.31373,0.43137,-0.21569,0.619,-0.27451
1,1,0.0,0.352,0.16667,0.386,0.287,0.19036,0.23966,0.065,0.19939,0.01070,0.131,-0.02367,0.10188,-0.03685,0.06317,-0.03766,0.03458,-0.028,0.012,-0.02474,0.004,-0.018,-0.004,-0.01097,-0.004,-0.008,-0.006,-0.00294,-0.003,-0.00089,-0.005,0.0,-0.003
0,1,0.0,-0.479,0.139,0.069,0,0,0.074,0.842,0.051,0.241,0,-0.03125,0.113,0.07,0,0.15625,-0.15625,0.43750,-0.476,0.0,-0.09375,0,0,0.03,-0.46875,0.038,0,-0.876,0.041,-0.03125,0.0,0.0,0.09375
1,1,0.0,1,-0.007,1.163,-0.038,1.015,-0.06486,0.885,-0.01622,1.1,-0.018,0.717,0.08649,0.991,-0.06486,1.118,0.09189,1.381,-0.007,1,0.06486,1,0.04324,1.074,0.077,0.539,0.01251,1,-0.033,1,0.02703,0.71,-0.07027
0,1,0.0,0.85271,0.05426,1,0.048,1.418,1,0.898,-0.01,0.83721,0.03876,1.244,0.311,1,1,1.046,0.054,0.562,0.131,0.993,0.507,1.097,-1,0.80620,0.03,1,0.71613,0.582,0.06977,1,1.027,1,1.312
1,1,0.0,0.642,-0.01604,1,0.071,1,0.014,0.93048,0.006,0.571,-0.01604,1.481,0,1,0.087,1,0.04813,0.91444,0.04278,0.891,0.02139,0.98930,-0.02,0.966,0.05348,1.226,0.033,1.028,0.009,1.192,0.074,1.427,0.06417
0,1,0.0,-0.20500,0.28750,0.23000,0.10000,0.304,0.253,0.32250,0.412,0.327,-0.34617,0.069,0.27500,-0.123,0.145,-0.059,0.23500,-0.371,0.225,-0.611,-0.08000,0.436,0.33176,-0.381,-0.24000,0.194,-0.29,-0.47000,0.18500,-0.27104,-0.288,0.484,0.03050
1,1,0,0.60000,0.046,0.63333,0.06667,0.785,0.06667,0.826,0.0,0.895,0,0.80000,0.0,0.502,0,0.463,0.10000,0.938,0.116,0.456,-0.03333,0.76667,0,0.569,0.177,0.45,0.112,0.60000,0.13333,0.423,0.167,0.615,0.16667
0,1.11,0.0,0.056,-0.00838,0.06704,0.01,0,-0.008,0.004,-0.025,0.025,-0.07542,-0.00559,0.03,0.06425,-0.021,0,0.136,-0.06425,0.099,-0.046,0.034,0.039,-0.00559,0.00838,0.00559,0.105,-0.00838,0.022,-0.002,0.04469,0,0.04749,-0.03352
1,0.81,0,0.94653,0.28713,0.993,0.67248,0.372,1.214,0.01267,0.89109,-0.24871,0.695,-0.503,0.621,-0.676,0.41743,-0.66455,0.069,-0.83,-0.169,-0.603,-0.491,-0.199,-0.796,-0.048,-0.64792,0.16085,-0.839,0.36752,-0.41901,0.46059,-0.22535,0.296,-0.05980
0,1,0.0,0.055,0.013,-0.02586,0.049,0.01437,0.058,-0.057,0.00862,0.021,-0.06609,-0.03736,0.04310,-0.08333,-0.037,-0.081,0.08046,-0.04023,0.056,0.027,0.02299,-0.03736,-0.009,0.038,-0.009,0.00862,0.01724,0.028,0.01149,0.036,0.01149,-0.044,-0.003
1,1.2,0.0,0.72414,-0.01084,0.589,0.012,0.80000,0.00197,0.663,0.011,0.78424,-0.011,0.83350,0.027,0.85123,0.023,0.524,-0.008,0.79113,-0.02956,0.75961,0.043,0.921,0.054,0.72611,-0.01478,0.78041,0.009,0.74089,-0.05025,1.096,0.04,0.55,0.00788
0,1.295,0,0.03852,0.02568,0.003,0,0.01997,-0.01997,0.031,-0.047,-0.04850,-0.019,0.018,-0.025,0.0,-0.023,-0.04708,-0.02853,-0.01712,0.035,0.014,0.00428,0.073,-0.028,0.05136,0.02,0.03994,0.021,0.02,0.01,-0.02568,-0.01854,-0.01427,0.02
1,1,0.0,0.431,0.303,0.219,0.33598,0.25661,0.47619,0.01852,0.49471,-0.02116,0.337,-0.439,0.31217,-0.352,0.384,-0.441,0.07,-0.379,-0.072,-0.148,-0.08,-0.14815,-0.38095,-0.23280,0.00265,0.042,-0.261,0.15873,-0.21693,0.281,-0.171,0.26720,0.04233
0,0.658,0.0,0.055,0.007,0.171,-0.04119,0.141,-0.08238,0.12586,-0.06178,0.23341,-0.006,0.12357,0.07780,0.14645,-0.13501,0.177,-0.065,0.18993,0.046,0.144,0.0,0.11213,-0.002,0.15103,-0.055,0.05,0.01373,0.098,-0.06636,0.05,-0.07323,0.124,-0.06865
1,1,0,0.94333,0.228,0.278,0.64534,0.158,0.547,-0.55941,0.64899,-0.73675,0.62,-0.72,0,-0.62706,-0.399,-0.38391,-0.753,-0.163,-0.69287,0.69,-0.363,0.403,-0.37660,0.987,-0.03,0.68,0.321,0.231,0.60512,0.02742,0.54479,-0.243,0.50457
0,1,0,0.01975,0.006,0.04090,-0.004,0.032,0.01128,0.011,0.04372,0.00282,0.00141,0.02,-0.04,-0.01975,0.06065,-0.046,0.02680,-0.02,-0.003,0.066,-0.02539,0.022,0.0,0.0,-0.01269,0.02,-0.008,0.005,-0.012,-0.01693,-0.025,0.00705,0
1,0.821,0.0,0.85736,0.00075,0.81927,-0.047,0.77521,-0.036,0.84317,0.071,1.089,0.11949,0.8,-0.033,0.78342,0.023,0.83719,-0.06796,1.148,-0.126,0.88125,0.01195,0.677,0.02240,0.965,-0.011,0.525,-0.049,0.88125,-0.041,1.097,-0.01942,0.79089,-0.09186
0,1,0.0,0.906,-1,1,1,-0.579,1,1.021,-1.333,1,-1.264,-1,-1,-1,1.17,1.123,1,0.65,1.455,-1.233,0.633,1.012,-1.251,0.571,-1.016,1,0.716,1,1,-1,1,-1.169,1
1,0.548,0.0,0.85209,0.39252,0.38887,0.979,0.124,0.98903,-0.299,0.88744,-0.565,0.49980,-0.93092,0.157,-1.033,-0.387,-0.81,-0.55262,-0.19260,-0.86063,0.255,-0.80496,0.64649,-0.35230,0.56,-0.23324,0.422,0.178,0.459,0.432,0.19667,0.348,-0.11215,0.73
0,1,0,0.618,1,1,0.51250,0.631,-1.169,0.591,1.111,0.015,0.03,0.951,1,0.0,0.0,1,-1,1.257,0.692,1,1.376,0.43,1,1,1,1,0.903,0.821,0.636,-0.94375,0.58,0,0
1,1,0.0,1,0.531,0.623,1,0.016,1,-0.252,1.299,-0.82353,0.58824,-1.084,0.11765,-1.274,-0.33333,-0.64706,-0.68627,-0.191,-0.86275,0.237,-0.61,0.425,-0.896,0.92157,-0.162,1.027,0.21876,0.72549,0.365,0.23529,0.816,-0.11765,0.959
0,1,0.0,0.0,0,-1,-1.082,-1.447,1,0,0.0,-0.815,1.433,0.812,0.957,1,-1,0.0,0,0,0,-0.8,-1,-1.009,0.757,1,0.43750,0.625,-0.536,0,0.0,-1.448,-1,-1.474,1
1,1,0,0.639,0.656,0.305,0.90763,-0.22222,1,-0.33333,0.88889,-1,0.33333,-0.503,-0.11111,-1.287,-0.18,-0.711,-0.5,0.55556,-0.621,-0.22222,-0.478,0.996,-0.284,0.33333,0,0.92120,0.45019,0.775,1.077,0.148,0.684,-0.389,0.946
0,0,0.0,0,0,0.0,0.0,0,0.0,0,0.0,0.0,0.0,0,0.0,0,0,0,0.0,0.0,0,0,0.0,0.0,0.0,0.0,0.0,0.69,0,0,0.0,0,0,0.0,0
1,1,0.0,0.509,0.0,1,0,0.261,0.375,0.412,0.0,1.096,0.15,1.085,0.14210,1.107,0.16228,0.821,0.238,0.75000,0.681,0.75000,0,1,-0.189,0.5,0.427,0.73944,0.26388,0.75000,0.25000,0.69635,0.29074,0.784,0.282
0,0,0,-1,0.581,1,1,0,0.0,1,-1,1.395,-1.176,1.334,-0.964,-1.094,-1.022,0,0,-1,-1.152,0.0,0.0,0.0,0,-1,-1,0.77,-1.43,1.287,1,-0.839,-1,0.0,0.0
1,1,0,1,0,0.545,0.0,0.66667,0.11111,1.08,-0.126,0.88889,-0.11111,1.166,-0.313,0.829,0.0,0.426,0,1.257,-0.11111,1.092,-0.11111,0.761,-0.147,0.66667,0.0,0.90347,-0.05352,0.864,0.11111,0.88889,-0.105,1.262,0.0
0,0,0.0,0.0,0.0,0.0,0,0.0,0.0,0.0,0,0,0,-1.221,-1,0.0,0.0,1,0.408,0,0,0,0.0,-1.376,1,0.0,0.0,0.854,-1,-0.646,-1,1.192,1,0,0
1,1,0.0,1,0.465,1,-0.45,1.43,0.09091,1,-0.09091,0.656,0.0,1,-0.161,1,-0.18182,0.941,0.053,1,0.0,0.674,-0.41,1.162,0.09091,1,-0.086,1.317,-0.04914,1.087,0.45455,1,-0.379,0.728,-0.18182
0,1,0,0.62121,-0.63636,0.0,0.0,0.0,0.0,0.34470,0.246,0.42803,0.47,-0.111,0.51894,0.36364,0.363,-0.53788,0.32955,0.12121,-0.137,0.01894,-0.429,-0.315,0.162,0.159,-0.27273,0.25758,-0.64,0.304,0.136,0.196,-0.02273,0.142,-0.41667
1,1,0,1,0.167,0.884,0.23529,0.85,0.41176,1.208,0.041,1.073,0.189,0.53,0.167,1,0.47059,1,-0.079,1.002,-0.153,1,0.504,1,0.41176,1,-0.08,1,0.158,1,0.05882,1.112,0.377,1,0.35
0,1,0,0.0,0,-1,-0.62766,1,0.269,0.115,-0.154,-0.998,-0.36170,0.12766,-0.316,0.636,-1,0,0,0.82979,-0.07979,-0.367,1.367,0.104,-0.498,0.0,0.0,-0.19149,-0.28,-0.327,-0.695,0.582,0.90426,-0.51,0.45745
1,1.364,0.0,0.91667,0.42,0.83333,-0.235,0.684,0.25000,0.87500,-0.08333,0.91667,0.04167,0.927,0.12500,0.70833,0,0.914,0.039,0.961,0.08333,0.361,-0.101,0.68,0.16667,0.775,-0.12500,0.83796,0.068,1,0.259,0.895,0.0,0.41,0.04167
0,1.23,0,0.267,-0.193,0.0,0.0,0,0.0,0.0,0.0,0.0,0,0.11538,-0.19071,0.0,0.0,0,0,0.0,0,0,0.0,-0.055,-0.096,0.07853,0.08974,0.228,-0.077,0.12500,0.09615,0.02564,-0.04808,0.1,0.19551
1,1,0.0,0.875,-0.065,0.601,-0.138,1.233,-0.259,0.657,-0.438,0.88,-0.452,0.85788,-0.238,0.91904,-0.48170,0.688,-0.65224,0.826,-0.63544,0.82450,-0.487,0.58829,-0.74785,0.67033,-0.663,0.48757,-0.85669,0.415,-0.83893,0.24117,-0.88846,0.399,-0.89621
0,1,0.0,1.076,1,-1,1,-1,-0.82456,0.34649,0.199,0.46053,0.06,0.22807,0.05702,0.428,0.34649,0.72807,-0.03947,0.185,0.387,0.0,0.0,-0.29825,-0.179,1,-0.692,0.795,-0.633,1.136,-0.19,0.392,0.20175,1.069,0.111
1,1,0,1.347,0.214,0.546,0.00369,0.974,-0.30133,1.166,-0.23486,0.70643,-0.309,0.709,-0.221,0.71492,-0.465,0.344,-0.434,0.40473,-0.55059,0.717,-0.39328,0.469,-0.461,0.23966,-0.52142,0.242,-0.575,0.162,-0.39143,0.112,-0.51329,0.18353,-0.46603
0,0,0,-0.991,1.163,1.42,-1.026,0.0,0,0,0,1,-1.097,1,1,0.0,0,0.688,-1.297,0.0,0.0,0.0,0.0,1,1,-1,1.33,1,-1,-1.176,1,-1.015,-0.931,0.0,0
1,1.312,0,0.92247,-0.19448,0.96419,-0.17674,1.114,-0.224,0.81702,-0.317,0.79271,-0.335,0.704,-0.49639,0.63338,-0.49967,0.335,-0.70729,0.306,-0.432,0.40506,-0.54172,0.475,-0.59691,0.169,-0.817,0.126,-0.59589,-0.044,-0.39,-0.02,-0.67,-0.07457,-0.47
0,0.797,0.0,-1,-0.88,-0.50694,1.384,1.072,-1,1,0.436,0,0,0.23958,-1,0.75,1.458,0.0,0,0.922,1.192,1.264,1.273,0,0,-0.71528,1,0.33333,-0.603,1,-0.872,0.481,-1.004,0.56,1
1,1,0.0,0.84177,0.43460,0.5,1.111,0.09916,0.535,-0.531,0.579,-0.652,0.412,-1.123,0.209,-0.86709,-0.277,-0.603,-0.65612,-0.281,-0.85654,0.16245,-0.86498,0.463,-0.48,0.74895,-0.28903,0.77937,0.07933,0.889,0.42827,0.31435,0.636,-0.005,0.514
0,1,0,1.103,1.001,0,0,1,-1.164,-1.436,-0.684,1,1,0.7,-0.62,0,0.0,1,-1.33,1,0.662,0,0.0,1,-1,-0.621,-1.355,1,0.704,-1,1.181,-1.413,0.971,0.0,0
1,1,0.0,1,0.63548,1.473,1,0.856,1,-0.33333,1,-1,1,0.0,0.781,-1,1.012,-1.493,0.0,-0.678,-0.912,-1,-0.92536,-1.177,-0.33333,-0.33333,-0.569,0.185,-1.142,0.722,-1.371,0.0,-0.947,1,-0.66667
0,0.0,0,-0.587,0.823,-1,-1,0,0.0,-1,1,1,-1.063,-1.086,-1,-0.645,0.809,0.0,0.0,-1,-0.81,-1,1,0.0,0,1,-1.056,1,1.445,1,-1.344,1.116,1.216,0.0,0
1,1.001,0,1,0.06843,1,0.14211,1,0.285,0.655,-0.133,0.952,0.39495,1,0.48981,0.739,0.58986,-0.344,1,1.103,0.0,1,0.92001,1,1.258,0.528,0.696,1,1.067,1.379,0.25000,0.849,0.73,0.791,1.321
0,0,0.0,-1,-1.394,0.0,0.0,0.0,0,0.0,0.0,0,0.0,0,0,1,-1.295,0.0,0,-1,-1.233,0.0,0,1,1,1,-1.004,1.246,-1,0.0,0.0,0,0.0,0,0.0
1,1,0,0.77,-0.07896,0.58264,-0.099,-0.131,-0.133,0.196,0.04403,0.549,-0.26339,0.324,-0.31997,0.021,-0.18947,0.20269,-0.422,0.15196,-0.16,0.128,-0.31525,0.071,-0.285,0.03004,-0.25124,-0.00046,-0.217,-0.026,-0.21129,-0.046,-0.214,0.013,-0.27201
0,1,0,0,0,0,0.0,0.0,0.0,0,0.0,0.626,-0.33333,0.142,0.307,0,0,0.0,0,0.0,0,-0.163,-0.21875,-0.226,0.83,-1.237,0.5,0.026,0.964,-0.22917,-1,-0.077,-0.232,-0.16,-0.93750
1,0.516,0,1,0.05,0.606,0.107,0.496,0.14756,1.169,-0.152,0.66026,0.324,0.463,0.25283,0.73781,0.27380,0.398,0.28714,0.59615,0.29304,0.52494,0.392,0.3,0.366,0.39023,0.146,0.486,0.25553,0.292,0.23568,0.286,0.168,0.18086,0.19083
0,1,0,1,-0.107,-1,-1.106,-1,-0.705,1.337,0.31746,0.985,0.43,-1,-0.507,-0.947,1,0.558,1,1.131,0.54,0.503,-1,-0.85,-1.382,0.82937,0.275,1,1,1.051,0.50794,-0.647,-0.186,-1,0.72831
1,1,0,1.047,-0.002,0.775,0.43204,0.501,-0.205,0.738,0.16828,0.96197,0.136,1.492,0.067,0.91586,0.05097,0.84628,-0.161,0.87379,-0.094,0.84871,0.26133,0.773,-0.032,0.65,-0.019,0.626,-0.02302,0.98544,0.09385,0.78317,-0.093,0.711,-0.14725
0,0.821,0,1,-1.016,1.324,0.553,1.211,0.636,0.781,-0.317,1,1.012,0.87,1.374,1,1,0,0,1.17,1,0.889,1,1,-1,1,1,1,0.62500,1,-1.088,-1.113,0.748,0.579,1.263
1,1,0,0.906,0.23058,1.399,-0.78509,1.233,-0.059,1,0.15414,0.65,0.27820,0.98120,-0.049,0.741,0.06610,0.978,-0.222,0.438,-0.15633,0.97400,0.03728,0.99624,0.09242,1,-0.015,1.401,-0.058,0.91165,0.052,1.124,-0.154,1.22,-0.082
0,1,0.0,0.36876,-0.615,-1,-0.618,-0.07661,1,0.834,1.186,0.829,-0.38710,-0.58,-0.824,-0.09677,0.72,0.48684,0.46502,0.31755,-0.27461,-0.14343,-0.245,-0.11976,0.06895,0.042,0.039,0.03443,-0.006,-0.003,-0.021,-0.004,0.001,0.0,0.00325
1,0.504,0,0.656,0.526,0.769,-0.16964,1,-0.069,1.234,-0.082,0.70217,0.20663,1.166,0.021,0.505,0.024,0.692,-0.13074,0.584,0.049,1.376,0.001,0.90306,0.30804,1,-0.14541,1,-0.004,0.75638,0.07908,1,-0.186,1,-0.05740
0,0,0,0.0,0.0,0,0.0,0.0,0,0.0,0,0,0,0.625,1,1.409,1,1,-1.235,0.0,0,1.082,0.942,1.474,-1,0.839,1,1,0,1.326,0.811,0.75,-1,0.0,0.0
1,1,0.0,1.447,-0.28428,0.757,-0.25346,0.769,-0.35094,0.808,-0.30566,0.92736,-0.703,0.727,-0.44119,0.75723,-0.58899,0.668,-0.58019,0.602,-0.578,0.68459,-0.808,0.54465,-0.903,0.401,-0.73333,0.221,-0.76054,0.132,-0.78239,0.089,-0.47,0.179,-0.70000
0,1,0,0,0.0,0.0,0.0,0.0,0.0,-0.574,-1,0,0,1,-1.447,0,0,-1.277,-0.684,-1,-1.438,1,-0.69,-0.809,-1,1,1.475,-0.569,-0.257,1.067,-1,0,1,0.0,0.0
1,0.962,0.0,1.239,0.09091,1.101,-0.09091,0.77273,0.0,1,0.0,1.01,0.0,1.218,0.06,0.90909,-0.04545,1,0,1,0,1.038,0.124,0.562,0.087,0.90909,0.04545,1.129,0.017,0.648,0.09091,0.86364,-0.05,0.86364,0.04545
0,0,0.0,0.0,0.0,-0.521,1.162,1,0.755,-1,-1,0,0.0,-1,-1,-1,-0.31250,-1,-1,1.274,-1,0.625,-0.628,0.0,0,1.43,-0.751,-0.964,-1,0.0,0.0,1,-0.512,0,0.0
1,1.228,0.0,0.91176,-0.101,1.249,0.17647,1.098,0.08824,0.856,-0.033,0.97059,-0.203,0.97059,0.077,0.94118,0.025,1.022,0.0,1,0,0.76471,0.091,1.171,0.04,1.142,0.02941,0.92663,0.028,0.94118,-0.11765,0.97059,0.05882,0.858,0.05882
0,0.891,0.0,-1.066,1.404,-1.408,0.083,0.324,1,-1.166,1,-0.556,-1,1,1.26,-1,-0.23476,0.28301,-0.634,1.121,1,-0.31402,-1,-1,-1,0.854,-0.545,-1,-0.039,1,-1.433,-1.257,-0.279,0.14939,1
1,1,0.0,0.47368,-0.10526,0.541,0.009,0.846,0.02615,0.68421,-0.052,0.989,0,0.571,0.06,0.934,0.05756,0.84211,0.47368,1,0.05263,0.72550,0.067,0.412,0.077,0.42105,0.287,0.9,0.109,0.714,-0.229,0.60150,0.063,0.57418,0.09719
0,1.162,0,-0.00641,-0.5,0.0,0.0,-0.018,1.39,0,0.0,0,0,0.0,0,0.0,0.0,0,0.0,0.31410,1.224,-0.257,1.092,-0.39,-0.80769,0.0,0,-0.685,-0.437,0,0,0,0.0,0,0
1,1,0.0,1,0.45455,1,0.54545,1.061,0.63636,0.803,-0.09091,1,0.0,0.448,-0.248,0.638,0.355,1,-0.63636,1,-0.27273,0.64,-0.525,0.802,0.086,1.178,-0.09091,1,0.074,1,0.36364,1.193,0.656,0.649,0.329
0,0.0,0,-1,-0.884,1,-1,-1.419,1,0.0,0.0,1,-1.348,1.427,-1,0.0,0,0.0,0,0,0.0,-1,0.782,1,-0.869,-1,1,1,1.257,0.0,0.0,0.526,0.5,0.0,0.0
1,1.251,0.0,0.45455,0.09091,0.63636,0.09091,0.373,0.12,0.63636,0.0,0.408,-0.124,0.45455,-0.058,0.48612,-0.01343,0.381,-0.17,0.243,0.0,0.256,-0.09091,0.27273,0.176,0.36364,-0.113,0.26,-0.02,0.27273,0,0.222,0,0.28985,-0.01832
0,1.407,0.0,-1,-0.59677,0,0,-1.161,0.786,-0.81,1.151,0,0,0.0,0,0,0,0.0,0,0.0,0.0,-1.227,-1,0.0,0,0.312,0.263,1,0.626,0.0,0,0.0,0.0,0,0
1,1,0.0,1,0.14286,0.862,0.71429,1,0.71429,1.054,-0.14286,0.602,-0.174,0.859,0.037,1,0.0,0.42857,-0.205,1,0.042,1.093,-0.172,0.595,0,0.28571,-0.28571,0.91,0.04891,0.695,0.034,1.213,0.703,1,0
0,0,0,1.038,0.835,0.503,-0.941,0.633,0.943,1,1.366,1,1,1,-1,1,1,0.828,-1,1.325,-1.319,0.622,0.789,1,0.875,0.689,-1,0.869,0.795,1.111,1,1.243,1,1,1
1,1,0,1.061,0.46972,0.53945,0.82161,0.146,0.95275,-0.419,1.115,-0.878,0.702,-0.92099,0.122,-0.82417,-0.24942,-0.482,-0.821,-0.24012,-0.82881,0.18823,-0.755,0.51557,-0.774,0.787,-0.221,0.535,0.117,0.45,0.39762,0.279,0.73,-0.06739,0.57552
0,0.0,0,1.163,-1,0.881,1,1,-1,0.73,1,1,-0.549,0.724,-1.289,1,-1.42,0.713,1,1,1.412,1.015,1.214,1,-1.284,0.547,1,0.619,1,1,1.026,0.83,1,0.71,-1
1,1,0,0.638,0.054,0.993,0.196,0.86098,0.119,0.83675,0.36526,0.80619,0.40198,0.836,0.519,0.66,0.48360,0.372,0.405,0.628,0.52180,0.48435,0.54212,0.42546,0.558,0.33340,0.71,0.226,0.505,0.256,0.711,0.14312,0.555,0.11573,0.46571
0,0,0.0,1.24,1,1,-1,1.384,-1,1,1,0.0,0.0,0.711,-1.16,0.0,0,0.0,0.0,0,0.0,-1.072,1,1.353,1.172,0.0,0,0.982,1,0,0,-1,-1.418,0.0,0
1,1,0,0.93537,0.101,1.018,0.25359,0.85705,0.357,1.152,0.376,0.921,0.575,0.825,0.75000,0.599,0.739,0.424,0.57,0.25539,0.85952,0.13712,0.85615,0.006,1.063,-0.044,0.537,-0.183,0.719,-0.33169,0.71454,-0.38532,0.64363,-0.47419,0.55835
0,0,0.0,0.899,-1,-1,1,-1.001,1,0.682,0.717,1,1,-1,-1,-0.684,-1,0.622,1,1.121,-1,-1.407,-1.386,-1.413,-0.656,1,0,1.436,-0.901,0.662,-1.297,-0.572,1,-1,1.458
1,1,0,0.547,0.081,0.515,0.17,0.64615,0.19038,0.36923,0.538,0.44793,0.611,0.25000,0.824,0.25192,0.432,0.15215,0.525,-0.09808,0.57500,-0.03462,0.588,-0.08856,0.493,-0.093,0.388,-0.27,0.199,-0.317,0.29541,-0.26634,0.263,-0.272,0.31154
0,0.0,0.0,1.177,-1.473,0.89,1,1.493,-1,1,1,1,-1,0.947,1,1.368,-0.781,1,-0.722,0.971,1,0.631,1.116,1.379,-1,1,-0.645,1,-1.056,1,1,1,-1.108,0.587,1
1,1.211,0.0,1.31,0.13082,0.775,0.20036,0.88783,0.32248,0.89009,0.486,0.85550,0.392,0.72298,0.6,0.642,0.58820,0.58548,0.66893,0.395,0.70398,0.538,0.68159,0.257,0.804,0.34,0.726,0.143,0.78541,0.07497,0.873,-0.024,0.77702,-0.081,0.74242
0,0,0,0,0.0,1.126,1,0.0,0.0,1.258,1,0.0,0.0,0.837,-0.528,0,0.0,0,0.0,0.0,0.0,0,0,0,0,0,0.0,1.2,-1,0.0,0.0,-1,1.067,0,0
1,1,0,0.637,0.145,1.119,0.29757,0.477,0.401,0.701,0.56830,0.612,0.62719,0.434,1.004,0.457,0.67697,0.19128,1.099,0.04686,0.76171,-0.164,0.949,-0.18479,0.71327,-0.29291,0.649,-0.38798,0.729,-0.577,0.50131,-0.53146,0.409,-0.77,0.35095
0,0,0,0.0,0.0,1,0.618,1.131,1,0,0.0,0.0,0.0,-1,-1,0,0,-1.286,-0.936,0,0.0,0.0,0.0,1.434,1,0.0,0.0,0.624,0.996,0.0,0,-1,1,0,0
1,1,0,0.718,0.325,0.413,0.69431,0.357,1.194,-0.041,0.90135,-0.467,0.416,-0.425,0.56502,-0.82960,0.26906,-0.407,-0.08205,-0.62780,-0.30942,-0.366,-0.351,-0.085,-0.64338,0.09562,-0.503,0.376,-0.414,0.439,-0.29838,0.47029,-0.083,0.42152,0.12556
0,0.0,0,0.963,-0.575,0.564,1,1,1.285,1,1,1,1,0.576,-1.057,0.592,1,0.538,1.128,1,-1,1,-1.475,0.73,-1.337,1.211,-0.947,1,1,1.275,-1,0.595,1,1.067,1
1,1.382,0,0.641,-0.288,0.80151,0.067,0.892,0.16,0.398,0.05252,1.106,0.121,0.71947,0.246,0.68798,0.388,0.49672,0.221,0.64333,-0.02845,0.57399,0.3,0.53120,0.44872,0.749,0.57549,0.224,0.261,0.187,1,0.35070,0.556,0.30588,0.49831
0,0,0.0,0,0.0,0.0,0.0,0.0,0.0,0,0,0,0,0.0,0,0.0,0,0.0,0.0,0,0,0,0,0.0,0.0,0.0,0.0,0.889,1,0.0,0.0,0.0,0,0,0
1,1,0.0,0.94649,0.00892,0.97287,-0.002,0.98922,0.002,1.198,0.01598,1.365,0.03530,0.632,0.04719,1.247,0.01858,0.94277,0.07135,1.305,-0.004,0.85,0.04980,1.188,0.07098,1.091,0.095,0.603,0.04356,0.99,0.01,0.97845,0.053,1.012,-0.00260
0,0,0.0,0.72,1,-0.548,-0.524,-1.124,-1,0.0,0,0,0.0,-1.385,-1,0,0.0,0,0,0,0.0,-1,1.399,1.123,1.333,0,0,0.716,-0.906,0.0,0,-1,-1.203,-1.454,-1
1,0.741,0,0.312,-0.107,0.794,0.01513,0.71063,0.013,0.68065,0.011,0.435,0.05594,0.69050,0.04393,0.937,0.05058,0.67023,0.059,0.375,-0.029,0.782,0.057,0.63077,0.067,0.84033,0.249,0.59935,0.048,0.38228,0.083,0.56466,0.09046,0.378,0.09346
0,1,0.0,0.68729,0.951,0.473,-0.76087,0.81773,0.04348,0.383,0.10702,0.86789,0.745,0.70067,0.176,0.823,0.088,0.57,-0.249,0.684,0.18729,0.64883,0.202,0.60201,0.956,0.904,-0.53846,0.669,0.246,0.71070,0.714,1.169,-0.06522,0.56522,0.23913
1,1,0,0.76296,-0.049,1,-0.437,1,-0.85741,0.80000,0.066,0.484,-0.244,1,-0.102,1.034,-0.678,0.394,0.01852,0.775,-0.057,0.98215,-0.134,1.409,0.163,0.703,-0.26481,1.32,-0.24549,1.143,0.02037,0.87492,-0.27105,1,-0.356
0,0.621,0,0.257,0.15564,0.289,0.056,0.26459,0.24125,0.23346,0.13230,0.157,0.25292,0.313,0.36965,0.08949,0.148,-0.03891,0.36965,0.05058,0.125,0.142,0.079,0.042,0.384,-0.02494,0.412,-0.064,0.299,-0.14786,0.218,-0.09339,0.397,-0.191,0.28794
1,1,0.0,0.57540,-0.03175,0.519,-0.044,0.61508,-0.007,0.364,0.043,0.61706,0.09921,0.529,-0.023,0.377,0.009,0.873,0.037,0.60317,0.017,0.47817,-0.02778,0.59127,0.026,0.5,0.057,0.837,-0.01237,0.61706,-0.13492,0.929,-0.01389,0.62500,-0.028
0,1,0,0.074,-0.195,-0.047,0.05911,0.08374,-0.031,-0.01478,0.255,0.06404,0.0,0.12315,-0.094,0.05911,0.0,0.01970,-0.02956,-0.07,-0.301,0.073,0.01478,0.043,0.02,0.096,0.156,0.28079,-0.04926,-0.05911,-0.048,0.038,0.05419,0.089,-0.10837
1,1.152,0,0.323,0.159,0.70694,-0.065,0.70358,0.013,0.813,0.00224,0.951,0.15772,0.71588,-0.00224,1.064,0.041,0.83669,-0.16555,0.576,-0.07,0.894,-0.007,0.60962,0.113,0.71253,-0.09508,0.821,-0.01,0.63311,0.04810,0.78859,-0.053,0.758,-0.04698
0,1,0,0.138,0.35949,0,0.0,-0.416,-1.395,0,0,0.07595,-0.084,0.0,0.0,0,0.0,0.0,0,0.0,0.0,0.00759,0.836,-0.219,0.33671,-0.09,0.35696,0.064,-1,0.0,0,0.06329,-0.522,0.0,0
1,0.854,0.0,0.952,-0.00857,1.132,-0.022,1.003,-0.01822,0.89175,-0.156,0.82208,-0.10932,1.251,0.01179,0.90782,-0.13719,0.474,-0.083,0.504,-0.015,0.87996,-0.14577,0.82851,-0.178,0.90139,-0.282,0.57,-0.205,0.84352,-0.15,0.88424,-0.18542,0.91747,-0.189
0,1,0.0,0.509,-0.5,0.0,0,0.0,0.0,0.272,0.51042,0.58958,0.02083,0,0.0,0.0,0.0,0.196,-0.45417,0.59167,-0.133,0,0.0,0.0,0,1.004,-0.40833,-1,-1,-0.2,-0.822,0,0.0,0,0.0
1,1,0,0.88853,0.01631,1.351,0.019,0.92442,0.016,0.5,-0.114,0.834,-0.049,0.848,-0.006,1.111,-0.076,0.86025,-0.054,0.89451,-0.038,1.022,-0.12126,1.002,-0.11909,0.82980,-0.14138,1.202,-0.08,0.85536,-0.13051,0.83524,-0.12452,0.774,-0.12235
0,1,0.0,0,0.0,1.297,0.071,0.88444,-0.018,0,0,1,-0.341,1,0.19556,1,-0.064,0.7,-0.907,0,0.0,1,-0.04000,1.3,-0.18667,0,0,1,-1.073,0.0,0.0,1.069,0.095,0.771,-0.067
1,1,0.0,0.81143,0.023,0.58,-0.00143,0.79000,0.00714,0.426,-0.04286,0.87571,0,0.85571,-0.051,1.284,0.004,0.646,-0.035,0.426,-0.11857,0.601,-0.08429,0.841,-0.043,1.093,-0.098,0.81598,-0.08669,0.82571,-0.152,1.194,-0.05000,1.123,-0.15143
0,1.364,0,0,0.0,0,0,0,0,0.0,0,0,0.0,-0.659,1,1.227,0.55172,0,0.0,0.0,0,0.0,0.0,0.0,0.0,0.0,0,1.407,1.251,0,0.0,0.0,0,0.0,0
1,1,0,0.605,0.01818,0.249,-0.09610,0.356,-0.047,0.50130,0.083,0.44675,0.064,0.55844,-0.11948,0.446,-0.042,0.52727,-0.05974,0.55325,-0.01039,0.48571,-0.039,0.705,-0.006,0.569,0,0.53215,-0.028,0.43117,0.031,0.406,-0.049,0.719,-0.113
0,0.0,0,0.0,0.0,0.0,0.0,0,0,0,0,0.0,0.0,0,0.0,0.0,0,0.0,0,0.0,0,0,0,0,0.0,0.0,0,1,-1,0.0,0.0,0.0,0.0,0.0,0
1,1,0,1.29,0.704,1,0.269,0.25000,0.795,0.16851,0.762,-0.13336,0.914,-0.34107,0.60793,-0.339,0.235,-0.43663,0.084,-0.36676,0.00678,-0.168,-0.09025,-0.142,-0.111,-0.064,-0.12744,-0.02,-0.10242,0.01033,-0.07036,0.025,-0.036,0.023,-0.025
0,1.284,0,0,0,0.0,0.0,1,0.83,-0.881,-1,0.0,0.0,1,-0.11111,0,0,0,0.0,-1.118,0.891,1.219,1,1,-1,0.0,0.0,1.214,-1.347,0.0,0.0,0,0.0,1,1
1,1.163,0.0,1.229,0.236,0.64099,0.38,0.31347,0.615,-0.043,1.289,-0.42173,0.932,-0.70561,0.51560,-0.591,0.295,-0.902,-0.12539,-0.67474,-0.38102,-0.38334,-0.344,-0.13013,-0.659,0.13,-0.66421,0.38544,-0.529,0.52573,-0.296,0.407,-0.05938,0.51460,0.16645
0,1.244,0,0.0,0,0.0,0.0,0,0.0,-1.13,1.285,0,0,1.16,0.367,-0.138,-0.12000,0,0,-1.312,-1,0,0,1,-1.097,0,0.0,1,0.29,0.0,0,0,0.0,0.0,0.0
1,1,0,1.034,0.43491,0.59573,0.77655,0.19672,0.672,-0.305,1.371,-0.62526,0.71257,-0.86443,0.205,-1.279,-0.04,-1.128,-0.605,-0.432,-0.73285,-0.10237,-0.717,0.315,-0.77570,0.55984,-0.693,0.773,-0.198,0.651,0.09599,0.584,0.38915,0.306,0.57656
1,1,0.0,0.32834,0.02520,0.15236,0.14,0.119,0.74003,-0.308,0.92324,-0.099,0.19380,-0.625,0.178,-1.22,-0.05409,-0.121,-0.086,-0.30315,-0.48,-0.124,-0.614,0.02668,-0.22786,0.329,-0.06295,0.33737,-0.088,0.403,-0.103,0.15078,0.13296,0.082,0.20468
1,1,0.0,0.571,0.352,0.54040,0.78579,0.12326,1.263,-0.22,0.83578,-0.401,0.59564,-0.86622,0.21909,-0.84442,-0.24164,-0.84,-0.62,-0.257,-0.87787,0.147,-0.89064,0.36,-1.005,0.492,-0.306,0.83008,0.08718,0.66592,0.476,0.256,1.006,-0.045,0.79444
1,1,0.0,0.631,-0.048,0.59085,0.00481,0.375,-0.07461,0.63177,0.00963,0.355,-0.083,0.919,0.07220,0.62936,-0.08424,0.771,0.12,0.965,0.0,0.58965,0.098,0.50060,0.03129,0.984,0.14079,0.382,0.015,0.51384,0.04452,0.383,-0.007,0.831,-0.09146
1,1,0.0,0.791,-0.02390,0.724,0.03309,0.72243,0.16912,1.016,0.061,0.81434,0.438,0.659,0.005,1.018,0.21691,1,0.06066,0.374,0.032,0.67463,0.047,0.52022,-0.227,0.9,-0.114,0.535,0.07124,0.30882,0.08640,0.55916,0.045,0.554,0.21691
1,1,0.0,0.61538,0.126,0.796,0.02,0.588,0.018,0.947,-0.108,0.77538,0.043,0.73961,0.05060,0.396,0.05776,0.68615,-0.08923,0.594,0.16308,0.822,0.07573,0.446,0.08041,0.60154,-0.07231,0.548,0.08767,0.506,0.348,0.427,0.123,0.50609,0.09322
1,1,0.0,1.002,0.05375,0.84803,0.00202,1.006,0.004,0.84300,0.05,1.002,0.03,0.81892,0.00585,0.80738,0.007,0.674,-0.089,0.77935,-0.042,0.503,0.009,0.74635,0.00978,0.79632,-0.049,0.894,0.01096,0.747,0.11598,0.51,0.01190,0.433,0.01227
1,1,0,0.393,0.0,0.218,0.10435,0.49130,0.06522,0.46957,-0.03913,0.303,-0.178,0.45652,0.044,0.619,0.017,0.35652,0.284,0.612,0.14783,0.415,-0.038,0.32174,-0.087,0.47391,-0.00870,0.533,0.06908,0.38696,0.054,0.457,0.09,0.468,0.17391
1,1,0.0,0.984,0.048,0.78129,0.20656,0.539,0.28068,0.434,0.396,0.65917,0.264,0.57898,0.60814,0.533,0.58445,0.33354,0.822,0.367,0.63548,0.09599,0.928,0.023,0.606,-0.11,0.799,-0.11925,0.454,-0.18226,0.56015,-0.325,0.661,-0.27339,0.42467
1,1,0,0.927,0.09802,1,0.234,0.98390,0.33044,1.142,0.53020,0.74977,0.60297,0.789,0.71942,0.433,0.429,0.233,1.089,0.21137,0.79777,0.053,0.764,-0.022,0.978,-0.15144,0.49,-0.211,0.69187,-0.395,0.593,-0.318,0.388,-0.42815,0.44534
1,1,0,0.8,0.13425,0.87001,0.31543,0.78896,0.647,0.708,0.59975,0.54003,0.71016,0.39699,1.008,0.213,0.962,0.056,0.79598,-0.081,0.504,-0.214,0.66926,-0.374,0.899,-0.40552,0.50489,-0.312,0.588,-0.64,0.407,-0.299,0.19172,-0.254,0.05972
1,0.515,0.0,0.622,0.17498,0.594,0.33143,0.85096,0.49960,0.862,0.63842,0.625,0.73838,0.619,0.83614,0.238,0.90665,0.17959,0.93429,-0.009,1.382,-0.189,0.746,-0.33023,0.978,-0.677,1.127,-0.58563,0.761,-0.819,0.52564,-0.75321,0.237,-0.81210,0.26092
1,1,0.0,0.91767,0.18198,0.868,0.35543,0.939,0.45747,0.60425,0.831,0.682,0.74922,0.376,0.81795,0.149,0.637,0.005,0.85210,-0.102,0.77853,-0.467,0.76193,-0.615,0.497,-0.485,0.53886,-0.60328,0.206,-0.64511,0.215,-0.859,0.13667,-0.505,0.05394
1,1.007,0,0.396,0.21106,0.949,0.38112,0.48409,0.52500,0.194,0.225,0.13753,0.59565,-0.089,0.451,0,0.493,-0.27491,0.363,-0.707,0.36818,-0.36591,0.238,-0.40533,0.07588,-0.38483,-0.048,-0.33942,-0.146,-0.296,-0.224,-0.117,-0.24648,-0.17,-0.358
1,1,0.0,0.637,-0.474,1.146,0.55298,0.81126,0.07285,0.56623,0.172,0.32781,0.24172,0.654,0.145,0.63907,0.129,0.71854,0.363,0.482,0.13907,0.785,0.307,0.68874,0.082,0.763,0.181,0.26,0.25,0.46216,0.28574,0.43484,0.217,0.40821,0.29942
1,1,0,1,0.108,0.402,-0.155,0.951,0.125,0.71157,0.017,0.73,-0.039,0.467,0.12524,0.58634,0.029,0.53131,-0.031,0.761,0.16888,0.72676,0.07211,0.448,0.048,0.345,0.469,0.49090,0.17951,0.15180,0.462,0.44141,0.18897,0.56167,0.186
1,1.334,0.0,0.84843,0.079,0.547,-0.014,0.617,-0.035,0.66725,-0.075,0.59582,-0.07666,0.444,-0.05771,0.64260,-0.06438,0.39199,0.04530,0.71254,0.01,0.357,-0.08039,0.53430,-0.05,0.47038,-0.22822,0.48659,-0.135,0.692,-0.095,0.555,-0.073,0.293,-0.09808
1,1,0,0.994,0.063,0.848,-0.00482,0.746,-0.00722,0.892,-0.03923,1,0.01419,0.591,-0.012,0.95947,-0.012,0.98497,0.007,0.91152,-0.08848,1.157,-0.02364,0.94636,-0.02591,0.957,0.016,0.642,-0.018,1.261,-0.043,0.92774,-0.019,1.015,-0.03673
1,1,0,0.356,-0.165,0.637,-0.08,0.602,-0.39175,0.73196,0.07216,0.379,-0.21649,0.45,0.15979,0.45361,-0.159,0.27,0.031,0.5,-0.343,0.54639,0.248,0.42268,0.041,0.70619,0.19588,0.534,-0.12447,0.15464,-0.243,0.621,0.049,0.289,-0.51546
1,1,0.0,0.63510,-0.023,0.462,0.02,0.61432,0.36028,0.783,-0.00462,0.864,0.08314,0.635,-0.581,0.697,0.384,0.59584,0.169,0.63510,0.21940,0.584,-0.17,0.417,0.15359,0.64665,0.187,0.675,0.17704,0.61663,0.089,0.918,0.19841,0.69053,0.36721
1,1,0,0.281,-0.03596,0.439,0.014,0.58876,0.021,0.58876,0.02472,0.634,-0.00449,0.605,-0.061,0.514,0.00899,0.57303,0.024,0.708,-0.07416,0.605,0.102,0.57528,-0.03596,0.456,0.04944,0.56588,0.011,0.47640,-0.03,0.304,0.079,0.60674,-0.059
1,1,0.0,1.057,-0.006,0.66667,-0.04207,0.735,-0.055,0.438,0.08091,0.67314,0.09709,0.649,0.15858,0.35,-0.01942,0.473,-0.033,0.46926,-0.072,0.64725,0.133,0.325,0.21683,0.52427,-0.029,0.268,0.00040,0.31392,-0.06796,0.321,-0.158,0.245,-0.05178
1,1.487,0,0.68148,0.092,0.443,0.032,0.43,0.102,0.319,-0.00494,0.751,0.122,0.424,0.034,0.62469,0.09630,0.78272,-0.17531,0.73827,-0.11,0.671,0.005,0.60988,0.08148,0.66667,-0.12840,0.623,-0.02451,1.136,0.022,0.765,-0.07160,0.51358,-0.04691
1,1,0,0.774,-0.028,0.439,0.042,0.781,-0.051,0.50508,0.051,0.70508,-0.105,0.57966,-0.02034,0.53220,0.093,0.599,0.169,0.358,-0.015,0.53220,0.005,0.993,-0.03390,0.391,-0.03390,0.57262,0.009,0.58644,-0.00339,0.353,-0.02712,0.50169,0.06780
1,1,0.0,0.344,0.09709,0.249,0.05825,0.34,0.0,0.319,-0.027,0.58252,0.02427,0.33495,0.047,0.631,0.007,0.47087,-0.152,0.43204,0.004,0.34951,0.05825,0.21,0.246,0.31068,-0.15049,0.36547,0.052,0.39320,0.249,0.26214,0.0,0.361,-0.01942
1,1,0,0.987,0.02187,0.778,0.494,1.221,0.35222,0.595,0.48906,0.73584,0.548,0.29,0.72,0.43130,0.533,0.31800,0.387,0.28379,0.68873,0.07515,0.936,0.083,0.71284,-0.192,0.516,-0.117,0.60510,-0.124,0.55805,-0.404,0.44195,-0.187,0.37465
1,0.879,0.0,0.601,0.15810,0.90112,0.35237,0.82039,0.442,0.441,0.75,0.776,0.73743,0.40349,0.83156,0.25140,0.982,0.04700,0.585,-0.12193,0.763,-0.219,0.431,-0.37835,0.673,-0.407,0.58324,-0.861,0.667,-0.447,0.30796,-0.65754,0.18345,-0.579,0.02968
1,1,0,0.99701,0.21677,1.062,0.46,0.962,0.33,0.703,0.78120,0.387,0.88291,0.097,0.64,-0.06827,0.89274,-0.422,1.021,-0.43707,0.61688,-0.577,0.516,-0.744,0.35534,-0.64658,0.121,-0.66651,0.026,-0.64872,-0.108,-0.54615,-0.337,-0.47201,-0.372
1,1,0.0,1.407,0.19959,1.243,0.352,0.80514,0.56569,0.56687,0.84,0.236,0.83230,0.14939,0.489,0.05167,0.93682,-0.24742,0.83939,-0.42811,1.033,-0.621,0.409,-0.65515,0.739,-0.482,0.30912,-0.77097,0.126,-0.834,-0.054,-0.766,-0.128,-0.717,-0.34367
1,1,0,0.696,0.319,0.814,0.52821,0.58167,0.73151,0.34961,0.995,0.161,0.90403,-0.20015,0.89335,-0.39730,1.137,-0.58835,0.409,-0.505,0.40368,-0.816,0.118,-0.507,-0.049,-0.776,-0.403,-0.63237,-0.426,-0.46422,-0.408,-0.3,-0.801,-0.08937,-0.71273
1,1,0.0,0.89835,0.419,0.465,0.72,0.43898,0.631,-0.046,0.704,-0.334,0.75334,-0.144,0.614,-0.57377,0.219,-0.66750,0.10591,-0.47359,-0.083,-0.446,-0.06011,-0.384,-0.47592,-0.12897,-0.53620,0.07158,-0.51925,0.24321,-0.286,0.311,-0.309,0.42805,0.112
1,0.693,0,0.29073,0.10025,0.23308,0.225,0.03759,0.34336,0.082,0.26316,0.071,0.277,-0.044,0.12,-0.057,0.07907,-0.078,0.04097,-0.05431,0.01408,-0.041,-0.004,-0.039,-0.01176,-0.021,-0.022,-0.00886,-0.014,-0.00280,-0.01250,0.001,-0.012,0.00290,-0.004
1,1,0.0,0.58459,-0.35526,0.822,0.393,0.75376,-0.005,0.697,0.19361,0.642,-0.179,0.65977,0.034,0.726,0.141,0.72368,-0.449,0.76128,0.04511,0.66917,0.20489,0.638,-0.40977,0.703,-0.04699,0.389,-0.072,0.52820,-0.102,0.203,-0.159,0.44767,-0.10309
1,1,0,0.83609,0.13215,0.72171,0.079,0.65829,0.068,0.23888,0.12961,0.43837,0.303,0.689,0.12686,0.41,0.13507,0.374,0.034,0.304,0.11,0.218,0.187,0.29495,0.14638,0.26436,0.183,0.23641,0.14314,0.156,0.108,0.135,0.072,0.212,0.11
1,0.984,0,0.933,0.103,0.704,0.007,0.85124,0.014,0.76966,-0.00278,0.493,0.092,0.83289,0.03027,0.82680,0.03506,0.649,0.01943,0.80019,0.036,0.721,0.029,1.013,0.054,0.77336,0.02220,1.025,0.06235,0.85939,0.099,0.77863,0.07090,0.929,0.107
1,1,0.0,0.87111,0.029,1.183,0.27,0.715,0.359,0.89455,-0.092,1.046,-0.02,0.90446,-0.26724,0.794,0.19964,0.88644,-0.04642,0.84452,-0.014,1.26,-0.356,0.78954,-0.25101,0.821,-0.09193,1.276,-0.02908,0.603,-0.04101,0.75935,0.174,0.88238,0.1
1,1.286,0.0,0.74916,0.034,0.98994,0.142,0.676,0.12877,0.478,-0.09188,0.95842,0.016,1.091,-0.00469,0.835,0.10195,0.91482,0.024,0.71026,0.02683,0.528,-0.068,0.513,0.0,0.677,-0.008,0.546,0.02552,0.72435,-0.01073,0.90409,0.11066,0.503,0.02750
1,1,0.0,0.323,0.285,0.06213,-0.18343,0.62316,0.01006,0.64,-0.04438,0.56509,0.01775,0.568,0.222,0.71598,-0.034,0.779,0.103,0.41420,0.109,0.69,0.02842,0.732,-0.143,0.47929,-0.031,0.566,0.021,0.53550,0.25148,0.447,-0.14497,0.462,-0.00296
1,1,0.0,0.59887,0.116,0.69868,-0.128,0.85122,-0.164,1.053,0.019,0.50471,0.017,0.584,-0.066,0.80791,-0.152,0.505,-0.215,0.81544,-0.14313,0.70245,-0.00377,0.474,0.06215,0.369,-0.33145,0.61444,-0.16837,0.5,-0.02072,0.697,-0.401,0.67420,-0.195
1,1.438,0.0,1.052,-0.035,0.86412,-0.064,0.81953,0,0.908,-0.07643,0.71975,-0.139,0.46,-0.156,1.039,-0.18684,0.78132,-0.249,0.618,-0.10191,0.739,-0.096,0.89384,-0.031,0.514,-0.26115,0.74115,-0.244,0.66242,-0.22293,0.72611,-0.271,0.65817,-0.24841
1,1,0.0,0.894,-0.119,1.223,0.04,1.147,0.04076,0.418,-0.015,0.888,-0.05707,0.82337,-0.10598,0.67935,-0.004,0.632,-0.138,0.83424,0.03261,0.86413,-0.05978,0.97283,-0.27989,0.85054,-0.18750,0.769,-0.10211,0.687,-0.022,0.872,-0.055,0.762,-0.00543
1,1,0.0,0.943,-0.077,0.53755,0.16996,0.489,0.09486,0.69565,-0.132,0.66798,-0.174,0.87945,-0.19170,0.564,0.023,0.63043,-0.00395,0.924,-0.099,0.79249,-0.276,0.671,-0.337,0.857,-0.10474,0.61847,-0.12041,0.737,-0.128,0.509,0.098,0.61067,-0.01383
1,0.93,0.0,0.397,0.125,0.58980,0.00665,0.55432,0.06874,0.37,-0.13969,0.52993,0.009,0.934,-0.175,0.67849,-0.03326,0.751,-0.13525,0.444,-0.04656,0.47894,-0.204,0.399,-0.13525,0.538,-0.20177,0.338,-0.142,0.59867,-0.039,0.53659,-0.116,0.56319,-0.064
1,1,0.0,0.88116,0.301,0.692,0.42881,0.774,0.498,0.38825,0.662,0.09831,1.226,-0.20097,0.89200,-0.35737,0.77500,-0.65114,0.772,-0.78768,0.45535,-0.81856,0.231,-0.777,-0.08079,-1.001,-0.139,-0.855,-0.233,-0.409,-0.482,-0.229,-0.621,-0.19312,-0.75597
1,1,0,0.93147,0.285,0.741,0.792,0.59952,0.414,0.26203,0.601,0.041,0.96748,-0.23237,1.165,-0.55926,0.494,-0.73329,0.324,-1.125,0.502,-1.377,0.06040,-0.93618,-0.108,-0.83192,-0.334,-0.65165,-0.549,-0.41223,-1.136,-0.13590,-0.874,0.066,-0.94823
1,1,0.0,0.88241,0.30634,0.73232,0.57816,0.451,0.621,0.032,0.658,-0.133,1.171,-0.73,0.71996,-0.472,0.291,-0.81422,0.41195,-1.327,-0.00775,-1.178,-0.605,-0.76901,-0.45478,-0.57242,-0.755,-0.264,-0.81876,-0.02979,-0.869,0.307,-0.82127,0.002,-0.81686
1,1,0.0,0.83479,0.28993,0.69256,0.243,0.49234,0.713,0.21991,0.86761,-0.08096,1.025,-0.35558,1.13,-0.52735,0.379,-0.70350,0.204,-0.594,0.045,-0.71225,-0.207,-0.691,-0.39168,-0.283,-0.52954,-0.218,-0.306,0.08425,-0.61488,0.32,-0.719,0.227,-0.373
1,1,0.0,0.92870,0.261,1.087,0.741,0.49305,0.854,0.232,0.725,-0.13956,0.96167,-0.578,0.83590,-0.892,0.65490,-0.87474,0.229,-0.724,0.05595,-0.89824,-0.26173,-0.73969,-0.54069,-0.50757,-0.71,-0.225,-1.133,0.102,-1.004,0.36021,-0.712,0.59407,-0.311
1,1,0.0,1.119,0.31456,0.51,0.306,0.408,0.70677,0.255,0.78947,-0.18976,0.79886,-0.473,0.66541,-0.68421,0.28,-0.74725,0.19492,-1.071,-0.049,-0.404,-0.209,-0.424,-0.605,-0.38,-0.831,-0.015,-0.69706,0.22708,-0.64428,0.557,-0.51206,0.64662,-0.30075
1,1,0,0.98455,-0.02736,0.98058,-0.043,1.289,-0.07635,0.977,0.01456,0.95278,-0.029,0.98500,-0.109,1.291,-0.088,1.15,-0.14,0.97264,-0.104,0.99294,-0.061,0.95278,-0.08914,0.97352,-0.09,0.655,-0.117,0.93469,-0.132,1.169,-0.198,1.352,-0.18800
1,1,0,0.472,-0.01531,0.94170,0.01001,1.286,-0.01,0.776,-0.01060,1.348,-0.024,0.712,-0.023,1.095,-0.03887,0.95465,-0.04064,0.95230,-0.027,0.94229,-0.02179,0.92815,-0.049,0.623,-0.033,0.551,-0.064,0.811,-0.07479,1.196,-0.068,0.92049,-0.07420
1,1,0.0,0.565,-0.088,0.696,-0.002,0.96575,-0.15,1.316,0.18265,0.91781,0.00228,1.386,-0.111,0.62,-0.002,0.86758,-0.069,0.97032,-0.21233,1.253,0.10274,0.75,-0.05251,0.748,0.069,0.94043,-0.09252,0.97032,-0.125,0.85388,-0.08676,0.96575,-0.145
1,1,0.0,0.52542,-0.026,0.749,0.062,0.52542,-0.187,0.371,-0.012,0.666,-0.13559,0.628,0.28814,0.462,-0.35593,0.54237,0.01695,0.55932,0.03390,0.51,0.454,0.86441,0.05085,0.546,0.097,0.499,-0.00266,0.601,-0.024,0.83051,-0.152,0.76271,-0.10169
1,0.588,0.0,0.48,-0.25000,0.31,0.141,0.38889,0.16667,0.41667,0.13889,0.266,-0.14,0.76,-0.08443,0.777,0.222,0.742,0.018,0.186,-0.19444,0.238,-0.05556,0.52778,-0.02778,0.38889,0.08333,0.41543,-0.072,0.195,-0.13889,0.442,-0.176,0.08333,-0.5
1,1,0,0.685,1,0.764,0.496,0.699,1.088,0.45622,0.46427,0.33081,1,0.21249,0.808,-0.17416,1,-0.325,0.738,-0.601,1,-0.644,0.71699,-0.88500,0.383,-0.838,0.236,-0.773,0.092,-0.845,-0.195,-0.604,-0.42226,-0.91903,-0.65557
1,0.557,0,0.75564,0.49638,0.83550,0.54301,0.54916,0.72063,0.253,0.70792,0.13469,0.762,-0.088,1.244,-0.275,0.82223,-0.52742,0.71161,-0.384,0.792,-0.924,0.265,-0.79147,0.017,-0.98988,-0.31,-0.507,-0.422,-0.63312,-0.21,-0.363,-0.60454,-0.114,-0.598
1,0.89,0,0.83789,0.42904,0.72113,0.863,0.327,1.154,0.087,0.82732,-0.085,1.293,-0.46177,0.788,-0.59435,0.65,-0.466,0.26529,-0.84014,0.029,-0.62041,-0.31351,-0.47412,-0.48905,-0.195,-0.471,-0.038,-0.62691,0.144,-0.381,0.323,-0.54,0.48319,-0.24313
1,0.66,0.0,0.891,0.249,0.75254,0.65640,0.455,0.893,0.15323,0.95776,-0.21775,0.627,-0.708,0.769,-0.78751,0.58045,-0.93104,0.15,-0.489,-0.06418,-0.643,-0.40949,-0.65079,-0.779,-0.504,-0.84951,-0.04578,-0.91221,0.406,-0.838,0.438,-0.69613,0.773,-0.44173
1,1,0.0,0.92436,0.36924,0.71976,0.68420,0.274,0.94078,-0.123,0.76527,-0.31605,0.92453,-0.419,0.78766,-1.014,0.42314,-1.345,0.057,-1.098,0.03191,-0.575,-0.434,-0.46010,-1.086,-0.13,-1.009,0.235,-1.149,0.48904,-0.896,1.033,-0.471,0.76066,-0.13194
1,0.695,0.0,1,0.188,1,-0.056,1,0.013,1.425,-0.12352,0.557,-0.01511,1,-0.01731,0.958,-0.06374,1,-0.093,1.203,0.062,1.057,-0.10108,1.351,-0.02685,1,-0.22978,1.367,-0.097,1.167,0.08299,1,-0.119,1,-0.108
1,0.558,0,0.95559,-0.001,0.86421,-0.096,1.098,-0.00461,0.82809,-0.51171,0.736,0.057,1,-0.14247,1.31,-0.033,0.95853,-0.197,0.84013,0.61739,1,-0.16321,0.46,-0.102,0.85741,-0.024,0.643,-0.01769,0.663,-0.015,0.757,-0.016,0.583,-0.02039
1,1,0,0.79378,0.29492,0.613,0.52312,0.41319,0.419,0.201,0.83548,-0.16831,0.417,-0.313,0.72328,-0.391,0.475,-1.092,0.16755,-0.69977,-0.09856,-0.57695,-0.23503,-0.367,-0.38287,-0.23,-0.281,0.017,-0.444,0.22,-0.234,0.238,-0.204,0.34572,-0.12
1,0.7,0,0.911,0.35232,0.68389,0.464,0.301,0.998,0.062,0.90842,-0.353,0.86490,-0.604,0.69590,-1.132,0.315,-0.92,0.088,-0.81641,-0.24017,-0.64579,-0.684,-0.304,-0.668,-0.11147,-0.925,0.17041,-0.71504,0.40675,-0.86,0.654,-0.36765,0.62765,-0.13305
1,1,0.0,0.89589,0.221,0.607,0.71804,0.34,0.73,-0.071,0.94415,-0.506,0.872,-0.77660,0.756,-0.92819,0.269,-0.92282,-0.156,-1.115,-0.48404,-0.763,-0.76197,-0.184,-0.88591,0.21581,-0.635,0.348,-0.689,0.74846,-0.40656,0.83142,-0.07029,0.803,0.27926
1,1,0.0,1.137,-0.24051,1.012,-0.20253,0.87342,-0.063,0.588,0.01266,0.661,0.11392,1.069,0.095,1.048,-0.051,0.63291,-0.36709,0.87342,-0.014,0.584,0.072,1,0.35,0.407,-0.321,0.84637,-0.032,1,-0.041,0.53165,0.02532,0.83544,-0.02532
1,1.191,0,0.74790,0.007,0.557,0.01659,0.454,0.017,0.86555,0.01681,0.60504,0.05882,0.812,0.04731,0.77441,0.046,0.823,0.223,0.84034,0.04202,0.71285,0.07122,0.896,0.071,0.453,0.065,0.862,0.08296,0.596,0.01681,0.552,0.08757,0.809,0.078
1,1,0,0.85013,0.01809,0.858,0.01456,0.92046,0.019,0.92765,0.1,1.211,0.136,0.77,0.04320,0.629,0.05018,1.259,0.02842,0.95866,0,1.158,0.07047,0.983,0.095,0.606,0.10853,0.86923,0.116,0.987,0.085,0.766,0.058,0.84258,0.099
1,1,0.0,1.491,-0.006,1.278,-0.002,1.051,-0.012,1,-0.01565,1,-0.036,0.822,-0.02187,0.99828,-0.03087,0.99528,-0.041,0.99314,-0.037,1.041,-0.028,1,-0.066,0.685,-0.038,0.99842,-0.05527,0.99400,-0.081,0.99057,-0.06497,1.161,-0.06668
1,0.665,0,0.89505,-0.03168,0.87525,0.033,1.166,0.018,0.92871,0.025,0.91287,-0.007,0.94059,-0.022,0.537,0.021,0.656,0,0.775,0.01386,0.90495,0.01,0.769,-0.009,0.89307,0.02376,0.899,0.01611,0.88119,0.002,0.725,0.04158,0.86733,0.031
1,0.984,0,0.90071,0.01773,0.593,-0.01773,1.282,0.00709,0.854,0.05674,1,0.03546,1.448,0.014,0.97518,0.03546,0.821,-0.03,1.337,-0.03191,0.86170,0.068,0.935,0.09220,0.965,0.04610,0.676,0.03247,1.196,0.022,0.84,0.01064,1.017,0.021
1,1,0,0.435,-0.175,0.407,0.019,0.45455,0.095,0.944,0.101,0.17,-0.21212,0.339,0.15152,0.39394,0.0,0.56156,0.043,0.51515,0.036,0.78788,0.223,0.30303,-0.15152,0.432,0.066,0.46362,0.085,0.33333,-0.03030,0.41856,0.049,0.268,0.24242
1,0.69,0,0.86689,0.35950,0.632,0.63,0.543,0.551,0.112,0.85893,-0.195,0.442,-0.51763,0.869,-0.68714,0.41524,-1.116,0.09898,-0.44,-0.197,-0.32,-0.42207,-0.32537,-0.57679,-0.02844,-0.521,0.129,-0.53127,0.426,-0.37088,0.308,-0.19681,0.40956,0.024
1,1.405,0,0.89563,0.259,0.67311,0.6,0.35916,0.778,-0.051,0.93345,-0.38875,1.074,-0.962,0.803,-0.82680,0.30356,-0.86150,-0.047,-0.962,-0.404,-0.51778,-0.875,-0.327,-0.73855,0.093,-0.486,0.277,-0.62296,0.334,-0.42086,0.61217,-0.225,0.60073,0.08660
1,1,0,0.712,0.321,0.601,0.74761,0.284,1.126,-0.118,0.97820,-0.52236,0.83263,-0.79657,0.608,-0.988,0.15192,-0.93001,-0.25554,-1.033,-0.348,-0.609,-1.212,-0.02,-1.156,0.36318,-0.74,0.866,-0.375,0.85977,-0.28123,0.88654,0.09800,0.741,0.46301
1,0.933,0,1,1.341,0.201,0.06158,0.189,0.568,-0.368,0.574,-0.33,0.37685,-0.87192,0.392,-0.92857,-0.08867,-0.38916,-0.34236,-0.46552,-0.82512,-0.067,-0.933,0.194,-0.141,0.73792,-0.474,0.85471,-0.07,0.698,0.718,0.209,0.00246,0.17758,0.79790
1,1.353,0,0.739,0.51515,0.45455,0.33333,0.051,0.434,-0.471,0.73062,-0.45455,0.348,-0.691,0.0,-0.57576,-0.12121,-0.195,-0.538,-0.105,-0.84848,0.48485,-0.555,0.379,-0.42424,1,-0.464,0.72961,0.094,0.776,0.57576,0.223,0.36364,0.046,0.33333
1,1,0,0.88110,0.0,1.387,-0.04,0.93598,-0.01220,0.71,0.01829,0.90244,0.012,0.93902,0.012,0.95732,0.004,1.046,0.036,1.027,-0.01220,0.554,0.02439,0.777,0.05488,1.008,0.071,0.89666,0.013,1.232,0.00915,1.276,0.078,0.97561,-0.01220
1,1,0.0,0.895,0.08156,1.011,-0.101,0.90426,-0.01773,0.891,0.012,0.80142,0.113,0.593,-0.00709,0.791,0,0.93262,0.20213,0.95035,-0.01,0.91489,0.00709,0.80496,0.055,0.91135,0.15957,0.88,0.042,0.505,0.035,1.2,0.223,0.696,0
1,1,0,0.694,0.129,1.175,0.012,0.969,0.011,0.87234,-0.01,0.73050,0.10638,0.87657,0.023,1.096,0.03382,1.327,0.07801,0.95035,0.04255,0.85597,0.059,0.84931,0.041,0.87234,0.11348,0.83429,0.056,0.942,-0.028,0.582,0.039,0.748,0.07173
1,1,0.0,0.87578,0.024,0.89951,0.00343,0.544,0.005,0.86335,0.0,0.628,0.066,0.493,0.00994,1.246,0.008,0.83851,-0.034,0.958,0.031,0.84182,0.016,0.83486,0.01749,0.79503,-0.062,0.82111,0.02033,0.426,0.105,0.80757,0.02308,0.981,0.02441
1,1,0.0,0.97513,0.00710,0.643,0.02,1,0.017,1.462,0.019,0.95737,0.034,1.115,0.03552,1,0.047,0.766,0.02131,0.98579,0.05684,0.854,0.064,0.94494,0.05506,1.166,0.03552,1.141,0.06477,0.624,0.08171,1.052,0.06217,1.309,0.145
1,1,0.0,1,0.006,1.055,0.01105,0.559,0.02320,0.619,-0.011,1.291,-0.00221,0.98343,0.02320,1,0.011,0.97569,0.00773,1.262,0.016,0.98011,0.008,1.329,0.02099,0.766,-0.003,0.636,0.024,0.97901,0.01547,0.98564,0.027,0.98674,0.014
1,1,0,1,-0.007,1.316,0.01566,1,-0.00224,1.168,0.06264,0.844,0.045,0.95973,0.02908,1,0.06488,0.98881,0.03356,0.788,0.03579,0.99776,0.072,1.367,0.093,1.013,0.108,1.259,0.104,0.99105,0.086,1.008,0.144,1.152,0.092
1,1,0.0,0.88420,0.36724,0.664,0.67382,0.39613,0.459,0.02424,0.93182,-0.519,1.242,-0.60316,0.58842,-0.533,0.38778,-0.983,-0.007,-0.735,-0.257,-0.52504,-0.698,-0.178,-0.68126,0.00806,-0.69774,0.153,-0.686,0.44569,-0.437,0.727,-0.16,0.731,0.02823
1,1,0,1.13,0.543,0.64131,0.685,0.334,0.77,-0.20449,0.96534,-0.81,0.81191,-0.81857,0.50949,-1.131,0.10345,-1.011,-0.378,-0.904,-0.65461,-0.32354,-0.79,0.038,-0.94172,0.655,-0.738,0.501,-0.676,0.967,-0.18725,0.87893,0.20359,0.986,0.54852
1,0.945,0.0,0.32789,0.063,0.15970,0.326,0.14020,0.74485,-0.126,0.91993,-0.132,0.195,-0.63714,0.24865,-0.744,-0.004,-0.314,-0.19909,-0.226,-0.48886,-0.14426,-0.611,0.09345,-0.191,0.181,-0.18560,0.39599,-0.11498,0.395,0.05614,0.21443,0.122,0.156,0.331
1,0.772,0,0.65845,0.43617,0.325,0.435,0.05319,0.689,-0.343,0.82139,-0.68253,0.52408,-0.821,0.07111,-0.615,-0.234,-0.289,-0.71725,-0.064,-0.679,0.23292,-1.13,0.56663,-0.518,0.464,-0.18645,0.655,0.312,0.45185,0.59071,0.143,0.76764,-0.188,0.74356
1,1,0,0.19466,0.05725,0.04198,0.25191,-0.133,0.64,-0.117,-0.092,-0.287,0.082,-0.322,0.083,-0.16412,-0.198,-0.089,-0.39695,0.119,-0.17557,0.189,-0.132,0.28626,-0.239,0.312,0.301,0.03913,0.31092,-0.048,0.352,-0.16794,0.16794,-0.30153,-0.33588
1,1,0,0.98002,0.00075,0.67,0.0,0.735,-0.00075,0.661,0.02394,0.901,0.013,0.575,0.028,0.99170,0.02338,0.93929,0.068,0.472,0.05279,0.781,0.074,1,0.06241,0.94155,0.08107,1.301,0.085,0.95701,0.096,0.521,0.081,1.346,0.08616
1,1.337,0,0.82254,-0.1,0.601,0.00231,0.488,-0.012,0.671,-0.063,0.797,-0.111,0.84624,0.048,0.83121,-0.07399,0.627,0.06705,0.78324,0.06358,0.86763,-0.019,0.566,-0.046,0.545,-0.02370,0.76717,-0.033,0.725,-0.07630,0.687,-0.04220,0.78439,0.01214
1,1,0.0,0.35346,-0.073,0.524,-0.02423,0.609,-0.038,0.55717,-0.06119,0.658,-0.087,0.818,-0.037,0.59361,-0.07289,0.251,-0.26409,0.571,0.04992,0.49736,-0.08771,0.372,-0.08989,0.45008,-0.007,0.22,-0.09038,0.526,-0.11,0.32232,-0.111,0.168,-0.08300
1,0.997,0,0.743,0.01092,0.451,0.00258,0.861,0.00384,0.79988,0.015,0.81504,0.105,1.038,0.007,0.471,0.00854,0.594,-0.036,0.76531,0.03881,0.76979,0.01148,1.109,0.01232,0.536,-0.00303,0.70886,0.019,0.984,0.006,0.486,0.014,0.63887,0.01525
1,1,0,0.434,-0.008,0.97404,0.06831,0.707,0.50137,0.948,-0.002,0.65164,-0.14071,0.55,-0.361,0.545,0.58743,0.76776,0.329,0.78552,0.131,0.338,-0.42,1,0.006,0.60656,0.103,0.702,0.172,0.7,0.079,0.55328,0.24590,0.13934,0.48087
1,1,0.0,0.83508,0.08298,0.73739,-0.127,0.926,-0.05567,0.90441,-0.066,0.994,0.13130,0.81197,0.044,0.79307,-0.08929,1,-0.023,1.15,0.06618,1.054,0.008,0.77521,0.064,1.288,-0.06,1.141,0.002,0.971,0.12815,0.86660,-0.158,1.037,-0.04307
1,1,0,1.137,0.002,0.95183,-0.029,0.93438,-0.016,0.94590,0.022,0.96510,0.035,0.94171,0.07330,1.37,-0.007,0.687,0.002,0.94834,0.06038,1.082,0.08412,0.93,0.075,0.794,0.01361,0.896,0.04925,0.742,0.095,0.94066,-0.00035,0.51,0.04712
1,0.558,0.0,0.94701,-0.0,0.93207,-0.037,0.95177,-0.03431,1.384,0.02446,1.237,0.01766,0.92595,0.036,0.93954,-0.021,0.94837,0.012,0.93784,0.01393,0.729,0.101,0.549,0.044,0.899,0.03,0.92489,0.02,0.92120,0.02242,0.92459,0.007,1.177,-0.00577
1,1,0.0,0.692,-0.009,1.294,-0.01989,1.108,-0.03646,0.85746,0.00110,0.89724,-0.03315,0.714,-0.015,0.937,-0.04530,1.295,-0.005,0.80773,-0.118,1.016,0.011,0.92155,-0.02320,0.665,-0.02099,0.685,-0.07760,0.959,-0.17238,1.078,-0.03757,0.842,-0.16243
1,1,0,0.84710,0.13533,0.921,-0.068,0.615,0.098,0.936,-0.089,0.973,0.06678,0.80668,-0.004,0.842,-0.01054,0.85764,-0.04569,0.87170,-0.025,1.219,-0.09490,0.71002,0.04394,0.86467,-0.15114,0.701,-0.071,0.957,-0.004,0.495,-0.06678,1.172,-0.066
