1,0.563,0.0,0.99539,-0.05889,1.249,0.014,0.83398,-0.37708,1,0.03760,0.868,-0.143,0.59755,-0.508,0.903,-0.38223,0.774,-0.476,0.431,-0.482,0.655,-0.185,0.36946,-0.476,0.56811,-0.51171,0.41078,-0.46168,0.242,-0.34090,0.546,-0.562,0.121,-0.45300
0,1,0,1,-0.282,0.93035,-0.5,-0.088,-0.93597,1.463,-0.04549,0.683,-0.448,0.398,-0.383,-0.51685,-0.853,0.063,-0.62237,0.33109,-1,-0.075,-0.298,-0.18056,-0.35734,-0.242,-0.26569,-0.26,-0.231,-0.19040,-0.077,-0.171,-0.042,-0.13738,-0.021
1,1,0,1,-0.019,1.156,0.00485,1,-0.103,0.684,0.016,0.679,0.05346,0.811,0.007,0.508,0.004,0.83775,-0.177,0.75535,-0.102,0.70887,-0.27502,0.43385,-0.12062,0.541,-0.453,0.58984,-0.22145,0.299,-0.213,0.412,-0.235,0.387,-0.38238
0,1,0.0,1,-0.45161,1.302,0.822,0.516,-0.68,0,0,0.0,0.0,0,0,-1,0.127,0.54094,-0.209,-1.041,-0.54467,-0.69975,1.25,0.0,0.0,1.051,0.90695,0.51613,0.753,1.278,-0.13,0.285,1.442,-0.32382,1
1,1.083,0,1,-0.02401,0.782,0.083,1.16,-0.297,0.54,-0.245,0.52798,-0.20275,0.356,-0.004,0.404,-0.27457,0.28,-0.21780,0.45107,-0.17813,0.05982,-0.255,0.016,-0.353,0.043,-0.536,0.13290,-0.488,0.02431,-0.62197,-0.08,-0.76,-0.04608,-0.65697
0,1,0,0.02337,-0.00592,-0.071,-0.128,-0.006,-0.069,0.14706,0.06637,0.03786,-0.06302,0.0,0,-0.059,-0.092,-0.003,-0.10196,-0.173,-0.068,0.01838,0.033,0.013,0.008,0.03513,-0.01535,-0.027,0.091,-0.07859,0.007,0.0,0.0,-0.0,0.12011
1,1,0,1.198,-0.137,0.94601,-0.20800,0.92806,-0.28350,0.951,-0.27342,0.942,-0.502,0.78225,-0.749,0.597,-0.912,0.444,-0.938,0.382,-0.73641,0.36324,-0.76562,0.31898,-0.708,0.22792,-1.208,0.093,-0.82510,0.033,-0.895,-0.04262,-0.771,-0.131,-0.476
0,0,0,0,0.0,0,0,1,-1,0,0.0,-0.643,-0.841,0.0,0.0,0.0,0,1,1,-1,-0.69,0.0,0.0,0.0,0.0,1,0.891,1,1,0.0,0.0,0.513,1.459,0.0,0.0
1,0.638,0,1.286,-0.092,1.339,-0.14333,0.945,-0.251,1,-0.36174,0.92570,-0.43569,1.352,-0.532,0.90392,-0.46381,1.374,-0.35257,0.84537,-0.858,0.975,-0.849,0.69637,-0.781,0.746,-0.65440,0.57577,-0.563,0.357,-0.437,0.373,-0.72779,0.502,-0.73420
0,1,0.0,-0.011,-0.08459,0.0,0,0.0,0.0,0.163,-0.26810,-0.45663,-0.3,0,0.0,-0.291,0.453,-0.37133,0.13,0.63728,0.145,0.0,0,0.0,0.0,-0.14803,-0.01326,0.181,-0.029,0,0,0.129,0.24086,-0.078,0.38065
1,1,0,0.613,0.06655,1.242,-0.227,1.341,-0.27320,0.759,-0.264,0.933,-0.297,0.96232,-0.691,0.948,-0.59017,0.483,-0.706,0.69876,-0.70997,0.486,-0.76320,0.345,-0.803,0.55867,-0.808,0.47211,-0.881,0.40303,-1.218,0.30996,-0.92,0.22995,-0.89158
0,0.739,0.0,0.919,-0.54210,0.659,-0.765,1.11,-1,0.963,0.36217,1,-0.24,0.718,0.8,0.698,-1.353,1,-0.43,1,-0.93599,0.508,1,1,1,0.836,-0.488,1,-0.62745,0.668,-1.15,1,-1,1,-1.177
1,1,0.0,1,-0.16316,1.227,-0.149,0.564,-0.154,0.93,-0.28,0.94055,-0.214,0.95735,-0.234,1.29,-0.232,0.94486,-0.28106,0.90137,-0.43383,1.167,-0.495,0.82987,-0.559,1.19,-0.47137,0.972,-0.58370,0.65723,-0.68794,0.998,-0.853,0.64727,-0.571
0,1,0.0,1,-1.089,1.106,0.22280,0.717,-0.495,1,-0.157,0.983,0.35147,0.526,0.07772,1,-0.14767,1.275,-0.748,1,-1,0.477,0.15803,0.513,0.598,0.626,-0.17012,1.363,0.35924,1.084,-0.432,1.232,0.88428,1,-0.142
1,1,0,1,0.092,0.932,0.03420,0.925,-0.032,1,0.08764,1.421,0.19651,1.325,0.189,0.927,0.12785,1.386,0.069,1,0.343,1,0.558,0.782,0.331,1,0.147,1.094,0.36743,0.95603,0.346,1.211,0.257,1,0.46712
0,1.492,0,0.448,-0.533,1,0.384,-0.03520,-0.889,1,-0.972,0.289,-0.895,0.0,0,-1,-0.34265,-0.23,0.03623,1,-1,0.0,0,0,0.0,-0.235,1.129,0.526,0.26501,0.0,0,0.676,0.346,0.0,0
1,1.206,0,1.181,0.06468,1.061,-0.008,0.97811,0.037,0.96112,0.02312,0.99274,0.09,0.89323,0.058,0.786,0.05269,0.937,0.11120,0.562,0.101,1.188,0.176,0.655,0.14442,0.81329,0.134,0.79476,0.173,0.513,0.15379,0.77122,0.202,0.942,0.12015
0,0.0,0,0,0.0,-1,-1,0.95,1,-1.308,1.189,-0.762,0.789,1,-1.008,1.289,1.225,-1,-1,-1,1,0.515,-1.355,-0.912,1.042,-1.428,1,1,-1,-1,0.788,-1,-1.298,0.503,-0.509
1,1,0,0.679,0.03,0.84,0.05031,0.844,0.1,0.089,0.176,0.641,0.12131,0.782,0.188,0.78637,0.10976,0.343,0.157,0.14395,0.468,0.53888,0.229,0.51420,0.323,0.492,0.23724,0.46167,0.24618,0.562,0.25306,0.604,0.25792,1,0.381
0,0.0,0.0,1.081,-1.105,0,0,0,0.0,1.166,1.06,0.85,-1,-0.468,1,0.0,0,-1,1.131,0.904,1.299,-1,1.203,1,0.56250,-1,1.181,0.887,0.742,1.472,-1,1,1.342,1,1
1,1,0.0,1,-0.007,0.741,-0.125,1.128,-0.109,1,-0.1,0.501,-0.139,1,-0.513,1,-0.218,0.92124,-0.411,0.86473,-0.423,0.91693,-0.323,0.622,-0.46866,0.81874,-0.449,0.82681,-0.286,0.435,-0.309,0.80448,-0.40575,0.74354,-0.45039
0,0,0.0,1,1.315,0.0,0.0,0.0,0,-0.694,-1.253,0.0,0,0.0,0.0,-1,-1,-1,-1,-1,0.876,-1,1,0.0,0.0,0,0.0,0.614,-1,-1.481,1,-1,1.07,-0.809,0.66
1,1,0.0,1.057,0.07088,0.638,0.052,1,0.072,0.90169,-0.067,0.767,0.02580,0.83250,-0.06142,0.87534,0.057,0.524,0.00280,0.613,-0.05295,0.643,-0.07905,0.357,-0.075,0.55677,-0.07705,0.58051,-0.017,0.494,-0.019,0.381,-0.00015,0.369,-0.001
0,0.0,0.0,-1,1.257,0,0.0,0.0,0.0,-0.502,1.384,1.188,0.636,0,0,0,0.0,1,-1,-1,0.531,0.647,0.926,0.0,0.0,-1,-1.441,1,-1,1,0.742,-1,0.588,0,0
1,0.747,0.0,0.961,-0.06182,1,0.02942,0.604,-0.05131,0.732,-0.01707,1,-0.11726,0.84493,-0.051,1.249,-0.051,0.69170,-0.056,0.555,-0.163,0.94910,-0.31558,0.988,-0.426,0.84932,-0.282,0.608,-0.195,0.73094,-0.378,0.54356,-0.307,0.63,-0.39487
0,1,0.0,1.094,0.57820,0.557,-1,0.804,-0.893,1.063,-1.165,1,-0.561,1,-1,1,-1.066,1,-0.528,1,-0.718,1,-0.62796,0.562,-1.064,0.582,-1,0.72,-1.327,1,-1,0.95,-1.318,0.83,-1
1,0.951,0.0,1,-0.08714,1,-0.17263,1.082,-0.711,0.94817,0.61053,1.411,-0.27,0.525,-0.472,1.213,-0.23433,0.535,-0.62180,0.123,-0.523,0.90284,0.098,0.62357,-0.78547,0.818,-0.82868,0.334,-0.634,0.307,-0.89674,0.237,-0.53,-0.13341,-1
0,0,0.0,-0.628,-0.977,0.0,0.0,-1.033,1,0.997,-0.378,0.0,0.0,0.0,0,0,0.0,1.485,-1,-1.426,-1,0.522,-1,0,0.0,1,-1,-1,0.799,-1,-0.935,0.0,0,-1,1
1,1,0,1.367,0.08380,1.424,0.17387,1,-0.08,0.849,0.64520,1,0.47904,1,0.65,1,0.787,1,1.055,1.425,1.044,1,1.478,0.98042,1.35,0.91624,1.023,0.83899,1.146,0.728,0.654,0.766,0.966,0.51,1.203
0,0,0.0,-0.835,-0.695,0.958,0.84,1.447,-0.526,-1.059,1.163,1,-1.351,-0.549,-1,0.0,0,1,1,-1,-1,1,-0.557,1,-1,1.167,1,0.796,-1,1.057,-0.999,-0.741,0.707,1,-1
1,1,0.0,0.764,-0.188,1.156,-0.16256,1,-0.19,1,-0.07514,1,-0.171,1,-0.218,0.939,-0.21,0.797,-0.559,1,-0.607,1,-0.321,1.27,-0.431,1,-0.47643,0.98820,-0.277,0.614,-0.75820,0.615,-0.75761,1.495,-0.84437
0,0.529,0.0,1.468,-1,0.769,0.911,1,-0.534,1,-1,1.319,-1.034,1.123,-0.01840,1.158,-1,1.155,1.072,1,-0.85583,0.964,0.73,1.25,-0.802,0,0,1,1,1,-1.121,0.879,1.145,1,1
1,0.977,0,0.88208,-0.096,0.93408,-0.165,0.92100,-0.245,0.9,-0.17036,1.083,-0.31809,0.85269,-0.31463,0.82116,-0.196,0.80681,-0.351,0.892,-0.329,0.781,-0.644,0.66150,-0.50085,0.657,-0.506,0.702,-0.58,0.433,-0.481,0.336,-0.57377,0.42189,-0.58086
0,1.236,0,0.71253,-0.02595,0.41287,-0.144,1.115,-0.063,0.99709,-0.106,0.624,-0.111,0.666,1.466,0.841,-1.137,0.82270,-0.17863,0.929,-0.259,-0.25914,0.687,0.51933,0.05456,0.65493,-0.305,0.93124,-0.41307,0.415,-0.328,0.485,-1.129,-0.23186,-1
1,1,0,0.812,-0.15899,0.72314,0.152,0.554,-0.6,1.272,-0.28207,1.463,-0.669,0.925,-0.12527,0.888,0.203,0.845,0.495,0.669,0.26590,0.96354,-0.01891,0.712,-0.91338,1,0.14803,1,-0.076,1,-0.095,1,0.467,1.191,-0.331
0,1,0,0.745,-1.442,1.25,1.3,1,-0.67321,0.559,-0.483,0.93,-1,1,-0.83,0.9,0.423,0.122,0.70982,1.382,0.734,0.682,0.85268,1.352,-1,1,0.81,0.972,-0.111,0.95982,-0.36250,1,0.802,1,0.34732
1,0.724,0.0,1,0.00433,1,-0.01209,0.685,-0.016,0.845,-0.07014,0.97839,-0.08,1,-0.06544,1.081,-0.069,1.204,-0.13665,0.99,-0.097,0.757,-0.14248,0.913,-0.177,0.89469,-0.20851,0.732,-0.116,0.645,-0.277,0.83777,-0.20101,0.83867,-0.225
0,0.0,0.0,1,0.53,0.665,-1,0.0,0,0.0,0.0,-0.717,-1.275,0,0,0,0,-0.83,1.259,1,1,-1,0.7,-1,0.63,1.303,-1.278,0.822,1,-0.667,0.59,1,1,0.0,0
1,1,0.0,0.91241,0.044,0.94191,0.02280,0.94705,0.05345,1.395,0.01321,1.309,0.055,0.92,0.07,0.66,0.06211,0.88899,0.12722,0.83744,0.155,0.80983,0.11849,0.647,0.183,0.911,0.11299,0.604,0.13282,0.629,0.151,0.896,0.101,0.566,0.068
0,1,0.0,1.008,0.014,0.99672,0.072,0.866,0.075,0.397,-1.106,0.91036,0.11147,0.575,0.53640,0.656,0.126,0.909,0.104,1,0.608,0.65850,0.16371,0.434,0.16516,0.75,0.126,0.48867,0.16019,0.472,0.15436,0.362,0.14677,1,1
1,1.441,0.0,1.335,0.042,0.878,0.229,0.69,0.167,0.783,0.32213,0.576,0.39039,0.75474,0.725,0.79555,0.52321,0.65954,0.60756,0.57619,0.509,0.631,0.748,0.40553,0.68840,0.502,0.93,0.27712,0.371,0.19296,0.70682,0.11372,0.485,0.061,0.71444
0,1,0,-1.401,-1.272,0.945,1.217,1.405,-0.14375,0,0.0,-1,1,1,0.658,0.122,-1,-0.826,-1.3,0.056,-1.398,1.178,-1,-1,0.877,-1,-1.293,1,-1,-1,-1.339,1,0.876,0.0,0.0
1,0.867,0,1.308,0.08791,1.231,0.102,1.233,0.097,0.809,0.68154,0.70207,0.431,0.167,0.42739,0.453,0.437,0.51067,0.49618,0.349,0.12967,0.37824,0.425,0.31274,0.506,0.257,0.555,0.18626,0.56605,0.12635,0.719,0.061,0.506,0.12137,0.67739
0,1,0,-0.64286,-1,1.062,0.578,0.933,-1.018,0.759,-0.23393,0.542,1.29,1,-0.231,1,-0.613,1,0.138,1.045,-1.353,1.456,-0.042,-0.84286,1,0.43,0.85714,0.547,0.718,1.332,-0.688,1,-1,1,-1
1,1,0,0.99025,-0.05785,0.917,-0.164,0.98663,-0.149,1.185,-0.151,0.685,-0.30130,0.774,-0.37965,0.865,-0.222,0.571,-0.625,1.282,-0.381,0.79016,-0.43,0.879,-0.743,0.69,-0.68479,0.43,-0.73174,0.61010,-0.75353,0.608,-0.80278,0.49195,-0.83245
0,0,0,0.0,0.0,0.0,0,0,0.0,0.85,1.356,0.564,0.983,0,0.0,0,0,-0.496,-0.61,-1.415,-1,0.0,0,0.0,0,-1.227,-1,-1,-1.463,-1,1.452,1.453,0,0.0,0
1,1,0,0.752,-0.02,0.96,-0.062,0.99601,-0.136,1.276,-0.09931,0.507,-0.13814,0.606,-0.141,0.95288,-0.25099,0.989,-0.34400,1.155,-0.352,0.89991,-0.439,1.14,-0.37643,0.86213,-0.42990,1.133,-0.535,0.81433,-0.319,0.979,-0.581,0.75115,-0.50152
0,0.79,0,0.749,-0.02685,-0.712,0.326,-0.36393,0.35639,0.641,-0.412,1,-0.03353,-0.29020,-0.005,-0.54852,0.144,1.306,-0.45,0.545,-0.626,-0.29735,-0.417,-0.73864,0.37361,0.778,-0.46734,0.723,-0.336,1,-0.61393,-0.075,0.251,-0.045,0.41913
1,1,0.0,0.51,0.00874,0.98103,-0.03818,1.457,-0.051,0.95947,-0.06971,0.88,-0.04507,0.626,-0.16,0.93369,-0.191,1.198,-0.11583,0.846,-0.117,0.776,-0.17387,0.964,-0.227,0.88487,-0.133,0.81813,-0.261,0.78546,-0.343,0.506,-0.306,0.74323,-0.23902
0,0.834,0.0,0.0,0,1.055,0.289,0,0,0.10991,-1,0,0.0,0.0,0.0,-1,-0.22414,-0.55711,-0.83297,0.602,0.724,0,0.0,0.625,0.453,-0.90302,0.467,1,-1,-1,0.967,0.0,0.0,0.0,0.0
1,1,0.0,1.201,-0.186,0.332,0.035,0.93421,-0.003,1.191,0.069,0.81121,-0.01789,0.893,0.342,0.91714,-0.57486,0.967,-0.29520,0.86676,-0.20104,1.308,1.225,0.46610,-0.084,0.71,-0.022,0.711,-0.01158,0.562,-0.32298,0.84463,-0.25706,1.075,-0.01425
0,0.0,0,1.428,1,1,-1,0.0,0.0,0,0,1.013,1,1,1.168,-0.863,-0.652,1,-1,-1,1,0.0,0,1.316,-1.293,1.259,-0.587,1.007,1.073,-1.135,-1.476,0.0,0,0,0.0
1,0.678,0.0,1,1.472,0.887,1.289,0.91010,1.081,-0.26970,0.99,-0.83152,1.166,-1.203,1.397,-1,0.72526,-1.299,-0.57779,-1.342,-0.446,-1,-0.904,-0.52838,-1.105,1.063,-1,0.778,-1,1.254,-1,1.46,-0.34686,1,0.34845
0,0.733,0.0,-0.745,-1,-1,1.3,1,0.63317,0.024,-1,-0.741,-1,0.594,0.945,0.88683,-1.224,-1,1.128,0.83840,1,0.638,-0.574,-0.648,-1.275,-0.18856,0.898,1.111,-1,-1,-1,-0.501,1,0.81,0.479
1,1.253,0.0,0.663,0.107,0.662,-0.084,0.792,-0.08484,0.96097,-0.06561,0.758,0.012,0.836,-0.16795,0.94612,-0.12,0.99630,-0.345,0.916,-0.35902,0.697,-0.27316,0.90140,-0.173,0.99899,-0.40747,0.87244,-0.34586,0.608,-0.191,0.83951,-0.39061,0.96,-0.549
0,1,0,0.12,-0.252,-1,0.709,-1,0.647,0.459,0.372,-0.817,-0.429,-1.31,-1,-1,1,-0.015,0.794,-0.531,-0.42113,-0.821,-1,-1,-0.425,-0.772,0.173,1.489,-1,-1,-0.289,-0.859,-1,-1,0.61458
1,1,0.0,1.257,-0.011,1,-0.03,1,-0.067,0.698,-0.052,1,0.748,1,-0.12738,1,-0.092,0.926,0.32407,1,-0.089,0.528,-0.18949,0.95601,-0.149,1.384,-1.096,1.045,-0.21793,0.82920,-0.299,0.78479,-0.22765,0.447,-0.268
0,0.0,0.0,-1,0.979,0.718,-1,-1,1,0,0,1,0.773,-1,-0.18750,1,1.094,-0.981,-1,0.982,-1.222,-1,-0.845,0.747,0.961,0.838,-1.346,1,0.808,0.799,0.923,0.0,0,-0.764,-1
1,1,0,1.165,0.048,1.397,0.07418,1.317,0.074,0.593,-0.01911,0.94846,0.07033,0.538,0.105,1.259,0.059,0.892,0.20119,0.96741,0.173,0.556,0.083,0.968,0.16410,0.91667,0.239,0.88423,0.21,0.88568,0.22511,0.78324,0.38,0.672,0.31166
0,1,0.0,0.168,-1,-0.87,1,0,0.0,0,0.0,-0.576,1,0,0,-0.766,-0.67708,0.80521,0.36146,0.343,0.1,0.0,0.0,-0.756,-0.194,-0.84792,1.431,1,0.653,-1.003,1.0,0,0.0,0,0.0
1,1,0.0,1.426,0.09771,1.371,0.077,1,0.22574,0.98602,0.09237,1.096,0.267,0.949,0.24288,0.89241,0.17,0.607,0.276,0.856,0.33129,0.83393,0.31698,0.754,0.588,0.76193,0.226,0.68452,0.509,0.464,0.368,0.531,0.434,0.54252,0.50903
0,1,0.0,0.016,-0.507,0,0.0,0.0,0,0.0,0,0.0,0.0,0.0,0.0,0.135,-0.55000,0.22813,0.717,1,-0.625,0,0.0,0.08333,-1.367,-0.10625,-0.16667,1.203,-0.502,-1.35,0.18854,0.0,0,1,-0.27292
1,1,0.0,1,0.195,0.99352,0.136,0.94616,0.175,0.916,0.22610,0.875,0.207,0.983,0.561,0.445,0.521,0.78473,0.628,0.65091,0.56977,0.419,0.58071,0.55586,0.458,0.48311,0.584,0.43317,0.934,0.284,0.76147,0.33921,0.879,0.22101,1.139
0,0.797,0.0,0.63816,0.903,0.241,-1,1,1.455,0.87719,0.30921,-0.66886,0.939,-0.036,0.491,0.016,0.027,-0.51535,-0.804,0.165,-0.023,0.32675,-0.317,-1,1,0.774,-1.495,1,-0.078,1,1,0.20614,-1.448,1.32,1
1,1.052,0.0,1,-0.41457,1,0.669,0.839,0.143,1,-0.09925,0.93844,0.496,0.65452,-0.16080,1,0.00879,0.97613,-0.265,1.134,-0.24497,1.008,-0.28,1.25,-0.132,0.751,0.10678,1.043,-0.053,1,-0.291,0.43,0.152,0.594,-0.05402
0,1,0.0,1.243,0.10598,0.547,0.22,0.7,-1,0.66938,0.08424,1,0.275,1.045,0.742,1,0.286,1.491,0.023,0.58424,-0.476,0.653,0.753,0.89130,0.26585,0.91033,-0.357,1.293,0.15942,0.37681,-0.029,0.713,0.22464,1,0.511
1,0.661,0.0,1.031,0.28046,1,0.015,1,0.089,0.741,0.04317,0.98762,0.33266,1,0.05489,1,0.04384,0.636,-0.304,0.847,-0.12,1.496,0.047,0.99933,0.309,1,-0.254,0.976,-0.02,1.003,0.35,0.94578,-0.22021,0.80355,-0.083
0,0,0.0,1.258,-1,0.85,-0.573,1,-0.845,0.875,-0.669,1,1,0.769,1,1.272,-1,1,1,1.342,1,1.463,1.352,0.949,-1.156,0.812,-1,0.691,-1,1,0.674,0.0,0.0,1,-1
1,1,0.0,1.382,0.47,0.756,0.979,0.43019,1,0.20619,0.464,-0.43872,0.682,-0.762,0.948,-1,0.40268,-0.39046,-0.58634,-0.97907,-0.42822,-0.823,-0.742,-0.37671,-0.906,0.372,-1,0.543,-1.166,0.286,-0.876,0.881,-0.35222,1.284,0.03446
0,1,0,1.041,1.259,0.822,-1.051,0.724,-0.685,1,0.845,1,0.753,1,1,1.173,-1,0.648,1,1.278,1.491,1,1,0.68,0.531,1,0.761,1.083,0.5,0.0,0,1.3,-1.302,1,-1
1,1,0,0.665,0.022,1.297,0.163,1,0.376,1,0.148,0.916,0.28778,1,0.493,1,0.31674,1,0.384,0.53,0.377,1,0.61267,0.83,0.59457,0.89593,0.871,0.736,0.512,0.571,0.67149,0.752,0.85611,0.86,0.988
0,0.0,0.0,0.948,-1,1,1.263,-1.48,-1,1,-1,0,0,0.0,0.0,-1.49,0.867,1,-1.288,1,-1,-0.75000,0.984,0.821,-1,1,-0.593,1.008,-1.071,-0.992,-0.84,0,0.0,1.424,-1
1,1,0.0,1.426,0.069,0.96760,0.266,0.96026,0.183,1.446,0.387,1.14,0.46281,0.86265,0.379,0.564,0.58794,0.73242,0.77,0.69003,0.43,0.603,0.65,0.48339,0.76197,0.48,0.572,0.33401,0.83796,0.261,0.767,0.13756,0.86835,0.09048,0.555
0,1.335,0,0.69444,0.38889,0.0,0.0,-0.32937,0.69841,0.0,0.0,0,0.0,0.0,0.0,0.301,-0.196,0.21032,0.237,0.46429,0.78175,0.0,0.0,0.0,0,0.487,0.259,0.76190,0.326,0,0.0,0.0,0,0,0
1,1,0.0,0.864,0.073,1,0.142,0.949,0.173,1,0.368,1.178,0.306,1,0.512,0.94575,0.558,0.89126,0.50391,0.627,0.58801,0.514,0.59962,1.132,0.62758,0.66643,0.63942,0.833,0.69435,0.692,0.637,0.321,0.71689,0.469,0.75243
0,0,0.0,1,1.467,0.0,0,1.233,-0.613,0.78,-1,1.104,1,1,0.605,1,-0.997,0.907,1,0.867,0.586,1,-0.787,-1.174,-1.062,1,-1,1,-1,1.033,1,0,0.0,0.919,-0.982
1,1,0.0,1,0.04078,1.242,0.066,1,0.149,0.668,0.27921,0.98703,0.30889,0.865,0.37639,0.928,0.415,0.81939,0.623,0.426,0.328,0.79400,0.387,0.534,0.58129,0.482,0.59723,0.79,0.60990,0.719,0.677,0.362,0.63636,0.589,0.62658
0,0,0,1,1,0.508,-1.177,1,1,1,1.322,1,0.836,1,1.011,0.584,1,1,-1,-1,1.201,-0.739,1.193,-1.091,0.673,1.356,-1,0.718,0.963,-1.262,1,-0.765,-1.466,-0.659,1.15
1,1,0,1,0.24168,1.376,0.48590,1,0.72973,1,0.626,0.564,1.106,0.772,1.453,1,0.502,1.046,0.983,1.227,0.85,0.74468,0.93,0.705,1.452,0.64628,1.276,0.541,1.463,0.10819,1,-0.225,0.61,-0.81383,1
0,0.0,0,0.96,1,1.232,-1.265,1.211,0.748,-1,1,0,0.0,1.241,1,0.0,0.0,0,0.0,-1.363,1,-1.278,1,0.732,1,1,-1,1,1.084,1,0.513,1.257,-0.526,-1.094,1
1,1.449,0.0,1,-0.06604,1.192,0.784,1.158,0.114,1,0.123,1.247,-1.169,1,-0.40559,1,-0.148,1.365,0.041,1,-0.61538,1.402,-0.161,1.159,-0.574,1,-0.58042,1,-0.81372,0.915,-1.443,1,-1.17,1,-0.48252
0,0.0,0.0,0.698,-1,1,1,0.703,0.751,1,1.244,1,1,1.26,-0.786,1,-1,1,1,1.308,-1.047,1,0.671,1,0.517,1.476,-0.861,1,1,1.178,-0.586,1.245,1.383,1.063,-1
1,0.877,0.0,1.258,0.105,0.656,0.16251,0.89702,0.336,0.84111,0.479,1.175,0.42196,0.907,0.592,0.70796,0.671,0.60459,0.538,0.72,0.64924,0.39903,0.66975,0.34232,0.805,0.23693,0.76146,0.135,0.547,0.119,0.819,0.02735,0.903,-0.04023,0.69509
0,1,0,0.651,-0.16,0.82332,0.143,0.581,0.32862,0.378,0.8,1.496,-0.15194,0.01060,0.283,0.007,0.345,0.18681,0.264,0.083,0.196,0.04325,0.30745,-0.001,0.24936,-0.02862,0.19405,-0.038,0.156,-0.04779,0.082,-0.059,0.07064,-0.045,0.04586
1,1.264,0,0.766,-0.02811,0.602,-0.05178,0.556,0.02811,0.85947,0.02515,0.644,0.084,0.965,0.105,0.734,0.05178,0.78550,-0.149,0.923,-0.009,0.842,0.063,0.224,-0.18639,0.65385,0.02811,0.737,-0.06637,0.754,-0.21154,0.59024,-0.111,0.642,0.02959
0,1.079,0.0,0.39179,-0.078,0.97464,0.04328,1.013,1,0.33,0.118,0.559,0.145,0.381,-0.82090,0.57836,0.67910,0.589,-0.10448,0.46642,-0.11567,0.974,0.14792,0.83209,0.499,0.693,0.152,0.518,0.14,0.284,-0.027,0.244,0.13521,0.34411,0.12755
1,1.117,0,0.639,0.03,0.73,-0.10566,0.453,0.03774,0.66038,-0.04528,0.64528,0.016,0.576,-0.136,0.72075,-0.03,1.046,0.061,0.61887,-0.07925,0.75849,-0.135,0.669,-0.152,0.687,-0.213,0.73886,-0.046,0.479,0.034,0.86415,0.03774,0.73208,0.00755
0,1,0.0,0.965,-0.047,0.89241,0.018,0.691,0.915,0.699,-0.05909,0.48182,-0.207,0.784,0.09559,0.56818,1,0.50455,0.163,0.657,0.081,1,-0.30000,0.85,-0.572,0.408,0.32727,0.442,0.096,0.623,0.08182,0.48927,0.14643,1,1.398
1,1,0,0.306,-0.013,0.534,0.0,0.38431,0.102,0.40000,-0.05882,0.56471,0.088,0.46667,0.113,0.489,-0.043,0.637,0.02,0.439,0,0.429,0.083,0.723,0.08235,0.49804,0.004,0.628,0.10039,0.574,0.068,0.45098,0.23529,0.43137,0.17255
0,0.814,0.0,0.333,0.079,0.347,0.12500,0.258,0.27955,-0.03636,0.245,0.04517,0.255,-0.19091,0.315,-0.13350,0.27322,0.02727,0.465,-0.374,0.106,-0.20028,0.05078,-0.187,0.217,-0.179,-0.061,-0.107,-0.07114,-1,-1,-0.04,-0.043,-0.00526,-0.06314
1,0.731,0,0.88305,-0.243,1,0.544,0.82403,0.19206,0.517,0.083,0.90558,-0.04292,0.955,0.25000,0.542,0.176,0.69206,0.57940,0.649,0.39056,0.73176,0.27575,0.507,0.278,0.332,0.52039,0.617,0.449,0.945,0.62,0.551,1.031,0.52361,0.295
0,0.792,0.0,0.587,-0.08580,-0.187,-0.846,-0.08961,-0.639,0.9,0.061,0.89514,-0.009,-0.111,0.63966,-0.20019,-1.0,0.767,-0.11344,1.119,-0.15729,-0.06959,0.50810,-0.34128,0.608,1.05,-0.03718,0.479,-0.25288,0.852,-0.14109,-0.129,-0.78170,-0.176,-0.59867
1,1,0,0.70870,-0.324,0.814,0.04348,0.355,0.38261,0.587,0.16,0.5,0.366,0.57826,-0.199,0.291,0.37826,0.293,-0.279,0.35,-0.329,0.248,0.137,0.53246,-0.03845,0.31304,-0.12174,0.49930,-0.04264,0.554,-0.028,0.481,-0.217,0.50435,0.205
0,0.805,0.0,-0.314,0.105,-0.33746,0.73375,0.52012,-0.13932,0.39,-0.084,0.157,-0.15170,0.47368,0.08978,0.458,-0.138,0.16409,0.45201,0.261,0.03406,0.50464,0.07121,-0.38,-0.61610,1,0.842,0.379,-0.278,-0.157,0.165,0.024,0.55820,0.322,-0.102
1,1,0.0,0.235,0.13582,0.578,0.213,0.51783,-0.00509,0.781,0.254,0.626,-0.16638,0.654,-0.063,0.55518,0.03905,0.81664,-0.22411,0.418,-0.034,0.34975,0.074,0.183,-0.151,0.381,-0.03176,0.50369,-0.018,0.34635,0.05,0.704,-0.01868,0.39559,-0.044
0,1,0,0.79157,0.1,0.0,0.0,0.816,0.06874,0.39468,0.507,0.406,1.065,-0.02439,0.546,0.23725,0.106,-0.02661,0.95122,-0.565,0.803,-0.10200,0.305,-0.42572,0.23725,-0.91574,0.837,-0.254,0.88248,-1.404,0.363,-1,0.152,0.0,0.0
1,0.714,0.0,0.90116,0.16607,0.79299,0.254,0.72990,0.50515,0.59784,0.72997,0.44303,0.876,0.24412,0.822,0.07,1.007,-0.12611,0.963,-0.28739,0.761,-0.533,0.902,-0.548,0.616,-0.68159,0.422,-0.71844,0.158,-0.749,0.104,-0.71475,-0.051,-0.902,-0.19904
1,1,0.0,0.5,0.212,0.82683,0.46259,0.597,0.58732,0.503,0.84278,0.31409,0.92643,0.112,1.084,-0.177,0.721,-0.362,1.132,-0.52145,0.79525,-0.68274,0.467,-0.77408,0.399,-1.184,0.1,-0.639,-0.01358,-0.82366,-0.235,-0.701,-0.33662,-0.772,-0.49700
0,1,0,-1.151,-0.778,0,0.0,0.50814,-0.78502,0.75,0.492,-0.691,-0.467,0,0.0,0.0,0,1,-0.18,0.36,-0.63518,1.276,-1,-1,-0.792,0.976,-0.59609,-1.327,-0.676,-0.883,-1.151,1,-1,0.0,0
1,1.192,0.0,0.74084,0.04974,0.79074,0.019,0.449,0.03793,0.743,0.079,0.67801,0.182,0.751,0.07348,1.014,0.056,0.948,-0.07853,0.943,0.0,0.702,0.11355,0.68183,0.12185,0.67016,0.15445,0.64158,0.095,0.65707,0.217,0.385,0.128,0.57455,0.14
0,1,0.0,0.97,-1.001,0.0,0,0.898,-0.507,0.984,0.55147,-0.41912,-1.394,0.0,0,0.0,0.0,0.706,-0.77206,0.804,-0.735,0,0.0,0.18382,-0.951,-1.412,-1,-1,-1.147,1,-1,1,-1,0.0,0
1,1,0.0,1.011,0.01,1.097,-0.03142,1,-0.03436,0.581,-0.05071,0.99026,-0.075,0.99173,-0.117,1,-0.202,0.932,-0.182,0.856,-0.11813,0.986,-0.18519,1.48,-0.105,0.98971,-0.22083,0.509,-0.289,1.342,-0.17123,0.96436,-0.207,0.608,-0.23296
0,0.0,0.0,0,0,0.0,0.0,0.0,0.0,0,0,0.0,0.0,0,0,0.0,0.0,0.0,0,0,0,0.0,0.0,0.0,0.0,0.0,0.0,1,-1,0.0,0,0,0,0,0.0
1,1,0,1.278,-0.103,0.83,-0.12690,0.96365,-0.172,0.702,0.08460,0.92003,-0.01124,0.83543,-0.24719,0.542,-0.416,1.157,-0.21216,1.065,-0.21018,1.107,-0.213,0.93126,-0.348,0.97,-0.268,0.562,-0.189,0.81428,-0.319,0.89095,-0.31857,0.992,-0.265
0,0.626,0.0,0.395,-0.31818,0.0,0.0,0.68182,-0.755,0.30682,0.95833,0.373,0.042,0.202,-0.882,0,0,0.59091,-0.35985,0.343,-0.916,0,0.0,0.0,0,0.361,0.262,1,-0.23864,0.051,-0.48485,0.16288,-0.70076,0.0,0.0
1,1,0.0,0.94490,-0.394,1,-0.03692,1.466,-0.87052,0.90083,0.335,1,-0.104,1.117,-0.12493,1.161,-0.15017,1.294,-0.096,1,-0.202,1.362,-0.206,1.219,-0.192,1.03,-0.29852,1,-0.33304,1,-0.467,1.114,-0.40740,1.107,-0.571
0,1,0,0,0.0,0,0,0.0,0,0.0,0.0,0.846,1.132,0,0.0,0.0,0,0.361,-0.373,0.56098,-1.023,0,0.0,0.0,0.0,0,0.0,1.151,0.151,0,0,0,0.0,0,0.0
1,1,0,0.99449,0.005,0.565,-0.11313,0.88237,-0.107,0.759,-0.063,0.96484,-0.044,0.85221,0.015,1.154,-0.167,0.656,-0.12977,0.98298,-0.117,0.89876,0.00075,1.169,-0.041,0.901,-0.151,0.87579,-0.179,1.093,-0.246,0.80253,-0.25741,0.76586,-0.272
0,1,0.0,0.12,0.10811,0,0.0,0,0,0.54730,1.096,0.442,0.738,0.0,0,0,0.0,0.245,-1.043,0.33108,-1,0.0,0.0,0,0,-0.42568,-1.03,1,-0.822,0.538,-0.23649,0.0,0.0,0.0,0.0
1,1,0.0,1.349,-0.435,0.96,-0.73371,0.89518,-1.353,1.248,-0.239,0.886,-0.23229,0.62890,-0.86402,1.044,-0.57535,1,-0.79603,0.76771,-0.88952,1.379,-1.076,0.804,-0.949,0.389,-0.462,0.53777,-0.77986,0.627,-1.151,0.953,-1,0.439,-0.76112
0,1,0.0,0.978,-0.498,0,0.0,0.0,0,0.77273,1,1.006,-0.28030,0.0,0,0.0,0,0.62121,-0.185,0.64,-1.317,0.696,-1,0,0.0,0.0,0.0,1,-1.003,-0.175,-1.263,0,0,0.0,0
1,1,0,0.816,0.19310,1.0,0.411,0.67203,0.773,0.395,0.796,0.36705,0.766,0.234,0.85671,-0.034,0.86284,-0.143,0.711,-0.34100,0.638,-0.48199,0.323,-0.60230,0.413,-0.581,0.25747,-0.37,0.13,-0.57241,-0.07816,-0.804,-0.19923,-0.365,-0.31954
0,1,0,0.42000,-0.575,0.0,0.0,1,-1.077,0.966,1.272,0.627,0.367,0,0,0,0,0.481,-0.403,0.582,-1.469,0.0,0,0,0.0,0.109,0.68000,1.11,0.22000,0.0,0,0.0,0.0,0,0
1,1,0,1.063,0.214,1.09,0.431,0.78020,0.72144,0.47660,0.84222,0.167,0.91730,0.113,0.88248,-0.21980,1.319,-0.196,0.75517,-0.51360,0.64527,-0.935,0.517,-0.866,0.29162,-0.61,0.022,-0.979,-0.167,-0.753,-0.42,-0.36,-0.555,-0.37432,-0.53319
0,0.517,0,0.91353,0.81586,-1.077,0.751,-0.506,0.702,0.05405,0.348,-0.125,-0.10241,-0.025,-0.08970,0.019,-0.024,0.01108,-0.00537,0.003,0.001,0.00048,0.001,-0.00003,0.0,-0.0,0.0,-0.00001,0.0,0,0,0.0,0,0.0,0
1,1,0,0.238,-0.142,0.33333,0.07143,0.268,0.19048,0.28,0.09524,0.339,0.021,0.30952,-0.034,0.229,-0.04762,0.28571,-0.085,0.432,0.065,0.30952,0,0.255,-0.118,0.479,-0.034,0.22109,-0.028,0.259,0.0,0.196,-0.02034,0.14694,-0.01877
0,1,0.0,1,-0.141,1,0.05,0.715,-0.022,0.421,0.01639,0.757,-0.03279,0.72131,0,0.743,-0.16393,0.19672,-0.14754,0.353,-0.136,0.526,0.033,1,-0.29508,0.466,-0.225,0.52385,-0.13,0.48,-0.03279,0.257,-0.389,0.49180,-0.052
1,0.806,0,0.98182,0,0.548,0.029,0.86249,0.04572,0.616,0.0,0.929,0.04545,0.849,0.08436,0.77118,0.09579,0.62727,0.356,0.68182,0.068,0.952,0.12608,0.68604,0.13493,0.483,0.206,0.401,0.172,0.85,0.026,0.621,0.113,0.711,0.17077
0,1,0,0.375,0.581,-0.732,0.139,-0.16628,-1.135,0.416,0.01190,0.82143,0.40476,-0.681,0.30729,-0.34797,-0.884,0.685,0.15476,0.562,0.06,-0.544,0.425,-0.47651,-0.47594,0.347,0.70238,0.459,0.38848,0.627,0.39286,-0.321,-0.276,0.223,-0.55837
1,0.79,0.0,0.86889,-0.041,1,-0.018,1.117,-0.048,1.193,0.00222,1.239,-0.06444,1.033,-0.103,1,-0.264,0.86889,0.03,0.759,-0.037,1,-0.11526,0.691,-0.18667,0.84444,0.03556,1,-0.14162,0.585,-0.119,0.904,-0.15609,1,-0.295
0,1,0,0.601,-0.12727,0.58182,-0.139,0.17,-0.67273,0.396,-0.038,0.407,-0.067,0.217,0.29091,0.36364,-0.41818,0.131,-0.01818,0.282,0.05455,0.125,0.617,0.911,0.16364,0.434,0.085,0.471,-0.057,0.298,-0.05455,0.12727,-0.226,0.29091,-0.29091
1,1,0,1.098,-0.92453,1.241,0.619,0.49057,-0.044,0.62264,0.0,1,-0.0,0.45283,0.07547,0.851,-0.072,1.458,-0.0,0.52830,0,0.494,0.097,1.186,-0.001,1.322,0.993,0.92192,-0.001,0.665,-1.251,1,0.43396,0.43396,-0.11321
0,1.073,0.0,0.743,0.83333,-0.876,-0.137,0.199,-0.14286,0.45238,-0.14286,-0.67285,0.176,0.184,0,0.365,-0.07143,-0.38214,0.322,0.23810,0.02381,0.368,0.051,0.085,-0.26190,-0.454,-0.10234,0.24889,-0.51079,1,0.0,-0.741,-0.04,0.143,0.022
1,1,0,0.636,0.058,0.654,-0.061,0.334,0,0.33333,-0.06250,0.716,0.0,0.233,0.10417,0.54167,0.02083,0.43750,-0.22917,0.35417,-0.293,0.368,0.095,0.25000,0.114,0.419,-0.171,0.514,-0.144,0.244,-0.058,0.516,-0.31250,0.33333,-0.06250
0,1,0.0,0.694,1.133,0.0,0.0,0,0.0,0,0,0.47744,-1.309,-0.51504,0.342,-1.066,0.173,0.788,1.05,0.0,0.0,0.0,0,0.62030,0.222,-0.6,-0.894,1,-1,1,0.954,0,0,0,0
1,1,0.0,0.95217,0.086,0.93614,0.161,0.90996,0.19152,0.84881,-0.49962,0.519,0.459,0.673,0.508,0.914,0.435,0.812,0.359,1.113,0.59862,0.723,0.44088,0.355,0.44511,0.40440,0.289,0.433,0.43221,0.576,1.387,0.23405,0.39620,0.18632,0.361
0,1,0.0,0.347,0.325,0.82809,0.834,0.76001,0.422,0.675,-0.101,0.595,0.07981,0.962,-0.696,0.91962,0.88444,0.95452,-0.05206,0.88673,0.14,0.98484,-0.69594,0.86670,-0.765,0.28604,-0.238,0.709,0.17076,0.77,0.484,0.664,0.586,1.052,0.68822
1,1,0.0,0.95882,0.10129,1.404,-0.014,0.978,0.02555,0.96974,-0.061,1.181,-0.014,1.192,-0.043,1,-0.07,1,-0.055,0.481,0.01557,1.001,-0.09284,1.24,-0.05318,1.358,-0.175,0.95677,-0.06995,0.90978,0.013,1,-0.148,1.188,-0.06888
0,1,0.0,0.0,0.0,-0.31,1.224,0,0.0,0.68869,-1.453,0.97078,0.31385,-0.26048,-0.59212,-0.335,0.343,1.007,0.16391,0.0,0.0,0,0,-0.18043,-1.037,0.0,0.0,0.824,-1,0,0.0,0.04447,0.763,0,0.0
1,1,0,0.96933,0.00876,0.714,0.00843,0.98658,-0.005,0.665,-0.016,0.99820,-0.033,1.079,-0.01271,1,-0.02581,1,-0.011,1.312,0.0,1.056,-0.025,1.113,-0.054,1.001,-0.052,1.071,-0.038,0.97020,-0.034,1,-0.046,0.98420,-0.04112
0,1,0,0.0,0.0,0.98919,-0.22703,0.23,-0.046,0.0,0,0.477,0.083,1.387,-0.267,1,0.07027,0.976,-0.11351,0.0,0.0,1.154,-0.314,1,-0.41622,0.0,0,1.049,-0.192,0,0.0,1,-0.25946,0.344,-0.15676
1,1,0,0.738,0.01403,0.393,-0.02439,0.52751,0.031,0.19512,0.12195,0.253,0.046,0.325,0.073,0.197,0.0,0.253,0,0.392,0.072,0.26829,0.16,0.267,0.05813,0.291,0.09756,0.122,0.05641,0.138,0.043,0.19512,0,0.192,0.07317
0,1,0,1,0.927,0.658,-0.837,0.0,0,0.0,0,1.358,1.238,1,-1.003,1.192,1.152,0.571,-0.534,0.0,0.0,0.0,0.0,0.699,-0.27778,0,0,1.152,-1.362,1,1,1,-1,0,0
1,1,0.0,0.423,0.20408,0.321,0.24490,0.33,0.204,0.446,0.435,0.391,0.72,0.14,0.632,0,0.656,-0.06122,0.778,-0.20408,0.28,-0.385,0.491,-0.28571,0.32653,-0.61224,0.22449,-0.46579,0.146,-0.59184,0.18367,-0.326,0.0,-0.26531,-0.24490
0,1,0.0,0.0,0.0,1.295,-1.163,0.0,0.0,0.0,0,1,1.175,0.581,-0.25342,1,0.254,1,-0.544,0,0,0,0,1,1.062,0,0.0,1,-0.871,0.0,0.0,1.419,-1,0.0,0
1,0.913,0.0,0.89706,0.38235,0.715,0.37500,0.857,0.887,0.45588,0.566,0.19118,0.863,-0.03,0.859,-0.214,1.138,-0.35,0.67647,-0.706,0.47794,-0.73529,0.38235,-0.86029,0.069,-0.629,-0.134,-0.795,-0.24131,-0.612,-0.42647,-0.347,-0.50735,-0.28676,-0.56618
0,1,0.0,-1,0.38,0.317,0.115,-0.75693,-0.948,-0.413,0.606,-1.08,1,-0.81699,0.33987,-0.79085,-0.016,-0.98039,-1.157,-0.60131,-0.54248,-0.051,-0.525,0.887,-0.94118,-1,-0.43137,0.986,0.066,-1.417,0.061,0.18301,0.017,-0.354,-0.48241
1,1,0,0.26667,-0.10000,0.555,0.0,0.209,-0.13333,0.368,0.062,0.372,0.01,0.71667,0.1,0.405,-0.072,0.53333,0.206,0.351,-0.023,0.472,0.20000,0.954,0,0.25000,0.13333,0.623,0.069,0.40000,0.03333,0.46667,0.049,0.315,-0.05000
0,0.764,0,-0.395,0.40000,-0.27303,0.141,-0.175,-0.05,0.06192,-0.072,0.049,0.029,-0.008,0.02726,-0.01586,-0.00166,-0.00093,-0.011,0.00470,-0.001,0.00138,0.00238,-0.00114,0.001,-0.001,-0.001,0.0,-0.0,0.0,0.00005,0.0,0.0,-0.00008,0.00002
1,1,0.0,0.519,-0.375,0.67,0.345,0.792,-0.24324,0.86486,0.187,1,-0.27027,0.391,0,0.846,-0.058,0.447,-0.305,0.932,-0.178,0.476,0.053,0.75676,0.13514,0.35135,-0.342,0.61031,-0.167,0.58478,-0.23027,0.728,-0.59459,0.51351,-0.24324
0,1,0.0,0.94531,-0.026,-1,-0.17,-1,-0.015,1.443,0.007,0.93359,-0.02,-0.672,0.158,-1,-0.003,0.705,-0.03516,1.22,-0.02734,-1.32,0.104,-0.93359,0.243,0.95703,-0.00391,0.533,0.13758,0.914,-0.06641,-0.7,-0.18750,-1.159,-0.34375
1,1.427,0.0,0.95202,0.018,0.93757,-0.013,0.811,0.01,0.96705,-0.025,0.941,0.007,0.95665,-0.024,1.189,-0.00405,0.99480,-0.028,1.326,0.01792,0.93584,-0.059,0.93815,-0.02370,1.452,-0.032,0.96215,-0.024,0.546,0.01908,0.95434,-0.03410,0.632,0.00809
0,1,0.0,1,-0.05529,1,-0.84,0.476,-0.086,0.389,-0.22222,1.147,-0.326,0.225,-0.11111,1.151,-0.336,1.349,-0.38853,1.443,-0.42862,0,-0.25000,1,-0.303,1.006,-0.27778,0.628,-0.57092,0.761,-0.185,1,-0.559,1.141,-0.65935
1,1.264,0.0,0.31034,-0.093,0.354,-0.10345,0.168,-0.093,0.084,-0.05431,0.03649,-0.055,0.01707,-0.02383,0.01,-0.01482,0.002,-0.012,0.001,-0.004,-0.00003,-0.002,-0.0,-0.001,-0.00031,-0.00090,-0.00025,-0.00048,-0.0,-0.0,-0.00012,-0.0,-0.00008,-0.00006
0,1,0.0,0.62745,-0.07843,0.418,0.0,0.655,-0.078,0.521,-0.134,0.68627,-0.11765,0.983,-0.081,0.64706,-0.068,0.518,-0.11765,0.516,-0.181,0.58824,-0.272,0.824,-0.28,0.383,-0.25490,0.52409,-0.24668,0.56863,-0.31373,0.404,-0.21569,0.445,-0.27451
1,1,0.0,0.25000,0.101,0.46667,0.162,0.19036,0.172,0.07766,0.199,0.01070,0.14922,-0.03,0.10188,-0.047,0.071,-0.03766,0.025,-0.036,0.013,-0.02474,0.00357,-0.013,-0.00273,-0.012,-0.003,-0.009,-0.00586,-0.00294,-0.008,-0.0,-0.004,0.00025,-0.004
0,1,0,-0.461,0.164,0.088,0,0.0,0.06250,0.62500,0.06250,0.18750,0.0,-0.03125,0.09375,0.057,0,0.195,-0.183,0.652,-0.447,0.0,-0.09375,0.0,0.0,0.03125,-0.46875,0.036,0.0,-0.71875,0.026,-0.033,0.0,0.0,0.09375
1,0.517,0,1,-0.007,1,-0.02703,1.178,-0.06486,1.183,-0.024,0.58,-0.045,0.98919,0.08649,1,-0.091,0.714,0.09189,0.702,-0.00541,1,0.083,1,0.03,0.97838,0.125,0.946,0.01251,1.308,-0.048,1.172,0.021,1,-0.069
0,1,0.0,0.983,0.074,0.538,0.071,1,0.706,0.767,-0.00775,0.83721,0.03876,0.642,0.352,1,0.991,0.81395,0.055,0.90698,0.156,1.259,0.358,1.112,-1,0.988,0.03876,0.74,0.844,1.15,0.06977,1,0.87317,1,1
1,1.345,0.0,1.323,-0.022,1.079,0.12,1,0.016,0.591,0.004,0.93583,-0.01604,1,0.0,1,0.08,1.004,0.04813,0.873,0.04278,0.892,0.027,0.98930,-0.01604,0.854,0.042,0.96974,0.04452,0.574,0.01070,0.878,0.09091,0.97861,0.06417
0,1.015,0,-0.248,0.261,0.23000,0.10000,0.27,0.197,0.32250,0.35000,0.489,-0.34617,0.075,0.27500,-0.09500,0.113,-0.08,0.181,-0.359,0.439,-0.311,-0.08000,0.29908,0.33176,-0.58000,-0.24000,0.329,-0.324,-0.47000,0.26,-0.168,-0.215,0.433,0.03050
1,1,0,0.557,0.03333,0.444,0.093,0.613,0.073,0.618,0,0.63333,0,0.468,0,0.526,0,0.719,0.122,0.66667,0.108,0.73333,-0.031,1.139,0.0,0.63333,0.126,0.411,0.15,0.569,0.13333,0.60000,0.16667,0.63333,0.185
0,0.691,0.0,0.05866,-0.012,0.065,0.008,0.0,-0.01117,0.00559,-0.034,0.023,-0.07542,-0.003,0.03,0.072,-0.03352,0.0,0.09497,-0.043,0.061,-0.059,0.026,0.02793,-0.00559,0.008,0.00559,0.10335,-0.011,0.03073,-0.00279,0.04469,0.0,0.04749,-0.03352
1,1,0,0.816,0.149,0.542,0.628,0.631,0.512,0.01267,0.89109,-0.313,0.84475,-0.47644,0.49,-1.118,0.41743,-0.66455,0.047,-0.644,-0.269,-0.52475,-0.342,-0.325,-0.55089,-0.033,-0.742,0.16085,-0.647,0.36752,-0.41901,0.393,-0.22535,0.651,-0.05980
0,1,0,0.068,0.021,-0.02586,0.04598,0.01437,0.04598,-0.061,0.011,0.024,-0.073,-0.03736,0.054,-0.091,-0.037,-0.074,0.106,-0.033,0.065,0.026,0.021,-0.03736,-0.01149,0.03161,-0.005,0.00862,0.009,0.024,0.01149,0.018,0.01149,-0.04598,-0.00575
1,0.574,0.0,0.72414,-0.01084,0.747,0.01084,1.102,0.00197,0.795,0.01084,0.78424,-0.00985,0.83350,0.018,0.59,0.008,0.80099,-0.012,0.579,-0.023,0.75961,0.03350,0.74778,0.046,0.401,-0.01478,0.838,0.006,0.466,-0.05025,0.916,0.034,0.85,0.00788
0,0.59,0.0,0.043,0.02568,0.005,0,0.01997,-0.015,0.018,-0.04993,-0.04850,-0.01284,0.01427,-0.02282,0,-0.03281,-0.053,-0.03,-0.01712,0.03566,0.013,0.006,0.036,-0.027,0.031,0.015,0.051,0.014,0.01997,0.01,-0.015,-0.01854,-0.013,0.01997
1,1,0,0.407,0.22751,0.463,0.409,0.25661,0.331,0.019,0.389,-0.019,0.714,-0.398,0.268,-0.41270,0.291,-0.492,0.06878,-0.3,-0.11640,-0.14815,-0.14550,-0.14815,-0.302,-0.23280,0.004,0.052,-0.31739,0.18,-0.21693,0.24868,-0.185,0.181,0.04233
0,1.146,0.0,0.076,0.00686,0.182,-0.061,0.10526,-0.062,0.082,-0.06178,0.288,-0.01144,0.113,0.108,0.14645,-0.13501,0.395,-0.047,0.18993,0.07323,0.11670,0,0.141,-0.00229,0.185,-0.10297,0.08467,0.01373,0.09,-0.081,0.087,-0.042,0.148,-0.06865
1,1,0,0.94333,0.305,0.48263,0.64534,0.149,0.549,-0.405,0.387,-0.73675,0.244,-0.76051,0.0,-0.475,-0.31079,-0.297,-0.705,-0.078,-0.51,0.401,-0.639,0.71481,-0.435,0.765,-0.045,0.60098,0.39,0.543,0.60512,0.02742,0.54479,-0.21572,0.50457
0,1,0,0.01975,0.009,0.044,-0.004,0.014,0.016,0.013,0.056,0.00282,0.002,0.027,-0.03103,-0.02,0.061,-0.04,0.02680,-0.025,-0.002,0.034,-0.02539,0.01834,0,0.0,-0.013,0.01834,-0.01128,0.00564,-0.021,-0.01693,-0.02398,0.01,0
1,1,0.0,0.85736,0.001,0.908,-0.05676,0.77521,-0.04182,0.84317,0.09037,0.86258,0.113,1.28,-0.032,1.131,0.026,1.032,-0.049,1.198,-0.095,1.038,0.007,0.90515,0.02240,0.825,-0.01942,0.82383,-0.038,0.88125,-0.069,0.875,-0.01942,0.79089,-0.084
0,1,0.0,1.056,-1,1,0.929,-1.235,1.333,1.145,-1.113,1,-1.042,-1,-0.96,-0.612,1.368,1.079,1.143,1,1.102,-0.955,1,0.512,-0.767,0.68,-1,1,0.94,1,1,-1,1,-1,1
1,1,0.0,1.014,0.412,0.38887,0.76432,0.132,1.079,-0.42625,0.88744,-0.928,0.49980,-1.199,0.105,-0.85900,-0.357,-0.549,-0.55262,-0.238,-0.86063,0.28444,-0.80496,0.61,-0.407,0.77814,-0.199,0.994,0.21343,0.536,0.462,0.19667,0.721,-0.127,0.64933
0,1,0,1.122,1,1.482,0.51250,0.62500,-1,0.987,0.883,0.017,0.031,1,1.495,0.0,0.0,1.128,-1,1.327,0.584,0.674,1,0.243,0.691,1.151,1,0.97,1,1.238,1,-0.94375,1,0,0.0
1,1,0.0,1,0.509,0.62745,0.571,0.027,1.412,-0.427,1.099,-0.82353,0.441,-1.003,0.11765,-0.96078,-0.33333,-0.64706,-0.791,-0.23529,-0.86275,0.407,-0.97,0.624,-0.72549,0.92157,-0.142,1.246,0.117,0.988,0.366,0.23529,0.90196,-0.143,0.90196
0,1.48,0,0,0,-1.093,-0.51,-1.147,1.001,0.0,0,-1,0.951,1,1,0.979,-0.684,0.0,0.0,0.0,0,-1.011,-1,-1,0.94,1.286,0.59,1.062,-1,0,0.0,-1,-1,-1.219,1
1,0.932,0.0,0.44444,0.44444,0.766,0.634,-0.22222,1,-0.33333,0.484,-0.871,0.33333,-0.527,-0.11111,-1.419,-0.22222,-0.381,-0.914,0.768,-1.413,-0.22222,-0.77778,0.672,-0.174,0.33333,0.0,0.92120,0.261,0.57454,0.84353,0.242,0.916,-0.548,1
0,0.0,0,0,0,0,0,0.0,0.0,0,0.0,0.0,0.0,0.0,0.0,0,0.0,0,0,0,0,0,0.0,0,0,0.0,0.0,0.913,0.0,0.0,0.0,0.0,0,0.0,0.0
1,1,0.0,0.599,0.0,0.762,0,0.5,0.668,1.071,0.0,0.66,0.107,0.839,0.191,0.86922,0.16228,0.75000,0.213,1.046,0.5,0.75000,0.0,1,-0.251,0.5,0.271,1.001,0.167,0.75000,0.25000,0.987,0.29074,0.67493,0.30293
0,0,0.0,-1,1.362,1.265,1,0.0,0,0.656,-0.579,0.527,-0.841,1,-1,-1,-1.348,0.0,0.0,-1.205,-1,0,0,0.0,0.0,-0.755,-1,1.391,-1.47,1,0.5,-1,-1.03,0,0
1,1,0,1.277,0.0,0.799,0,0.754,0.135,1.482,-0.124,0.887,-0.11111,1.161,-0.22222,0.422,0,0.861,0.0,1,-0.11111,0.77778,-0.11111,0.702,-0.11111,0.682,0.0,0.69,-0.05352,1.298,0.11111,0.993,-0.11111,1,0.0
0,0,0.0,0,0,0,0,0.0,0.0,0.0,0,0,0,-0.519,-1.361,0,0.0,1,0.525,0.0,0.0,0,0,-0.761,1,0.0,0.0,1.151,-1,-0.979,-0.978,0.965,1,0.0,0.0
1,1,0.0,0.799,0.602,1.013,-0.605,1,0.09091,1,-0.061,0.787,0.0,1,-0.211,0.699,-0.18182,0.738,0.09091,1.01,0,1,-0.269,1,0.081,1,-0.135,1,-0.029,1.159,0.45455,1.306,-0.27273,1,-0.12
0,0.774,0.0,0.62121,-0.846,0.0,0,0.0,0.0,0.34470,0.28788,0.447,0.382,-0.095,0.51894,0.36364,0.447,-0.679,0.32,0.12121,-0.221,0.026,-0.779,-0.57576,0.17803,0.3,-0.194,0.25758,-0.57576,0.43182,0.24242,0.18182,-0.02273,0.148,-0.234
1,1,0,1,0.11765,1.151,0.186,0.601,0.346,0.666,0.05882,1,0.23529,1,0.112,1,0.417,1,-0.067,1.268,-0.11765,1.076,0.355,1,0.41176,1,-0.074,1.317,0.273,1.443,0.08,1.141,0.269,1.349,0.23529
0,1,0,0.0,0.0,-1.36,-0.417,0.982,0.51064,0.118,-0.296,-1,-0.36170,0.12766,-0.59043,1.466,-0.696,0.0,0.0,0.886,-0.07979,-0.25000,1,0.123,-0.414,0,0,-0.282,-0.529,-0.181,-0.493,0.74468,1.029,-0.67553,0.45745
1,0.52,0.0,0.91667,0.291,0.83333,-0.157,0.844,0.25000,1.212,-0.079,0.779,0.04167,0.781,0.12500,0.876,0.0,0.501,0.04167,1,0.079,0.553,-0.08333,0.75000,0.16667,0.83333,-0.087,0.492,0.055,0.97,0.20833,0.70833,0.0,0.70833,0.04167
0,1,0.0,0.18590,-0.16667,0.0,0.0,0.0,0.0,0,0,0.0,0,0.128,-0.116,0.0,0,0,0,0,0.0,0.0,0,-0.065,-0.055,0.078,0.13,0.124,-0.10897,0.12500,0.058,0.019,-0.071,0.16827,0.19551
1,1,0.0,1.443,-0.087,1,-0.169,0.99246,-0.29802,1,-0.194,0.96662,-0.34281,0.785,-0.47265,0.646,-0.415,0.765,-0.65224,0.68131,-0.63544,0.684,-0.616,0.58829,-1.021,0.844,-1.125,0.48757,-0.993,0.472,-0.83893,0.287,-1.107,0.41,-0.89621
0,0.751,0,1,0.671,-0.838,1.364,-1,-1.106,0.34649,0.208,0.46053,0.092,0.315,0.05702,0.411,0.34649,0.699,-0.03947,0.34,0.466,0,0.0,-0.29825,-0.24,1.178,-0.66667,1,-1.282,1,-0.171,0.35088,0.283,0.82895,0.057
1,1,0.0,1.361,0.24077,0.738,0.00369,0.80244,-0.30133,1.0,-0.304,0.966,-0.24077,0.87,-0.374,0.628,-0.36078,0.594,-0.433,0.481,-0.55059,0.61041,-0.212,0.73,-0.231,0.23966,-0.52142,0.231,-0.311,0.127,-0.39143,0.15657,-0.51329,0.18353,-0.414
0,0,0,-1.345,1.023,0.655,-1.015,0,0.0,0.0,0,1.496,-1,0.922,0.635,0,0,0.967,-1.079,0.0,0,0.0,0,1.464,1.264,-1,0.639,1,-1,-1,0.79,-1,-1,0.0,0.0
1,0.917,0.0,0.71,-0.19448,0.96419,-0.17674,1.217,-0.14,0.81702,-0.27070,0.79271,-0.28909,0.70302,-0.49639,0.63338,-0.464,0.37254,-0.763,0.187,-0.448,0.489,-0.763,0.33509,-0.527,0.14750,-0.412,0.09312,-0.638,-0.068,-0.295,-0.01840,-0.436,-0.068,-0.503
0,1,0,-1,-1,-0.50694,1,1.108,-1.013,1,0.53819,0.0,0.0,0.353,-1,0.948,0.974,0.0,0.0,1,0.717,1.225,1.388,0.0,0.0,-0.647,1.096,0.33333,-1,1.027,-1,0.435,-0.922,0.47569,1
1,1,0.0,0.84177,0.43460,0.285,1.076,0.09916,0.93460,-0.216,0.88186,-0.374,0.61181,-1.312,0.19409,-0.599,-0.378,-0.62869,-0.87,-0.331,-0.61,0.16245,-0.746,0.7,-0.446,0.74895,-0.323,0.77937,0.052,0.64135,0.42827,0.325,0.599,-0.003,0.69409
0,0.785,0.0,1,1,0.0,0,1,-0.933,-0.776,-0.747,1.146,1,1,-0.984,0,0,1.145,-0.862,1.254,1.291,0.0,0,1,-1,-1,-1,0.808,1.258,-1,1.474,-0.874,1,0.0,0.0
1,0.935,0.0,1.322,0.707,1.277,1,0.605,1,-0.271,1.277,-1,1,0,1,-1.368,0.931,-1,0.0,-1,-0.382,-1,-1.064,-1,-0.415,-0.33333,-1.475,0.136,-1,1.241,-0.597,0.0,-1,1,-0.66667
0,0.0,0.0,-0.552,1.075,-1,-0.836,0.0,0.0,-0.544,1,1.378,-1.006,-0.693,-1,-1.073,1.104,0,0,-1,-0.629,-1,1,0.0,0,1,-1,1,0.507,0.938,-1,1,0.585,0.0,0
1,1,0,1,0.091,0.913,0.086,1,0.176,1,-0.087,1.121,0.505,1,0.297,1.143,0.846,-0.253,1,1,0,1.454,0.691,1,0.6,0.59,1.168,1.402,1.116,0.844,0.25000,1,1,1,1
0,0,0.0,-1,-1,0.0,0.0,0.0,0,0,0.0,0.0,0.0,0.0,0.0,1.469,-1,0.0,0,-1,-1,0.0,0,0.758,1,0.954,-1,0.864,-1,0.0,0.0,0,0,0.0,0.0
1,0.878,0.0,0.64947,-0.07896,0.863,-0.14380,-0.166,-0.245,0.376,0.061,0.243,-0.26339,0.28931,-0.31997,0.035,-0.18947,0.275,-0.265,0.186,-0.29052,0.085,-0.31525,0.08,-0.246,0.03004,-0.15,-0.00046,-0.23210,-0.021,-0.21129,-0.04717,-0.142,0.016,-0.27201
0,0.792,0.0,0,0,0.0,0.0,0,0,0,0,1,-0.252,0.173,0.212,0,0,0,0,0,0.0,-0.19792,-0.155,-0.108,0.526,-0.774,0.368,0.04167,1.112,-0.279,-1,-0.16,-0.166,-0.143,-1.083
1,1,0,1.381,0.05149,0.99363,0.101,1.071,0.14756,0.95513,-0.136,0.52,0.54701,0.80426,0.25283,0.781,0.145,0.938,0.28714,0.444,0.345,0.52494,0.29200,0.45582,0.363,0.204,0.345,0.338,0.252,0.293,0.234,0.307,0.21378,0.18086,0.251
0,0.92,0,1.434,-0.09524,-1.184,-1,-1,-1,1,0.189,1.182,0.76190,-1.108,-0.955,-1,1.443,0.491,0.96,1,1.035,0.68839,-0.824,-0.507,-1,0.82937,0.417,1.08,1.232,0.946,0.34,-1,-0.232,-1,0.72831
1,1,0.0,1.248,-0.002,0.641,0.43204,0.92314,-0.205,0.93123,0.16828,0.894,0.086,1.364,0.046,0.561,0.056,0.649,-0.29,0.87379,-0.14482,0.961,0.26133,0.75081,-0.041,0.84547,-0.032,0.593,-0.02302,1.064,0.09385,0.78317,-0.124,0.85841,-0.14725
0,0.792,0,1,-1,1,1,0.831,1.387,1,-0.5,0.97,1,1.19,0.976,1,1,0.0,0.0,1.314,1.049,1,0.855,1.288,-1,1,1.489,0.691,0.679,1.337,-0.818,-0.928,1,1.154,1
1,1,0.0,1.128,0.23058,1,-0.78509,1,-0.066,0.778,0.136,1.151,0.369,0.97,-0.06861,1,0.099,0.95802,-0.122,1.239,-0.145,0.568,0.03728,0.99624,0.091,1.238,-0.008,0.672,-0.03,0.614,0.03885,1,-0.13722,0.96523,-0.11717
0,1,0.0,0.501,-1,-1,-1.412,-0.088,1,1,0.95041,1.001,-0.375,-1.216,-0.595,-0.115,1,0.48684,0.318,0.31755,-0.239,-0.157,-0.20188,-0.1,0.079,0.03021,0.076,0.03443,-0.009,-0.00403,-0.01672,-0.004,0.001,0.00015,0.004
1,1,0.0,1.021,0.38265,0.80804,-0.16964,0.951,-0.112,0.561,-0.07398,0.70217,0.266,0.998,0.02105,0.98214,0.034,1,-0.149,0.892,0.07717,1,0.00191,0.90306,0.30804,1.011,-0.118,1.062,-0.005,0.75638,0.077,0.527,-0.095,0.51,-0.085
0,0,0.0,0.0,0,0.0,0.0,0,0.0,0,0.0,0.0,0.0,1.295,0.864,1,0.698,1.163,-1.089,0,0.0,1,1.426,0.916,-0.544,1,1,0.581,0.0,1,1,1,-1,0,0
1,1,0,1,-0.28428,1,-0.25346,1.24,-0.297,0.787,-0.24,0.926,-0.65,0.90818,-0.44119,0.812,-0.58899,0.801,-0.58019,0.579,-0.57579,0.759,-0.948,0.603,-0.87327,0.49214,-0.846,0.35504,-0.485,0.274,-1.091,0.121,-0.682,0.13994,-0.756
0,1,0.0,0.0,0,0.0,0.0,0.0,0,-0.532,-0.851,0,0,0.724,-0.599,0,0,-1,-0.579,-1.205,-1.345,1.353,-1.165,-0.325,-1,1.427,1,-0.762,-0.20000,1,-1.417,0.0,1,0,0
1,1,0,1,0.09091,0.95455,-0.045,0.796,0.0,1,0.0,0.95455,0.0,1.03,0.04545,0.895,-0.062,0.579,0.0,1.114,0.0,1.093,0.09091,1.136,0.095,0.90909,0.053,0.91541,0.033,0.95455,0.09091,0.86364,-0.126,0.86364,0.024
0,0,0,0.0,0.0,-1,1.277,1.482,1.022,-1,-1,0.0,0.0,-1,-1.107,-0.754,-0.31250,-1.053,-1.219,1,-1.132,1.023,-1,0.0,0.0,0.721,-1,-1,-1,0,0.0,0.878,-1,0.0,0
1,1.069,0.0,0.91176,-0.068,1.37,0.173,0.82353,0.08824,0.91176,-0.02941,1.002,-0.17647,0.936,0.144,0.928,0.034,1,0.0,1,0.0,1.012,0.11765,1.015,0.02941,0.85294,0.02941,0.919,0.018,1.093,-0.089,0.97059,0.05882,0.919,0.05882
0,1,0.0,-1,0.672,-1,0.15244,0.28354,1,-0.774,1,-0.587,-1.043,1,1,-0.889,-0.23476,0.37,-1,1,0.65,-0.219,-0.513,-1,-0.74,1.013,-1.459,-1.484,-0.03578,0.738,-1.01,-1.33,-0.254,0.14939,0.659
1,1.262,0,0.658,-0.108,0.83781,0.01756,0.83155,0.039,0.811,-0.051,0.521,0.0,0.79856,0.05028,0.78315,0.082,0.472,0.47368,0.868,0.07,0.72550,0.07631,0.70301,0.116,0.526,0.22,0.65419,0.08968,0.351,-0.149,0.647,0.09534,0.557,0.09719
0,1,0,-0.005,-0.5,0.0,0,-0.01923,1.147,0,0.0,0,0.0,0.0,0.0,0.0,0,0,0.0,0.197,1.254,-0.336,0.74359,-0.274,-1.063,0.0,0.0,-0.545,-0.692,0,0,0.0,0,0,0
1,1.466,0,1,0.441,1,0.54545,1.215,0.63636,0.894,-0.06,1.138,0,0.81818,-0.329,0.63636,0.159,1,-0.63636,0.83,-0.402,0.90909,-0.427,0.761,0.078,0.506,-0.09091,1,0.087,1.264,0.36364,1.067,0.865,0.591,0.27273
0,0.0,0,-1.073,-1,1,-0.992,-0.999,1,0.0,0.0,1,-1.385,1,-1,0,0.0,0.0,0.0,0.0,0.0,-1,1,1,-1,-0.52,1.11,1,1.39,0.0,0.0,1.192,0.471,0,0
1,1.469,0,0.542,0.09091,0.717,0.09091,0.398,0.21,0.365,0,0.542,-0.09091,0.45455,-0.124,0.704,-0.017,0.456,-0.18182,0.45455,0,0.306,-0.09091,0.27273,0.18182,0.22,-0.114,0.245,-0.022,0.206,0,0.36364,0.0,0.289,-0.01832
0,1,0.0,-1,-0.837,0.0,0,-0.517,0.59,-0.612,1,0.0,0.0,0.0,0.0,0.0,0,0.0,0.0,0,0.0,-1,-1,0,0,0.346,0.23387,1,0.428,0,0,0,0.0,0.0,0.0
1,1,0.0,1.405,0.14286,0.718,0.71429,1.189,0.841,1,-0.14286,0.85714,-0.198,1.491,0.02534,1,0.0,0.42857,-0.168,1,0.036,1,-0.366,1.341,0.0,0.202,-0.422,1,0.04891,0.838,0.05182,1,0.383,1.364,0.0
0,0,0.0,0.878,0.789,1,-1.295,0.955,1.464,1,1,1,1,1,-1.259,1,0.888,1,-1,1,-1.112,0.707,0.991,0.538,1.361,1,-0.74,1,1,1.367,0.642,1.372,0.922,1,1.153
1,1.345,0,0.87032,0.324,0.422,0.753,0.066,0.95275,-0.38033,0.576,-0.73939,0.46,-0.92099,0.106,-0.82417,-0.253,-0.596,-0.683,-0.24012,-0.82881,0.254,-1.178,0.652,-0.57430,0.789,-0.24843,0.668,0.107,0.52798,0.48,0.25974,0.56573,-0.084,0.57552
0,0,0.0,1,-0.77,1,0.954,1,-0.929,1,1.096,1,-1,0.883,-0.806,0.907,-1,1,1.485,0.649,1,0.537,1,0.621,-1.408,1,1.07,0.618,1.399,1.05,1,1,1.079,1.027,-1
1,1,0.0,1.286,0.043,0.89266,0.154,0.86098,0.187,0.772,0.36526,0.764,0.40198,0.668,0.601,0.66586,0.48360,0.60101,0.634,0.313,0.52180,0.48435,0.8,0.472,0.44,0.33340,0.5,0.26978,0.338,0.22307,0.53448,0.103,0.549,0.081,0.46571
0,0,0.0,0.569,0.984,1,-0.517,0.691,-1.326,1,1,0.0,0.0,1.359,-1,0.0,0,0,0,0.0,0.0,-1,1,1,1,0.0,0.0,1,1.377,0.0,0.0,-0.959,-1,0.0,0
1,1,0.0,0.93537,0.172,1.073,0.25359,0.85705,0.38779,0.79039,0.47127,1.066,0.517,0.748,1.026,0.395,0.73586,0.327,0.706,0.25539,0.642,0.13712,0.748,0.006,0.88869,-0.07361,1.0,-0.20995,0.968,-0.33169,0.443,-0.38532,0.601,-0.372,0.296
0,0,0.0,1,-1,-1.277,1,-0.836,1,1.098,1,1.246,1.277,-1,-0.597,-1.322,-1,1,0.935,0.82,-1,-1,-0.814,-1,-1.006,0.931,0,0.793,-1.15,1.112,-1.251,-0.574,0.705,-1,1
1,1,0,0.867,0.13069,0.428,0.311,0.64615,0.19038,0.187,0.252,0.669,0.253,0.363,0.57308,0.25192,0.37115,0.15215,0.715,-0.097,0.617,-0.037,0.402,-0.08856,0.44424,-0.104,0.40006,-0.176,0.386,-0.15,0.345,-0.26634,0.23896,-0.174,0.31154
0,0,0,1,-1,1,1.143,1.116,-1,1,1,1.33,-0.694,0.606,1,1,-0.676,0.913,-0.751,0.59,1.434,0.844,0.894,0.798,-1,1,-0.695,0.792,-1,1,1.121,1.402,-1,0.607,0.6
1,1,0,0.562,0.178,0.848,0.128,0.88783,0.365,1.038,0.32711,0.735,0.431,0.568,0.52284,0.852,0.58820,0.444,0.66893,0.718,0.70398,0.578,0.589,0.35289,0.75622,0.246,0.834,0.222,0.78541,0.07497,0.80439,-0.031,0.77702,-0.10289,0.486
0,0,0.0,0.0,0.0,1.228,1,0,0.0,1,1,0,0.0,1,-1,0,0.0,0,0.0,0,0.0,0.0,0,0.0,0.0,0.0,0.0,1.387,-1,0,0.0,-0.878,1.283,0.0,0
1,0.611,0,1.369,0.16,1.031,0.377,0.716,0.189,0.70588,0.692,0.651,0.461,0.5,0.74676,0.229,0.55,0.19128,0.76818,0.038,0.76171,-0.079,0.583,-0.18479,0.71327,-0.17,0.65708,-0.307,0.58553,-0.46799,0.50131,-0.53146,0.40732,-0.389,0.35095
0,0,0,0,0.0,1,1.275,1,1.037,0.0,0.0,0.0,0.0,-0.744,-1.404,0.0,0.0,-1,-1,0.0,0.0,0.0,0.0,1.367,1,0,0.0,1.316,1,0,0,-1,1,0.0,0
1,1,0,0.634,0.38138,0.404,0.794,0.278,0.844,-0.06726,0.90135,-0.201,0.479,-0.698,0.626,-0.785,0.26906,-0.726,-0.08205,-0.774,-0.447,-0.46637,-0.55605,-0.153,-0.762,0.099,-0.61055,0.30406,-0.48392,0.356,-0.29838,0.643,-0.09461,0.604,0.12556
0,0,0,1,-0.512,1,1,1,1,0.94,0.944,0.561,0.831,1.102,-1.049,1,1.235,1,0.767,1,-1.132,1.145,-1.217,1,-0.68,1.09,-1,1,1.056,1,-1.113,1.333,1.079,1.042,1
1,1,0,0.875,-0.38293,0.80151,0.146,0.78826,0.15266,0.55580,0.05252,1.495,0.279,0.962,0.2,0.434,0.358,0.571,0.257,0.509,-0.02845,0.491,0.42528,0.53120,0.518,0.917,0.57549,0.44174,0.621,0.154,1,0.342,0.439,0.30588,0.691
0,0,0,0.0,0,0.0,0.0,0.0,0,0,0.0,0,0,0.0,0.0,0.0,0,0.0,0.0,0,0.0,0.0,0,0.0,0.0,0.0,0,0.987,1,0.0,0,0,0.0,0.0,0
1,1,0,0.94649,0.00892,0.97287,-0.002,1.134,0.003,1.167,0.017,0.94054,0.03530,0.786,0.035,0.98625,0.025,0.914,0.072,1.135,-0.005,0.772,0.068,0.55,0.082,1.134,0.114,0.95243,0.04356,0.97473,0.004,0.97845,0.07061,1,-0.00260
0,0.0,0.0,1,1,-1.011,-1,-1.001,-0.509,0.0,0.0,0,0,-0.951,-1.419,0.0,0,0.0,0.0,0.0,0.0,-1,1,0.572,1,0.0,0,1,-1,0.0,0,-1,-0.932,-0.51,-1
1,1.175,0.0,0.50466,-0.233,0.499,0.016,0.71063,0.02258,0.68065,0.011,0.398,0.051,0.689,0.04393,0.68101,0.071,0.67023,0.045,0.821,-0.04662,0.589,0.06856,0.63077,0.07381,0.84033,0.25,0.59935,0.082,0.38228,0.079,0.626,0.09046,0.297,0.054
0,0.726,0,0.68729,1.041,0.91973,-0.738,0.81773,0.037,1.016,0.10702,0.809,0.816,0.70067,0.18227,0.484,0.108,0.93478,-0.25084,0.70736,0.248,0.749,0.24582,0.472,0.77425,1.394,-0.458,0.964,0.22216,0.762,0.53846,1.311,-0.076,0.76,0.23913
1,1,0,0.483,-0.059,0.656,-0.279,0.882,-0.513,0.501,0.035,0.45556,-0.42778,1,-0.17,1.004,-0.83519,0.414,0.02,0.82222,-0.032,0.98215,-0.19938,1,0.22037,1.037,-0.319,0.92148,-0.24549,1.126,0.029,0.87492,-0.143,1,-0.413
0,1.265,0,0.43,0.15564,0.41245,0.096,0.26459,0.325,0.23346,0.13230,0.217,0.263,0.253,0.267,0.088,0.266,-0.019,0.42,0.05058,0.339,0.188,0.09728,0.07782,0.29961,-0.037,0.293,-0.089,0.26256,-0.206,0.086,-0.09339,0.31128,-0.19066,0.28794
1,1,0.0,0.812,-0.031,0.75198,-0.074,0.629,-0.01190,0.627,0.037,0.61706,0.09921,0.519,-0.03,0.62698,0.01190,0.70833,0.02579,0.60317,0.01587,0.361,-0.021,0.59127,0.03770,0.499,0.03968,0.645,-0.014,0.32,-0.175,0.374,-0.014,0.499,-0.03175
0,1,0.0,0.045,-0.15271,-0.034,0.038,0.08374,-0.033,-0.015,0.18719,0.049,0.0,0.12,-0.09852,0.05911,0.0,0.023,-0.02956,-0.12808,-0.205,0.06897,0.01478,0.08,0.017,0.079,0.16256,0.275,-0.04926,-0.05911,-0.09360,0.059,0.074,0.071,-0.10837
1,1,0.0,0.61857,0.10850,0.70694,-0.06935,0.554,0.01678,0.611,0.001,0.71029,0.122,0.71588,-0.003,0.709,0.086,0.594,-0.168,0.68680,-0.09060,0.461,-0.01342,0.723,0.11745,0.71253,-0.09508,1.036,-0.017,0.66,0.034,0.53,-0.026,0.482,-0.04698
0,0.774,0.0,0.25316,0.348,0,0.0,-0.29620,-0.971,0.0,0.0,0.101,-0.07342,0.0,0.0,0,0,0.0,0,0,0,0.011,0.68101,-0.206,0.33671,-0.148,0.35696,0.083,-0.761,0,0,0.088,-1,0.0,0.0
1,1,0.0,1.01,-0.012,0.89818,-0.028,0.94105,-0.01822,0.724,-0.12755,0.82208,-0.097,0.88853,0.01179,0.90782,-0.13719,0.547,-0.082,1.017,-0.032,0.87996,-0.14577,0.82851,-0.118,0.627,-0.22,0.741,-0.196,0.849,-0.102,1.009,-0.18542,1.362,-0.16827
0,1,0.0,0.42708,-0.569,0.0,0.0,0.0,0,0.386,0.51042,0.553,0.02083,0,0.0,0.0,0.0,0.16458,-0.666,0.346,-0.18333,0,0,0,0,0.656,-0.207,-1.474,-0.94,-0.281,-0.75625,0.0,0.0,0,0
1,1.11,0,0.957,0.01631,1.343,0.009,1.28,0.01359,0.758,-0.059,0.90103,-0.117,0.93040,-0.01033,0.78,-0.051,0.86025,-0.05057,0.89451,-0.051,0.877,-0.071,0.88907,-0.113,0.595,-0.152,1.031,-0.11808,0.85536,-0.13051,0.788,-0.065,0.86786,-0.12235
0,0.999,0.0,0.0,0,1.449,0.12889,0.535,-0.02000,0.0,0,1.246,-0.357,1,0.19556,1.365,-0.05333,0.574,-0.746,0,0.0,1.252,-0.04000,1,-0.223,0.0,0.0,0.829,-1,0.0,0,1.469,0.11778,0.90667,-0.09556
1,1.244,0.0,0.698,0.029,0.987,-0.002,0.931,0.007,0.559,-0.025,0.453,0.0,0.85571,-0.06714,0.86429,0.003,0.82857,-0.05429,1.136,-0.11857,0.76857,-0.117,0.84286,-0.05000,0.806,-0.06857,0.548,-0.08669,0.82571,-0.131,0.81429,-0.05000,0.96,-0.15143
0,1,0.0,0.0,0.0,0.0,0.0,0.0,0,0.0,0,0,0.0,-1,1,0.706,0.722,0.0,0.0,0,0.0,0.0,0,0.0,0.0,0,0,1,1.282,0,0.0,0,0,0,0.0
1,1.079,0.0,0.555,0.014,0.43117,-0.09610,0.695,-0.057,0.50130,0.092,0.287,0.05974,0.55844,-0.118,0.51688,-0.03636,0.463,-0.05974,0.697,-0.014,0.48571,-0.03377,0.49091,-0.01039,0.546,0.0,0.53215,-0.048,0.305,0.022,0.54545,-0.068,0.523,-0.08571
0,0.0,0,0,0,0.0,0.0,0.0,0,0,0.0,0.0,0.0,0.0,0,0,0,0.0,0,0.0,0.0,0,0.0,0,0.0,0.0,0.0,1.07,-1,0,0.0,0,0.0,0.0,0
1,1,0.0,1,0.441,1.108,0.25000,0.25000,1.475,0.16851,0.91180,-0.083,0.80454,-0.275,0.565,-0.43820,0.37856,-0.448,0.159,-0.385,0.007,-0.286,-0.09025,-0.16178,-0.08,-0.07782,-0.179,-0.02089,-0.10242,0.009,-0.105,0.019,-0.042,0.015,-0.02017
0,1,0.0,0,0.0,0.0,0.0,1,0.946,-1,-0.623,0,0.0,1.013,-0.065,0,0,0,0.0,-1,0.569,0.948,1.32,1.413,-1.483,0.0,0,1,-1.033,0,0.0,0.0,0,1,1
1,1,0.0,0.87048,0.517,0.332,0.69212,0.301,0.86625,-0.03933,0.90740,-0.52,0.79346,-0.887,0.295,-0.655,0.157,-0.798,-0.166,-0.929,-0.38102,-0.286,-0.62861,-0.105,-0.70762,0.217,-0.573,0.38544,-0.4,0.345,-0.29897,0.56239,-0.042,0.51460,0.16645
0,1,0,0.0,0.0,0,0.0,0.0,0.0,-0.785,1.474,0.0,0,0.785,0.37333,-0.12000,-0.12000,0.0,0,-1.146,-0.933,0,0,1,-0.531,0.0,0.0,0.874,0.22667,0.0,0.0,0,0,0.0,0
1,1,0,0.7,0.43491,0.59573,0.77655,0.117,0.79,-0.138,0.92544,-0.62526,0.58,-1.143,0.369,-0.51,-0.044,-0.77356,-0.497,-0.46950,-0.788,-0.151,-0.82217,0.337,-0.77570,0.55984,-0.55910,0.899,-0.24433,0.729,0.123,0.668,0.38915,0.219,0.407
1,1.121,0,0.491,0.024,0.15236,0.21278,0.148,0.783,-0.374,0.817,-0.10312,0.226,-0.61352,0.285,-0.688,-0.05409,-0.168,-0.201,-0.30315,-0.44615,-0.079,-0.722,0.02668,-0.22786,0.3,-0.06295,0.171,-0.11876,0.27657,-0.062,0.15078,0.13296,0.071,0.282
1,0.6,0.0,0.506,0.39121,0.54040,0.477,0.141,0.89402,-0.231,0.83578,-0.527,0.675,-0.86622,0.291,-0.84442,-0.24164,-0.473,-0.61894,-0.216,-0.87787,0.12439,-0.89064,0.51109,-0.578,0.79143,-0.27734,1.219,0.092,0.608,0.289,0.37542,1.004,-0.027,0.711
1,1,0.0,0.76,-0.03490,0.677,0.003,0.60409,-0.07461,0.825,0.007,0.62455,-0.069,0.579,0.07220,0.62936,-0.066,0.389,0.116,0.912,0,0.58965,0.10108,0.44,0.034,0.872,0.09,0.544,0.02019,0.51384,0.042,0.61733,-0.011,0.61372,-0.09146
1,1,0,0.528,-0.02390,0.711,0.041,0.72243,0.235,0.79228,0.06,0.81434,0.43934,0.63787,0.004,0.70772,0.278,1.261,0.059,0.61029,0.058,0.402,0.04228,0.477,-0.187,0.72978,-0.234,0.551,0.087,0.30882,0.106,0.55916,0.06,0.625,0.21691
1,1,0,0.357,0.18923,0.566,0.02,0.474,0.02647,0.479,-0.10308,1.02,0.065,0.73961,0.033,0.989,0.069,1.018,-0.071,0.781,0.16308,0.34,0.087,0.442,0.08041,0.483,-0.07231,0.58803,0.08767,0.67,0.25692,0.53389,0.091,0.50609,0.09322
1,1,0.0,0.805,0.05375,1.224,0.002,0.892,0.00301,0.564,0.052,1.047,0.031,0.487,0.00585,0.80738,0.007,0.80622,-0.12447,0.77935,-0.051,0.76365,0.01,0.74635,0.01,1.015,-0.044,0.995,0.01096,0.62235,0.11598,0.668,0.01190,0.64407,0.007
1,1.108,0.0,0.684,0.0,0.516,0.10435,0.249,0.054,0.432,-0.03913,0.408,-0.144,0.493,0.05,0.36,0.025,0.341,0.19565,0.42174,0.091,0.42174,-0.02609,0.32174,-0.105,0.47391,-0.00870,0.41789,0.06908,0.38696,0.03913,0.38,0.14783,0.552,0.17391
1,1,0.0,0.79830,0.089,0.78129,0.234,0.853,0.296,0.856,0.231,0.65917,0.257,0.57898,0.60814,0.49210,0.58445,0.227,0.67861,0.278,0.63548,0.133,0.829,0.023,0.796,-0.08748,0.63183,-0.099,0.60696,-0.191,0.584,-0.284,0.397,-0.27339,0.42467
1,1.151,0,1,0.09802,1,0.25101,1.293,0.223,0.779,0.334,0.505,0.477,0.56937,0.71942,0.624,0.805,0.29452,0.82193,0.181,0.779,0.09709,1.229,-0.01734,0.79870,-0.15144,0.936,-0.22839,0.799,-0.28,0.815,-0.40291,0.702,-0.607,0.308
1,1,0,1.066,0.13425,0.87001,0.31543,0.78896,0.363,0.63388,0.59975,0.5,0.552,0.445,0.753,0.24266,0.916,0.09134,0.556,-0.124,0.76261,-0.176,0.661,-0.448,0.62610,-0.261,0.625,-0.613,0.409,-0.294,0.27252,-0.52823,0.109,-0.321,0.05972
1,1,0,0.94631,0.235,1.239,0.33143,0.433,0.49960,0.7,0.63842,0.72,0.73838,0.333,0.447,0.24,1.28,0.17959,0.93429,-0.007,1.256,-0.18880,0.89383,-0.267,0.95,-0.349,0.877,-0.675,0.66335,-0.659,0.641,-0.75321,0.42488,-0.888,0.26092
1,1.426,0,1.173,0.167,0.86090,0.526,0.774,0.234,0.60425,0.69865,0.274,0.698,0.412,0.81795,0.201,0.818,0.006,0.742,-0.164,0.445,-0.35996,1.12,-0.43087,0.661,-0.53140,0.53886,-0.60328,0.40972,-0.64511,0.27338,-0.459,0.13667,-0.64056,0.028
1,1,0.0,0.76627,0.166,0.63935,0.526,0.684,0.479,0.127,0.22273,0.13753,0.771,-0.077,0.44545,0.0,0.48636,-0.27491,0.458,-0.56136,0.509,-0.36591,0.217,-0.475,0.07588,-0.333,-0.03229,-0.33942,-0.12486,-0.305,-0.211,-0.116,-0.24648,-0.14,-0.268
1,1,0.0,0.502,-0.60927,0.85430,0.55298,0.81126,0.097,0.358,0.097,0.209,0.24172,0.50331,0.143,0.63907,0.229,0.677,0.42715,0.427,0.13907,0.633,0.27815,0.68874,0.079,0.68,0.209,0.51,0.367,0.46216,0.207,0.585,0.29324,0.569,0.29942
1,0.841,0.0,0.579,0.11385,0.70019,-0.178,0.81594,0.051,0.71157,0.008,0.802,-0.088,0.453,0.12524,0.367,0.054,0.53131,-0.03416,0.69450,0.204,0.72676,0.07211,0.174,0.05882,0.53321,0.37381,0.433,0.18,0.163,0.32448,0.657,0.268,0.325,0.15180
1,1,0.0,1.074,0.076,0.80562,-0.02299,0.794,-0.03299,0.852,-0.069,0.59582,-0.103,0.87,-0.05771,0.64260,-0.072,0.296,0.063,0.71254,0.016,0.763,-0.058,0.792,-0.08453,0.47038,-0.22822,0.427,-0.046,0.52613,-0.09,0.44277,-0.095,0.42223,-0.09808
1,1,0.0,1,0.08,0.96775,-0.00482,0.96683,-0.005,1.242,-0.045,1.161,0.01419,0.96186,-0.01436,0.733,-0.016,0.98497,0.01002,0.932,-0.098,0.95016,-0.023,0.967,-0.036,0.784,0.02003,0.93,-0.016,0.519,-0.05843,0.92774,-0.039,1.197,-0.03673
1,1.033,0,0.462,-0.129,0.42784,-0.12371,0.491,-0.374,0.73196,0.07216,0.26289,-0.247,0.49485,0.15979,0.361,-0.116,0.42268,0.06186,0.38,-0.27320,0.54639,0.237,0.611,0.098,0.541,0.19588,0.727,-0.125,0.165,-0.321,0.511,0.04124,0.679,-0.51546
1,1.353,0,0.366,-0.039,0.73,0.029,0.417,0.36028,0.65358,-0.00462,0.64203,0.08314,0.79446,-0.322,1.065,0.595,0.59584,0.13857,0.63510,0.263,0.721,-0.188,0.611,0.15359,0.506,0.23095,0.691,0.226,0.61663,0.086,0.66316,0.206,0.582,0.36721
1,1,0.0,0.50112,-0.026,0.308,0.01,0.649,0.014,0.834,0.034,0.66742,-0.00449,0.71685,-0.04719,0.66517,0.006,0.756,0.02,0.868,-0.097,0.56854,0.097,0.57528,-0.03596,0.356,0.04944,0.76,0.00824,0.655,-0.03596,0.799,0.10562,0.835,-0.08090
1,1,0.0,0.441,-0.009,0.66667,-0.049,0.63107,-0.066,0.77994,0.097,0.669,0.064,0.655,0.183,0.60194,-0.015,0.55,-0.04531,0.46926,-0.108,0.64725,0.14887,0.241,0.258,0.283,-0.074,0.45105,0.0,0.31392,-0.06796,0.49191,-0.10680,0.315,-0.05178
1,1,0.0,0.68148,0.10370,0.77037,0.043,0.958,0.041,0.60988,-0.00494,1.034,0.134,0.59753,0.062,0.62469,0.077,0.816,-0.17531,0.73827,-0.10864,0.369,0.013,0.553,0.08148,0.61,-0.108,0.63773,-0.02451,0.405,0.03,0.699,-0.07160,0.489,-0.065
1,1,0,0.538,-0.02712,0.407,0.04068,0.52881,-0.04407,0.50508,0.027,0.699,-0.069,0.57966,-0.022,0.53220,0.07797,0.437,0.136,0.37,-0.032,0.53220,0.00678,1.068,-0.042,0.52881,-0.03390,0.454,0.006,0.58644,-0.004,0.769,-0.029,0.706,0.063
1,1,0,0.697,0.112,0.271,0.074,0.35,0,0.57282,-0.02427,0.58252,0.02427,0.33495,0.064,0.668,0.006,0.58,-0.10680,0.43204,0.00485,0.513,0.042,0.199,0.272,0.31068,-0.187,0.36547,0.026,0.53,0.208,0.382,0.0,0.37379,-0.01942
1,1,0,0.98822,0.022,1.162,0.458,1.062,0.35222,0.937,0.525,0.578,0.51879,0.507,0.60179,0.645,0.695,0.31800,0.70443,0.174,0.68873,0.07515,0.813,0.06338,0.57,-0.105,0.815,-0.238,0.416,-0.16209,0.55805,-0.193,0.44195,-0.34,0.37465
1,0.87,0.0,0.97905,0.15810,0.747,0.35237,0.846,0.249,0.71760,0.64888,0.58827,0.659,0.40349,1.204,0.25140,0.618,0.069,1.146,-0.177,0.934,-0.295,0.80754,-0.435,0.486,-0.51034,0.58324,-0.761,0.46040,-0.61899,0.30796,-0.981,0.173,-0.633,0.02968
1,1,0,1.132,0.129,1.303,0.47030,0.76902,0.62415,0.325,0.415,0.36774,0.88291,0.064,0.688,-0.052,0.622,-0.372,0.72073,-0.345,0.445,-0.55769,0.695,-0.51,0.35534,-0.955,0.088,-0.66651,0.02277,-0.898,-0.162,-0.621,-0.22949,-0.47201,-0.35032
1,1,0.0,0.94331,0.19959,0.96132,0.40803,1.166,0.446,0.608,0.752,0.41836,1.005,0.14939,0.675,0.069,0.93682,-0.325,0.81,-0.42811,0.75554,-0.494,0.409,-0.65515,0.50428,-0.593,0.30912,-0.415,0.128,-0.661,-0.04399,-0.75199,-0.163,-0.901,-0.358
1,1.025,0.0,0.93972,0.307,1.012,0.52821,0.842,0.46,0.34961,0.739,0.10797,0.968,-0.20015,0.676,-0.39730,0.82163,-0.548,0.74,-1.116,0.40368,-0.81262,0.18888,-1.191,-0.037,-0.553,-0.178,-0.922,-0.47,-0.46422,-0.61446,-0.318,-0.70835,-0.08937,-0.71273
1,1,0.0,0.89835,0.448,0.67333,0.73,0.655,0.94353,-0.03643,0.934,-0.123,1.093,-0.324,0.597,-0.803,0.287,-0.66750,0.10591,-0.47359,-0.079,-1.193,-0.06011,-0.33197,-0.47592,-0.12897,-0.53620,0.07158,-0.387,0.212,-0.398,0.204,-0.278,0.588,0.13297
1,1.194,0,0.162,0.134,0.149,0.151,0.031,0.497,0.171,0.174,0.06266,0.268,-0.04725,0.12767,-0.083,0.08,-0.063,0.04097,-0.03,0.008,-0.052,-0.00280,-0.019,-0.011,-0.026,-0.01505,-0.00886,-0.01475,-0.00280,-0.01250,0.00096,-0.00948,0.00290,-0.00647
1,1,0.0,0.58459,-0.35526,0.889,0.218,0.511,-0.00564,0.82519,0.124,0.50188,-0.25,0.65977,0.067,0.69737,0.14662,0.363,-0.312,0.76128,0.054,0.363,0.103,0.6,-0.572,0.64850,-0.051,0.7,-0.10571,0.437,-0.13346,0.164,-0.12218,0.44767,-0.081
1,1,0.0,0.83609,0.13215,0.72171,0.066,0.704,0.111,0.156,0.116,0.43837,0.12,0.49418,0.189,0.288,0.13507,0.425,0.021,0.25,0.117,0.349,0.157,0.29495,0.154,0.26436,0.14530,0.183,0.14314,0.326,0.21,0.18767,0.13632,0.16655,0.13198
1,1,0.0,1.195,0.11933,0.85738,0.011,0.594,0.02,0.72,-0.00278,0.84459,0.10916,0.83289,0.032,0.831,0.044,0.642,0.01943,0.948,0.02405,0.591,0.04901,0.80259,0.076,0.513,0.015,0.457,0.053,0.85939,0.09251,0.552,0.07090,0.77269,0.076
1,0.69,0,0.87111,0.04326,0.706,0.232,1.437,0.29292,0.89455,-0.078,0.88598,-0.025,1.282,-0.371,0.89410,0.185,0.88644,-0.064,0.84452,-0.011,0.97882,-0.456,0.78954,-0.305,0.819,-0.066,0.623,-0.02908,0.54,-0.04101,0.75935,0.243,0.706,0.09193
1,1,0.0,0.74916,0.02549,1.186,0.09792,0.75855,0.095,0.479,-0.115,0.57,0.02482,0.97921,-0.00469,1.118,0.10195,0.91482,0.032,0.887,0.032,0.692,-0.066,1.053,0,0.651,-0.01207,0.989,0.025,0.72435,-0.006,0.90409,0.122,0.86,0.02750
1,1.032,0.0,0.39,0.19527,0.045,-0.165,0.786,0.01006,0.499,-0.023,0.56509,0.025,0.294,0.27515,0.441,-0.053,0.55621,0.105,0.537,0.11538,0.645,0.042,0.51183,-0.10651,0.343,-0.02367,0.46514,0.03259,0.53550,0.25148,0.31953,-0.206,0.489,-0.00296
1,1,0.0,0.59887,0.14689,0.902,-0.133,0.85122,-0.13936,0.682,0.013,0.50471,0.021,0.809,-0.04520,0.651,-0.13748,0.51412,-0.219,0.81544,-0.14313,0.666,-0.00377,0.499,0.06215,0.361,-0.33145,0.572,-0.183,0.778,-0.02072,0.651,-0.219,0.959,-0.257
1,1,0,0.729,-0.043,0.86412,-0.095,0.69,0,0.406,-0.068,0.71975,-0.13588,0.74947,-0.11677,1.008,-0.101,0.78132,-0.3,0.61996,-0.123,1.1,-0.153,0.89384,-0.041,0.84926,-0.214,0.966,-0.328,0.66242,-0.247,0.72611,-0.22,0.91,-0.24841
1,1,0.0,1.229,-0.08152,0.83424,0.072,0.84783,0.046,0.537,-0.02174,0.77174,-0.05707,0.451,-0.119,0.345,-0.00543,0.696,-0.20924,0.83424,0.03261,0.86413,-0.046,0.813,-0.408,0.85054,-0.159,0.531,-0.134,0.912,-0.031,0.78533,-0.10870,1.077,-0.003
1,0.713,0.0,0.859,-0.13241,0.53755,0.16996,0.72727,0.125,0.69565,-0.087,0.513,-0.23518,0.746,-0.19170,0.73715,0.04150,0.567,-0.002,0.72,-0.13,0.738,-0.25296,0.935,-0.42,0.745,-0.062,0.916,-0.12041,0.60079,-0.20949,0.37549,0.037,0.46,-0.01383
1,1,0.0,0.428,0.11308,0.379,0.00665,0.699,0.038,0.701,-0.13969,0.672,0.01330,0.63858,-0.16186,0.67849,-0.031,0.514,-0.147,0.357,-0.044,0.534,-0.131,0.50776,-0.13525,0.43,-0.115,0.346,-0.11455,0.59867,-0.03,0.53659,-0.123,0.56319,-0.04435
1,1.31,0,0.88116,0.297,0.72125,0.438,0.61559,0.349,0.38825,0.90502,0.051,0.96128,-0.182,0.89200,-0.361,1.072,-0.369,0.62210,-0.78768,0.438,-0.81856,0.147,-0.83943,-0.079,-0.891,-0.236,-0.81,-0.634,-0.54732,-0.533,-0.30512,-0.66700,-0.133,-0.525
1,1,0.0,0.93147,0.349,0.412,0.646,0.747,0.71596,0.26203,0.931,0.069,0.96748,-0.333,1.167,-0.55926,1.128,-0.73329,0.62385,-0.90995,0.262,-0.92254,0.064,-0.499,-0.269,-0.884,-0.376,-0.65165,-0.593,-0.33,-0.85725,-0.13590,-0.93953,0.10007,-0.821
1,1.012,0,0.68,0.30634,0.889,0.61,0.34109,0.58527,0.05717,1,-0.09238,1.181,-0.757,0.771,-0.69767,0.321,-0.569,0.508,-1.212,-0.007,-0.78973,-0.4,-0.967,-0.413,-0.539,-0.67605,-0.32,-0.81876,-0.029,-0.86841,0.25392,-0.82127,0.001,-0.81686
1,1,0.0,0.83479,0.28993,0.523,0.687,0.25,0.68381,0.21991,0.757,-0.049,0.765,-0.188,0.77681,-0.376,0.358,-0.70350,0.39,-0.75821,0.03939,-0.71225,-0.193,-0.534,-0.39168,-0.336,-0.657,-0.16950,-0.60863,0.08425,-0.828,0.187,-0.48468,0.252,-0.357
1,1,0,0.92870,0.33164,0.76168,0.909,0.262,0.84266,0.21592,0.719,-0.135,0.96167,-0.55,1.156,-0.915,0.659,-0.993,0.431,-1.028,0.067,-0.79,-0.141,-0.73969,-0.701,-0.666,-0.882,-0.22323,-0.86122,0.1,-0.844,0.36021,-0.78057,0.59407,-0.60270
1,1,0.0,0.81,0.347,0.65541,0.322,0.34962,0.70677,0.17293,1.117,-0.18976,0.79886,-0.521,0.619,-0.469,0.47744,-0.706,0.262,-0.598,-0.04887,-0.329,-0.28195,-0.289,-0.53463,-0.304,-0.574,-0.01530,-0.669,0.22708,-0.413,0.437,-0.51206,0.354,-0.30075
1,1.378,0,0.874,-0.015,0.98058,-0.029,1,-0.075,0.577,0.01456,0.95278,-0.02604,0.98500,-0.07458,0.781,-0.098,0.97396,-0.09532,0.769,-0.12224,0.944,-0.078,0.695,-0.12,0.542,-0.08341,0.967,-0.176,0.551,-0.14916,0.663,-0.15755,0.96778,-0.254
1,0.881,0.0,0.94052,-0.009,0.605,0.01001,0.94994,-0.01472,0.95878,-0.01060,0.94641,-0.03710,0.512,-0.021,1.365,-0.033,1.157,-0.04064,0.95230,-0.04711,0.83,-0.03,1.377,-0.022,0.92049,-0.04476,1.157,-0.06,1.272,-0.038,0.91991,-0.089,0.92049,-0.058
1,1.222,0,1.046,-0.215,0.492,-0.003,0.769,-0.17123,0.98630,0.191,0.91781,0.00228,1.353,-0.1,0.91324,-0.00228,1.039,-0.062,0.97032,-0.21233,0.734,0.10274,0.96,-0.05251,1.099,0.06849,1.291,-0.09252,0.927,-0.202,0.972,-0.08676,0.96575,-0.279
1,1,0,0.545,-0.038,0.94915,0.08475,0.711,-0.216,0.268,-0.012,0.50847,-0.13559,0.697,0.248,1.114,-0.264,0.54237,0.01,0.534,0.05,0.44,0.30508,0.86441,0.037,0.394,0.15254,0.567,-0.002,0.66102,-0.017,0.83051,-0.15254,0.76271,-0.10169
1,1,0,0.338,-0.25000,0.44444,0.22222,0.536,0.16667,0.319,0.153,0.344,-0.163,0.54911,-0.116,0.441,0.33333,0.662,0.038,0.222,-0.19444,0.615,-0.05556,0.748,-0.022,0.195,0.059,0.41543,-0.188,0.19444,-0.13889,0.36924,-0.14809,0.068,-0.671
1,1,0.0,0.51207,1,1,0.53810,0.721,0.80833,0.301,0.46427,0.33081,1,0.279,1,-0.235,1,-0.384,1.023,-0.828,1,-0.608,0.983,-0.88500,0.476,-1,0.42,-1.47,0.059,-0.616,-0.16713,-1.353,-0.535,-1.045,-0.706
1,1,0.0,0.75564,0.399,0.734,0.54301,0.54916,0.72063,0.526,0.70792,0.128,1.075,-0.049,1.07,-0.37604,1.019,-0.69,0.742,-0.68358,0.617,-0.642,0.24956,-0.79147,0.041,-0.751,-0.263,-0.591,-0.26,-0.63312,-0.19185,-0.34131,-0.60454,-0.104,-0.62956
1,1.319,0.0,0.896,0.578,0.969,0.74,0.45625,0.78115,0.16470,0.82732,-0.13012,0.582,-0.28,0.902,-0.386,0.52070,-0.78470,0.33,-0.84014,0.03928,-0.495,-0.311,-0.344,-0.334,-0.348,-0.883,-0.05054,-0.556,0.14690,-0.45911,0.37093,-0.551,0.48319,-0.24313
1,1.19,0,0.856,0.255,1.095,0.814,0.45571,1.129,0.15323,0.95776,-0.23,0.965,-0.52,1.174,-0.78751,0.322,-0.93104,0.382,-0.93641,-0.074,-0.593,-0.40949,-0.65079,-0.82,-0.395,-0.84951,-0.04578,-0.91221,0.337,-1.093,0.54827,-0.69613,0.785,-0.44173
1,1.45,0.0,0.92436,0.36924,0.442,0.694,0.323,0.94078,-0.11108,1.028,-0.248,0.674,-0.831,0.78766,-0.633,0.42314,-0.94315,0.12,-0.799,0.04,-0.66431,-0.679,-0.46010,-0.78174,-0.194,-0.88082,0.126,-0.894,0.48904,-0.821,0.69886,-0.46048,0.76066,-0.154
1,0.987,0.0,1.127,0.16195,0.829,-0.05558,1.034,0.01373,0.697,-0.12352,0.785,-0.01511,1,-0.01731,1.149,-0.06374,0.87,-0.105,1,0.05900,0.513,-0.09,0.532,-0.02685,1.34,-0.237,1,-0.06823,0.945,0.08299,0.679,-0.212,1.448,-0.07439
1,1,0.0,0.95559,-0.00155,0.86421,-0.13244,1.371,-0.004,0.82809,-0.51171,0.92441,0.144,0.596,-0.087,0.903,-0.036,0.757,-0.15518,0.84013,0.596,1.203,-0.135,0.485,-0.064,1.267,-0.011,1.107,-0.01769,0.595,-0.021,0.80634,-0.01957,0.78761,-0.02039
1,1,0,0.867,0.193,0.64064,0.704,0.423,0.68158,0.14177,0.83548,-0.223,0.78772,-0.518,0.775,-0.57165,0.601,-0.75436,0.144,-0.69977,-0.132,-0.57695,-0.206,-0.424,-0.406,-0.229,-0.283,0.012,-0.322,0.19030,-0.3,0.31008,-0.23199,0.34572,-0.079
1,1.228,0.0,1.29,0.35232,0.991,0.65128,0.263,1.163,0.085,0.572,-0.29784,1.291,-0.62635,0.69590,-0.77106,0.336,-0.85803,0.08408,-0.811,-0.24017,-0.812,-0.603,-0.39766,-0.68337,-0.104,-0.809,0.201,-0.71504,0.299,-0.57649,0.573,-0.36765,0.862,-0.13305
1,1,0,1.096,0.39286,0.668,0.626,0.165,0.90824,-0.04787,1.218,-0.45725,0.84605,-0.77660,0.535,-1.089,0.136,-0.92282,-0.15315,-0.944,-0.712,-0.50931,-0.76197,-0.14895,-0.88591,0.313,-0.792,0.397,-0.68593,1.113,-0.519,1.163,-0.09,0.892,0.156
1,0.546,0,0.641,-0.321,1,-0.20253,1.14,-0.092,0.738,0.01266,0.998,0.11392,0.939,0.08,0.84810,-0.035,0.424,-0.203,0.87342,-0.01266,0.47,0.06329,1,0.25316,0.898,-0.252,0.701,-0.05540,1,-0.055,0.755,0.02532,0.998,-0.02532
1,1.086,0.0,0.818,0.00840,0.652,0.02,0.82638,0.02469,0.613,0.01681,0.542,0.05882,0.536,0.05,0.495,0.05407,0.64706,0.172,0.423,0.04202,0.71285,0.055,0.68895,0.07577,0.927,0.08403,0.63728,0.051,0.61345,0.021,0.772,0.092,0.3,0.08891
1,1.425,0,0.433,0.019,0.92211,0.015,0.92046,0.028,0.656,0.084,0.519,0.083,0.91161,0.028,0.90738,0.05018,1.168,0.042,0.497,0,0.89097,0.07047,0.949,0.111,0.83721,0.134,0.86923,0.096,0.87597,0.08786,0.558,0.10134,0.84258,0.079
1,1,0,1,-0.01179,1,-0.004,0.698,-0.01565,1,-0.019,0.962,-0.028,1,-0.023,0.708,-0.03087,0.682,-0.03238,0.933,-0.03452,0.579,-0.026,0.935,-0.05039,0.858,-0.033,0.851,-0.07,0.99400,-0.08,0.99057,-0.066,1.257,-0.06668
1,0.69,0.0,1.299,-0.03168,0.773,0.05545,1.135,0.011,0.92871,0.038,0.91287,-0.00990,0.873,-0.014,0.665,0.03366,0.93663,0,1.129,0.019,0.645,0.01,0.88713,-0.014,1.265,0.026,1.194,0.01611,0.88119,0.00198,0.87327,0.039,0.86733,0.02376
1,1,0.0,0.90071,0.022,0.741,-0.01773,0.763,0.00709,1.019,0.048,0.644,0.03546,0.97872,0.012,1.218,0.032,1,-0.023,1.043,-0.038,0.86170,0.046,0.977,0.106,0.90071,0.04610,0.94305,0.034,0.94681,0.02482,1,0.006,0.482,0.02128
1,1,0,0.352,-0.334,0.868,0.008,0.498,0.09091,0.333,0.136,0.267,-0.21212,0.57576,0.11,0.51,0.0,0.56156,0.049,0.51515,0.027,1.118,0.18182,0.30303,-0.156,0.48526,0.035,0.566,0.051,0.33333,-0.02,0.41856,0.06410,0.39394,0.24242
1,1,0.0,1.233,0.251,0.72014,0.779,0.514,0.83049,0.073,0.85893,-0.229,0.86121,-0.51763,0.735,-1.029,0.502,-0.77019,0.088,-0.446,-0.13652,-0.361,-0.42207,-0.32537,-0.851,-0.023,-0.573,0.15360,-0.53127,0.391,-0.37088,0.554,-0.254,0.40956,0.01820
1,1,0,0.735,0.37917,0.935,0.383,0.4,0.88696,-0.035,0.93345,-0.227,0.429,-0.67274,0.62078,-0.916,0.30356,-0.841,-0.046,-0.959,-0.34275,-0.51778,-0.663,-0.296,-1.043,0.09,-0.73856,0.33531,-0.754,0.52414,-0.333,0.86,-0.17343,0.325,0.08660
1,0.988,0,0.90547,0.208,0.725,0.74761,0.29921,0.667,-0.085,0.97820,-0.491,0.83263,-0.676,0.55086,-0.96631,0.175,-0.93001,-0.337,-0.786,-0.865,-0.472,-0.85205,-0.02250,-0.784,0.36318,-1.195,0.67538,-0.48,0.964,-0.154,1.207,0.09,0.75495,0.46301
1,1,0,0.848,1,0.36700,0.06158,0.19,1.169,-0.3,0.732,-0.357,0.339,-0.812,0.467,-0.92857,-0.051,-0.278,-0.34236,-0.46552,-0.442,-0.032,-0.706,0.25616,-0.20443,0.975,-0.45950,0.657,-0.06831,1.408,1,0.566,0.00246,0.263,0.79790
1,1,0,1.033,0.331,0.474,0.33333,0.069,0.343,-0.32104,0.64,-0.507,0.445,-0.526,0,-0.57576,-0.12121,-0.33333,-0.454,-0.115,-0.84848,0.327,-0.57576,0.597,-0.286,0.553,-0.253,0.72961,0.12331,0.88,0.57576,0.24242,0.362,0.09091,0.189
1,0.567,0.0,0.88110,0.0,0.957,-0.019,0.93598,-0.01220,1.082,0.009,0.879,0.009,1.002,0.00915,0.95732,0.003,1.383,0.025,0.94207,-0.01220,0.787,0.02439,0.636,0.05488,0.99695,0.064,0.492,0.02226,0.90854,0.00915,1,0.042,0.939,-0.01220
1,1,0,0.82624,0.057,0.61,-0.114,1.098,-0.018,0.92908,0.013,0.999,0.08865,0.686,-0.01,0.94326,0.0,0.93262,0.20213,0.95035,-0.00709,0.91489,0.008,1.09,0.085,0.91135,0.17,1.323,0.08165,0.933,0.036,0.92553,0.154,0.741,0
1,1.071,0,0.681,0.08,0.88706,0.00982,0.934,0.01471,0.87234,-0.01418,0.665,0.10638,0.87657,0.027,0.881,0.019,1.18,0.076,0.95035,0.04255,0.85597,0.061,1.03,0.05178,0.793,0.112,1.049,0.073,0.731,-0.03546,0.828,0.06800,0.818,0.07173
1,1.346,0.0,0.79,0.028,0.476,0.003,0.89210,0.006,0.86335,0,0.57,0.07453,0.87021,0.012,0.777,0.01151,0.426,-0.06211,0.85714,0.031,1.212,0.01603,0.595,0.011,0.79503,-0.04348,1.047,0.019,0.81988,0.054,0.80757,0.03,0.80088,0.02441
1,1,0,0.946,0.00710,1.0,0.023,1,0.022,0.99290,0.01599,0.95737,0.034,1.131,0.03552,1,0.048,1.121,0.02,0.98579,0.05,0.97158,0.057,0.94494,0.05506,0.524,0.03552,1.349,0.065,0.94849,0.092,0.748,0.033,1.28,0.096
1,1,0,0.888,0.01,0.559,0.006,1,0.015,0.678,-0.013,0.99448,-0.00221,1.084,0.02320,0.587,0.005,0.936,0.011,0.951,0.014,0.98011,0.009,0.98122,0.028,0.666,-0.00663,0.98033,0.02,0.97901,0.01547,0.98564,0.02099,0.54,0.02762
1,0.786,0,1,-0.01342,0.564,0.012,0.717,-0.003,1,0.06264,0.97763,0.054,0.487,0.016,1.378,0.06488,0.98881,0.034,0.951,0.03579,0.98,0.139,0.95749,0.07383,1.347,0.139,1.348,0.08763,0.723,0.08501,0.59,0.056,1,0.10067
1,1,0.0,1.312,0.193,0.67123,0.785,0.361,1.216,0.02424,0.93182,-0.226,0.83713,-0.518,0.58842,-0.805,0.546,-0.83285,-0.005,-0.69318,-0.32963,-0.385,-0.53924,-0.27377,-0.68126,0.008,-0.615,0.229,-0.60678,0.545,-0.594,0.54209,-0.21542,0.702,0.035
1,1.139,0,0.90147,0.436,0.64131,0.9,0.347,0.646,-0.296,0.52,-0.55483,0.875,-1.045,0.50949,-1.146,0.10345,-1.369,-0.265,-0.558,-0.626,-0.23,-0.88999,0.05865,-0.94172,0.533,-0.82154,1.017,-0.55231,0.89415,-0.18725,0.87893,0.204,0.899,0.54852
1,0.736,0,0.313,0.107,0.15970,0.29308,0.152,0.74485,-0.216,1.235,-0.129,0.198,-0.715,0.125,-1.321,-0.002,-0.204,-0.207,-0.30522,-0.48886,-0.14426,-0.89991,0.122,-0.28916,0.28307,-0.18560,0.299,-0.085,0.31005,0.082,0.21443,0.20540,0.179,0.26422
1,1.417,0,0.331,0.496,0.444,0.573,0.063,0.938,-0.469,0.82139,-0.68253,0.52408,-0.84211,0.094,-0.82811,-0.28723,-0.324,-0.71725,-0.048,-1.185,0.321,-0.76316,0.403,-0.52128,0.74300,-0.18645,0.74758,0.192,0.351,0.59071,0.26,0.681,-0.255,0.74356
1,1.195,0.0,0.197,0.05725,0.062,0.25191,-0.10557,0.48866,-0.18321,-0.18321,-0.277,0.082,-0.28,0.09160,-0.101,-0.30534,-0.10305,-0.521,0.216,-0.17557,0.34012,-0.136,0.308,-0.16031,0.21645,0.133,0.041,0.25,-0.052,0.361,-0.195,0.16794,-0.30153,-0.465
1,1,0,0.934,0.00075,1.407,0,0.499,-0.00075,1.013,0.02394,0.97700,0.028,0.97888,0.03073,0.907,0.012,0.826,0.066,0.93552,0.05279,1.233,0.058,0.907,0.077,0.714,0.08107,0.96709,0.108,0.804,0.08088,0.779,0.08126,0.879,0.098
1,1.085,0,1.108,-0.07572,0.80462,0.00231,0.598,-0.015,0.86821,-0.101,0.72832,-0.155,0.839,0.05029,0.737,-0.07399,0.954,0.053,0.78324,0.083,0.793,-0.022,0.528,-0.06012,0.74451,-0.03,0.558,-0.02731,0.74046,-0.05,0.509,-0.026,0.78439,0.01214
1,1,0.0,0.35346,-0.164,0.69387,-0.02423,1.001,-0.044,0.599,-0.078,0.61836,-0.10467,0.904,-0.036,0.836,-0.07289,0.514,-0.331,0.58213,0.04992,0.457,-0.08771,0.46241,-0.104,0.45008,-0.00564,0.413,-0.09038,0.373,-0.103,0.32232,-0.059,0.357,-0.112
1,1,0,0.798,0.01092,1.243,0.003,1.15,0.00384,0.79988,0.018,0.81504,0.12068,1.037,0.009,0.81815,0.00854,0.569,-0.071,0.76531,0.045,0.76979,0.017,0.75071,0.012,0.689,-0.005,0.517,0.01375,0.838,0.00849,0.521,0.009,0.408,0.01525
1,1,0.0,0.965,-0.011,1.38,0.06831,0.513,0.50137,0.75683,-0.001,0.442,-0.122,0.462,-0.48907,0.39208,0.606,0.76776,0.31831,0.547,0.11339,0.343,-0.594,1,0.004,0.60656,0.06967,0.542,0.17088,1.288,0.088,0.55328,0.204,0.138,0.48087
1,1,0.0,0.689,0.08298,0.73739,-0.14706,0.84349,-0.067,1.305,-0.029,0.932,0.182,0.783,0.037,0.79307,-0.08929,1,-0.013,0.879,0.098,0.87605,0.013,0.679,0.06618,0.95378,-0.032,0.497,0.00123,1,0.12815,0.985,-0.141,1.093,-0.04307
1,1,0,0.935,0.004,0.963,-0.036,0.93438,-0.016,0.94590,0.01606,0.886,0.03281,0.94171,0.099,0.625,-0.014,0.767,0.00140,0.94834,0.06038,1.351,0.08412,0.93124,0.10087,1.254,0.009,1.021,0.04925,1.35,0.109,0.999,-0.0,0.91483,0.051
1,1.177,0,1.387,-0.00034,1.391,-0.03227,1.308,-0.025,0.95584,0.014,0.94124,0.01766,0.847,0.057,0.93954,-0.01461,1.192,0.013,1.358,0.011,0.91406,0.07677,0.89470,0.061,0.875,0.027,0.92489,0.036,0.92120,0.028,0.92459,0.005,0.92697,-0.008
1,1,0.0,0.90608,-0.01657,0.65,-0.015,0.885,-0.03646,0.85746,0.001,1.041,-0.029,0.9,-0.018,1.348,-0.056,0.91381,-0.00884,0.988,-0.12928,0.88729,0.008,0.92155,-0.02320,1.068,-0.02099,0.89147,-0.042,1.221,-0.151,1.238,-0.03757,0.87403,-0.236
1,1,0.0,0.84710,0.13533,0.73638,-0.06151,1.043,0.045,0.88928,-0.046,1.05,0.06678,0.632,-0.003,0.79262,-0.01054,0.85764,-0.055,1.073,-0.03515,1.16,-0.096,0.926,0.064,0.807,-0.137,0.81147,-0.031,0.648,-0.00703,0.75747,-0.067,1.081,-0.06151
