1,1,0.0,1.05,-0.05889,0.85243,0.031,0.895,-0.397,0.889,0.03760,0.462,-0.17755,0.59755,-0.44945,0.542,-0.28,0.84356,-0.298,0.637,-0.162,0.364,-0.29674,0.36946,-0.514,0.56811,-0.362,0.41078,-0.485,0.151,-0.476,0.26,-0.54487,0.249,-0.45300
0,1,0,0.858,-0.192,0.93035,-0.268,-0.142,-0.93597,1.491,-0.04549,0.327,-0.67743,0.34432,-0.69707,-0.268,-1.412,0.05499,-0.455,0.33109,-0.593,-0.13151,-0.297,-0.092,-0.509,-0.20332,-0.335,-0.20468,-0.192,-0.198,-0.123,-0.178,-0.078,-0.138,-0.02447
1,1.185,0.0,0.69,-0.03365,1.264,0.00485,1.417,-0.12062,0.621,0.01198,0.73082,0.065,1.04,0.008,0.54591,0.00299,0.83775,-0.173,0.75535,-0.08540,0.513,-0.195,0.297,-0.07,0.386,-0.378,0.551,-0.22145,0.43100,-0.148,0.561,-0.307,0.56045,-0.38238
0,0.815,0.0,1.114,-0.45161,1.163,1,0.71216,-1,0.0,0,0.0,0,0,0.0,-1.341,0.116,0.676,-0.546,-1.198,-0.79,-0.605,1,0,0.0,0.883,1.259,0.468,1.181,1,-0.20099,0.25682,1,-0.32382,1.053
1,0.902,0,1,-0.02401,0.94140,0.064,0.606,-0.197,0.77152,-0.16399,0.52798,-0.243,0.404,-0.004,0.429,-0.27457,0.52940,-0.25,0.327,-0.17813,0.085,-0.35575,0.032,-0.52879,0.028,-0.672,0.145,-0.288,0.018,-0.513,-0.05707,-0.354,-0.04608,-0.724
0,1,0,0.035,-0.005,-0.061,-0.107,-0.00763,-0.167,0.107,0.086,0.057,-0.06302,0,0.0,-0.027,-0.215,-0.004,-0.10196,-0.11575,-0.07,0.01838,0.03669,0.019,0.008,0.043,-0.014,-0.03240,0.136,-0.07859,0.00732,0.0,0,-0.0,0.12011
1,1,0,1.18,-0.057,1.33,-0.184,0.92806,-0.28350,0.602,-0.386,0.79766,-0.682,0.914,-0.662,0.904,-0.743,0.57945,-0.942,0.37852,-0.73641,0.36324,-0.76562,0.311,-0.79753,0.253,-0.81634,0.088,-1.073,0.04606,-0.676,-0.054,-0.656,-0.15,-0.80975
0,0,0,0.0,0,0,0.0,1.135,-1.317,0.0,0.0,-0.861,-1,0.0,0,0.0,0.0,1,1,-0.547,-0.791,0.0,0.0,0,0.0,0.551,1.122,1,1.39,0.0,0,0.508,1,0,0
1,1,0.0,1.107,-0.055,0.573,-0.157,1,-0.312,1.4,-0.36174,0.846,-0.233,0.94510,-0.538,0.90392,-0.525,0.623,-0.35257,0.5,-0.66020,0.75346,-0.60589,0.545,-0.812,0.85106,-0.65440,0.57577,-0.69712,0.25435,-0.601,0.668,-0.991,0.431,-0.623
0,1,0.0,-0.01864,-0.08459,0.0,0,0,0.0,0.11470,-0.253,-0.669,-0.357,0,0.0,-0.308,0.385,-0.37133,0.19,0.352,0.247,0,0.0,0.0,0,-0.112,-0.014,0.132,-0.016,0.0,0.0,0.16595,0.24086,-0.08208,0.38065
1,1,0.0,0.974,0.06,1.31,-0.18388,1,-0.239,1.009,-0.332,1,-0.47,1.331,-0.295,0.90711,-0.568,0.572,-0.66474,0.69876,-0.70997,0.847,-0.76320,0.438,-0.80544,0.55867,-0.89128,0.47211,-0.582,0.562,-0.475,0.316,-0.798,0.22995,-0.489
0,1.392,0.0,0.801,-0.665,1.354,-1,1.063,-0.866,1.432,0.36217,1,-0.212,1.193,1.201,1,-1,1,-0.295,0.533,-1.084,1.246,1,1.478,1,1.067,-0.40888,1,-0.62745,0.688,-0.8,1,-0.725,1,-1
1,1,0.0,1,-0.16316,1,-0.10169,1.071,-0.15197,1.055,-0.175,0.924,-0.3,0.669,-0.29785,0.949,-0.418,0.94486,-0.347,0.90137,-0.43383,0.783,-0.574,0.808,-0.294,0.792,-0.47137,0.76224,-0.748,0.649,-0.833,0.53,-0.64537,0.814,-0.67226
0,1.246,0,1.259,-0.86701,0.902,0.22280,1.061,-0.297,0.9,-0.163,0.612,0.35147,1.01,0.07772,1,-0.188,0.957,-1,1,-0.53,0.61831,0.095,0.508,0.62349,0.915,-0.17012,1,0.35924,0.621,-0.58,0.712,1.273,0.756,-0.18826
1,1,0.0,0.88,0.07380,0.945,0.03420,1.174,-0.054,0.538,0.08764,1.312,0.19,1.136,0.20328,1.294,0.152,1,0.10561,1.459,0.31,1,0.44758,1,0.42,0.532,0.20033,1.18,0.36743,1.239,0.673,1.164,0.32492,1.12,0.46712
0,0.682,0,0.326,-0.93996,0.587,0.149,-0.03520,-1.415,0.971,-0.869,0.43685,-0.548,0.0,0,-0.828,-0.34265,-0.37681,0.03623,1,-1,0.0,0,0.0,0.0,-0.219,0.936,0.39752,0.141,0.0,0.0,1,0.206,0.0,0
1,1,0.0,0.99645,0.047,1,-0.018,0.547,0.02498,1.294,0.02312,0.99274,0.078,0.878,0.081,0.94212,0.073,0.88809,0.153,0.86104,0.08631,0.461,0.16,1.014,0.18,0.81329,0.13412,1.082,0.098,0.625,0.091,0.77122,0.15930,0.675,0.067
0,0,0,0.0,0,-1.222,-1,1.023,0.911,-1.165,1.373,-0.881,0.734,1,-1.407,1.044,0.881,-1,-1,-1.369,1,1,-1,-1,1.408,-0.504,1.229,0.785,-1,-0.527,0.539,-0.642,-0.858,1,-1
1,1,0.0,0.67065,0.02528,0.669,0.05031,0.455,0.18761,0.08776,0.34081,0.608,0.127,0.62099,0.14285,0.663,0.074,0.665,0.232,0.164,0.41224,0.4,0.152,0.51420,0.288,0.48838,0.23724,0.479,0.295,0.468,0.25306,0.394,0.306,1.446,0.494
0,0.0,0,0.688,-1,0.0,0.0,0.0,0,0.811,1,1.301,-1,-0.414,1,0,0.0,-1.469,1.341,1,1.319,-1.353,0.86,1,0.56250,-1,1,0.736,1.122,0.783,-1.343,1.464,1,0.741,1
1,1,0.0,0.888,-0.00612,1.35,-0.09834,1,-0.077,1.375,-0.075,1.378,-0.11073,1,-0.39489,1.077,-0.12,0.92124,-0.363,0.86473,-0.399,1.162,-0.291,0.483,-0.46866,1.127,-0.481,0.642,-0.42231,0.753,-0.422,0.80448,-0.40575,0.74354,-0.522
0,0,0.0,1,0.54,0,0.0,0.0,0.0,-1.371,-0.529,0.0,0,0.0,0.0,-1,-1,-1,-0.616,-1.195,0.616,-1.349,1,0,0,0.0,0.0,1.134,-1.47,-1,1.313,-1,1.043,-1,1
1,1.07,0.0,0.879,0.068,1,0.04296,1.407,0.09313,0.793,-0.067,0.89263,0.02580,0.738,-0.042,0.694,0.09831,0.76544,0.003,0.632,-0.05295,0.886,-0.09,0.64158,-0.055,0.55677,-0.07705,0.736,-0.025,0.492,-0.01251,0.766,-0.0,0.52099,-0.00182
0,0,0.0,-0.914,1.24,0,0,0.0,0.0,-1,1,1.152,1.085,0.0,0.0,0,0,1.274,-1,-0.606,1.002,0.727,1,0.0,0.0,-1,-0.726,1,-0.65,1,1,-1.455,0.681,0.0,0
1,1.014,0.0,1.025,-0.06182,1.232,0.036,1.103,-0.072,1,-0.026,1,-0.081,0.469,-0.05202,0.93392,-0.07,0.69170,-0.059,0.964,-0.20367,1.184,-0.194,0.516,-0.31654,0.84932,-0.366,0.72529,-0.268,0.785,-0.518,0.54356,-0.26284,0.64207,-0.39487
0,1.149,0.0,1.448,0.833,1,-1.34,0.829,-1,1,-1,1.266,-1.171,1.169,-1,1.45,-1,1,-0.679,0.945,-0.894,0.513,-0.62796,1,-1.492,1,-0.987,1,-0.729,1.034,-0.87,1,-1,0.786,-1
1,0.764,0,1,-0.099,1,-0.12,0.86635,-0.675,0.579,0.339,0.569,-0.466,0.639,-0.382,0.87937,-0.23433,0.81051,-0.919,0.18,-0.532,1.188,0.11053,0.643,-0.496,0.435,-1.174,0.48136,-0.86583,0.40650,-0.89674,0.26,-1.275,-0.13341,-1
0,0.0,0.0,-1,-0.82,0.0,0.0,-0.538,1.312,1,-0.391,0.0,0.0,0,0.0,0,0,1,-0.754,-1,-1,1,-0.861,0.0,0,1,-0.789,-1.062,0.91,-1,-1,0,0.0,-0.983,1.336
1,1.092,0,1,0.077,1,0.149,1.071,-0.13308,1.184,0.934,1,0.362,1.346,0.59113,1.257,1.036,1.463,0.82777,1.177,0.95099,1,0.994,0.992,0.931,0.91624,1.458,0.86,0.629,0.549,0.66,0.64358,1,0.52479,1
0,0,0.0,-0.557,-0.924,1,1.274,1.451,-1.29,-1.492,1.471,0.872,-1.228,-0.558,-1,0,0,1.01,0.746,-1.277,-1.399,0.915,-1,1,-1,0.54,1.374,1,-1.224,1,-1,-1,1,1.173,-1
1,1,0.0,0.876,-0.17,0.998,-0.135,1,-0.23656,1.42,-0.112,1,-0.126,1.241,-0.143,1.334,-0.21975,1,-0.256,1,-0.46162,1,-0.322,1,-0.59661,0.67,-0.306,1.431,-0.464,1,-0.955,1,-0.418,1.305,-0.84437
0,1,0.0,0.896,-1,1,1,1,-1,1,-0.708,1,-1,1.094,-0.024,1.055,-1.396,0.64,1,1,-0.899,1.086,1.231,0.732,-0.783,0.0,0.0,0.616,1,0.828,-0.79141,1.187,0.889,0.772,1
1,0.518,0,0.88208,-0.191,0.992,-0.11057,0.683,-0.16450,0.625,-0.178,0.88462,-0.233,1.235,-0.388,1.036,-0.35924,1.203,-0.354,0.807,-0.308,0.70555,-0.47153,0.337,-0.536,0.61297,-0.309,0.337,-0.54629,0.50179,-0.59854,0.47075,-0.767,0.601,-0.58086
0,1,0,0.71253,-0.02595,0.283,-0.23067,0.98019,-0.096,0.99709,-0.125,0.724,-0.105,0.614,0.709,0.83726,-1.268,0.701,-0.17863,0.80760,-0.284,-0.172,0.536,0.488,0.037,0.65493,-0.142,0.93124,-0.41307,0.547,-0.259,0.805,-0.87354,-0.294,-1.264
1,1,0.0,1.388,-0.15899,0.72314,0.332,0.83443,-0.58388,1,-0.328,0.928,-0.44,0.57,-0.12527,0.908,0.212,1.114,0.39337,1.417,0.26590,0.785,-0.01891,0.741,-0.91338,0.865,0.18,1.388,-0.11582,1,-0.077,1.249,0.716,0.945,-0.57758
0,1,0,0.358,-1.248,1,1,1,-0.955,0.734,-0.40446,1.196,-0.853,1,-0.89375,0.741,0.73393,0.202,0.601,1,0.464,0.644,0.898,0.716,-0.902,1,0.704,1,-0.084,0.495,-0.36250,1.202,0.719,1.095,0.34732
1,1,0.0,1,0.00433,1,-0.016,0.948,-0.041,1.495,-0.051,0.97839,-0.039,1.413,-0.06544,0.64,-0.07917,0.92561,-0.141,1.188,-0.14327,1.216,-0.104,0.497,-0.13565,0.524,-0.20851,1.068,-0.17909,0.85644,-0.166,1.161,-0.187,1.083,-0.20766
0,0,0,0.842,1,1,-1,0,0.0,0.0,0.0,-0.542,-0.7,0.0,0,0,0.0,-1,1,1.383,1.087,-1,1.423,-1.476,0.806,1.21,-1,1.21,0.643,-1,1.168,1.211,1.108,0.0,0
1,1,0.0,0.503,0.034,1.309,0.019,0.94705,0.041,0.788,0.01321,0.977,0.071,0.92766,0.12067,0.92048,0.06211,0.518,0.185,0.458,0.182,0.697,0.11849,0.77041,0.14222,0.86,0.11299,1.039,0.068,0.865,0.15300,0.493,0.10754,0.644,0.11447
0,0.592,0.0,1,0.02461,0.846,0.04861,0.97545,0.078,0.61745,-1,1.046,0.156,0.88462,0.504,0.82077,0.14137,0.488,0.168,1.362,0.235,0.559,0.128,0.792,0.16516,0.455,0.184,0.48867,0.16019,0.492,0.229,0.507,0.14677,0.913,1
1,1,0.0,0.674,0.065,1,0.194,0.918,0.26281,1.363,0.454,1.094,0.251,0.75474,0.50082,0.79555,0.373,0.65954,0.60756,0.643,0.62999,0.47807,0.371,0.40553,0.68840,0.359,0.912,0.213,0.788,0.18,0.733,0.086,0.72688,0.06990,0.642
0,1,0,-1,-0.549,1,1,1.198,-0.097,0,0.0,-1,1,1.394,0.876,0.204,-0.962,-0.695,-1.033,0.089,-1,0.641,-0.896,-1,1.081,-1,-0.568,1,-1.268,-1,-0.943,0.908,1.009,0.0,0
1,0.515,0.0,0.886,0.068,0.86528,0.201,1.392,0.16598,0.747,0.68154,0.70207,0.36719,0.225,0.37,0.57620,0.46086,0.351,0.49618,0.336,0.192,0.37824,0.713,0.31274,0.561,0.128,0.56527,0.149,0.453,0.135,0.674,0.06927,0.788,0.12137,0.67739
0,1,0.0,-0.626,-0.771,0.942,0.82857,1.212,-1.226,1.246,-0.284,0.91,0.96161,1,-0.37679,1.214,-1,1.012,0.13839,1.282,-0.852,1,-0.03393,-0.84286,0.909,0.53750,0.993,0.982,1,0.698,-1,1.071,-1.013,1,-1.233
1,0.957,0.0,0.892,-0.053,0.99793,-0.098,0.98663,-0.242,1.431,-0.25843,1.166,-0.30130,0.92651,-0.37965,1.131,-0.326,0.84922,-0.52064,0.463,-0.576,0.78,-0.372,0.74725,-0.64615,0.68282,-0.419,0.878,-0.73174,0.532,-0.75353,0.578,-0.997,0.444,-0.83245
0,0.0,0.0,0,0,0,0.0,0.0,0.0,1,1,1,0.532,0.0,0.0,0,0.0,-0.191,-0.712,-1,-1,0,0,0.0,0,-1.383,-1.296,-1.18,-1.006,-0.88,1.136,1,0.0,0.0,0
1,1,0,1.344,-0.03730,0.945,-0.092,0.99601,-0.11039,0.99838,-0.114,0.553,-0.134,0.927,-0.115,0.95288,-0.172,0.886,-0.34400,0.75,-0.354,0.89991,-0.187,0.817,-0.327,0.86213,-0.579,0.844,-0.276,0.81433,-0.42593,0.458,-0.47977,0.75115,-0.275
0,1,0,0.94598,-0.036,-1.484,0.205,-0.36393,0.256,0.388,-0.63427,1,-0.03353,-0.29020,-0.003,-0.54852,0.15452,0.92,-0.257,0.73,-0.448,-0.235,-0.31454,-1.018,0.509,0.798,-0.63,0.738,-0.397,1,-0.61393,-0.095,0.282,-0.06117,0.245
1,1,0.0,0.98166,0.01,0.98103,-0.048,0.86,-0.05699,0.505,-0.06971,1.393,-0.04,1.297,-0.116,0.801,-0.12790,0.605,-0.11583,0.79682,-0.19200,0.804,-0.214,0.882,-0.18739,1.246,-0.292,0.81813,-0.166,0.78546,-0.12,0.39,-0.28,0.74323,-0.23902
0,1,0.0,0,0,1.078,0.51724,0,0.0,0.14,-0.679,0.0,0.0,0.0,0.0,-1,-0.189,-0.55711,-0.83297,0.76940,0.75,0,0.0,0.558,0.35668,-1.351,0.45,1.139,-0.711,-1.446,0.81573,0.0,0,0.0,0
1,0.742,0.0,0.84134,-0.158,0.568,0.02919,0.93421,-0.003,0.839,0.13795,0.81121,-0.019,0.67,0.54991,0.805,-0.778,0.552,-0.17,0.436,-0.157,1.122,1.341,0.452,-0.16290,0.90066,-0.02778,0.93358,-0.016,0.61582,-0.474,0.84463,-0.25706,0.93323,-0.011
0,0.0,0.0,1.375,0.888,1.103,-1.464,0,0.0,0,0.0,1.268,1,1,1.319,-1.191,-1,0.66,-0.811,-0.712,1.377,0,0,1.013,-1,1,-0.777,0.688,1,-1,-1.378,0,0.0,0,0
1,1,0.0,1,1,0.616,0.616,0.91010,1.47,-0.28,1.313,-1.122,1,-1.35,1,-0.904,1.004,-1.195,-0.622,-1,-0.569,-1.371,-1,-0.425,-1.16,0.90014,-1.012,1,-0.54,1.155,-1.261,1,-0.34686,1,0.34845
0,0.683,0,-0.616,-1,-1,0.991,0.953,0.557,0.03515,-1,-0.915,-0.793,1.149,0.84,0.88683,-1.308,-1.407,0.529,0.897,1,0.758,-1.24,-0.504,-1,-0.18856,1,1.141,-1,-1.493,-1,-0.932,1,1,0.351
1,1,0.0,0.694,0.08143,1.242,-0.038,1.019,-0.08484,0.96097,-0.087,1.276,0.016,0.578,-0.244,0.94612,-0.19497,0.883,-0.32268,0.826,-0.482,0.91428,-0.27316,0.614,-0.38,0.99899,-0.531,0.87244,-0.34586,0.92059,-0.199,1.046,-0.284,0.82166,-0.328
0,1,0.0,0.099,-0.259,-1.152,0.555,-1.467,1,0.71875,0.47173,-0.82143,-0.692,-1.216,-1.232,-1,1,-0.039,0.6,-0.42113,-0.445,-0.74628,-1,-1.344,-0.58,-1,0.239,1.074,-1.495,-1.025,-0.408,-1,-0.638,-1,0.61458
1,1,0,0.513,-0.02259,0.894,-0.04494,0.829,-0.06682,1,-0.103,1.44,0.441,1.45,-0.078,0.799,-0.1,1,0.32407,1,-0.203,1.333,-0.196,0.832,-0.146,1,-0.911,0.87280,-0.21793,0.82920,-0.279,0.741,-0.266,0.937,-0.22981
0,0,0,-1.321,0.532,1,-1.478,-1,1,0,0.0,1,1.471,-1.137,-0.271,0.764,1,-0.697,-1.032,0.785,-0.722,-1.203,-0.789,1.127,0.679,1,-0.596,1.492,1,1,1,0.0,0.0,-1,-1
1,1,0,0.965,0.076,1.254,0.061,0.99952,0.084,1,-0.01911,0.748,0.07033,0.998,0.155,0.94862,0.11224,0.75,0.108,0.633,0.185,0.99695,0.206,0.90784,0.124,0.834,0.197,0.49,0.285,0.88568,0.22511,1.028,0.29576,0.83574,0.452
0,1,0,0.13,-0.629,-0.994,1.257,0.0,0,0.0,0.0,-0.66,1,0,0.0,-0.61354,-0.583,0.80521,0.332,0.76,0.157,0,0,-1,-0.274,-0.84792,1.286,1.206,1.071,-1.458,0.67708,0.0,0.0,0,0
1,0.558,0.0,1.177,0.09771,1.399,0.12197,1,0.22574,0.918,0.136,0.878,0.19211,1.079,0.285,0.89241,0.348,0.783,0.34,0.452,0.335,1.244,0.31698,1.028,0.39597,0.664,0.424,0.68452,0.365,0.62764,0.46031,0.823,0.47033,0.54252,0.50903
0,0.557,0,0.011,-0.297,0.0,0.0,0.0,0.0,0.0,0.0,0.0,0.0,0.0,0.0,0.12292,-0.301,0.324,0.82813,1,-0.42292,0,0,0.08333,-1,-0.134,-0.16667,0.876,-0.76667,-1.29,0.18854,0,0.0,0.746,-0.27292
1,1,0.0,0.708,0.152,0.499,0.16334,0.641,0.483,0.91759,0.201,0.716,0.201,1.037,0.623,0.756,0.517,0.78473,0.525,0.477,0.472,0.56553,0.58071,0.55586,0.768,0.48311,0.278,0.43317,0.426,0.35684,0.487,0.33921,0.66844,0.22101,0.78685
0,1,0,0.63816,1.396,0.20833,-1,1,1,1.27,0.326,-0.998,1,-0.05921,0.305,0.013,0.054,-0.636,-0.509,0.11,-0.029,0.214,-0.43860,-0.643,1.337,0.868,-1.062,0.708,-0.08,1,1,0.20614,-1,0.593,1.094
1,1,0.0,1,-0.432,1,0.531,0.814,0.18593,1.018,-0.09925,0.8,0.451,0.827,-0.16080,0.579,0.00879,0.648,-0.504,0.80025,-0.21,0.88065,-0.19095,0.962,-0.155,0.979,0.136,0.92890,-0.07249,0.67,-0.194,0.321,0.19849,0.732,-0.05402
0,0.815,0.0,0.84783,0.147,1.388,0.313,1,-0.928,0.744,0.08424,1,0.329,1,0.535,0.686,0.35507,1.417,0.019,0.403,-0.43025,1,0.63496,0.89130,0.26585,0.91033,-0.241,1,0.15942,0.356,-0.028,1.114,0.269,1.217,0.502
1,1.163,0.0,0.541,0.242,0.853,0.02477,0.644,0.07764,1,0.054,0.837,0.398,1.181,0.028,1,0.04384,0.95750,-0.24598,1.053,-0.096,1.149,0.041,0.906,0.27376,1.202,-0.28,0.714,-0.02174,0.86747,0.23360,0.94578,-0.22021,0.478,-0.07329
0,0,0,0.585,-1.419,0.658,-1,0.725,-1.413,1.386,-1,1.095,1,1,1.032,1.069,-0.825,1.38,1,0.617,0.893,0.931,0.902,1,-1.221,1,-0.524,1.261,-1,1.495,0.65625,0,0,1,-1.295
1,0.643,0.0,1,0.67784,0.81309,0.892,0.612,1,0.266,0.764,-0.607,0.842,-0.79135,1.138,-1,0.40268,-0.39046,-0.56,-0.97907,-0.557,-0.73083,-0.558,-0.53,-1.139,0.289,-1.199,0.41778,-0.93296,0.386,-1.21,0.93570,-0.312,1.197,0.03446
0,1,0.0,0.977,1,0.542,-1.113,1.063,-0.775,1,0.508,1,1,1,1,0.695,-0.551,0.821,1.108,1,1,1.21,1,1.413,1.263,1.304,0.861,0.583,0.5,0.0,0.0,1,-1,0.842,-1
1,1.317,0,1,0.04,1,0.18281,1,0.26968,1,0.341,0.783,0.154,1,0.38643,1,0.351,0.836,0.65701,0.94,0.457,1,0.61267,0.506,0.543,0.885,0.773,1.253,1.057,0.984,0.762,0.471,0.85611,1.042,0.83
0,0.0,0.0,1,-1.116,1,1,-1.408,-1,1,-1,0.0,0.0,0.0,0.0,-1,1,1,-0.936,1.26,-0.932,-0.75000,1,0.848,-0.899,1.265,-0.553,1.465,-1.464,-1,-1,0.0,0.0,0.918,-1
1,0.896,0.0,1.219,0.089,0.96760,0.13,0.96026,0.312,0.629,0.307,0.92867,0.46281,0.86265,0.52517,0.82820,0.58794,0.739,0.392,0.69003,0.756,0.299,0.68820,0.523,0.76197,0.40615,0.424,0.348,0.766,0.235,0.86061,0.192,0.557,0.09048,0.581
0,0.533,0.0,0.358,0.557,0.0,0.0,-0.32937,0.69841,0.0,0,0.0,0.0,0.0,0.0,0.165,-0.187,0.146,0.19444,0.46429,0.78175,0,0.0,0.0,0,0.961,0.27381,0.76190,0.619,0,0.0,0.0,0,0,0
1,1,0,1.226,0.046,1,0.078,1.233,0.19,1.212,0.243,1.159,0.34826,1.246,0.38261,1.213,0.404,0.89126,0.701,0.807,0.58801,0.80644,0.419,0.79578,0.762,0.606,0.493,0.714,0.69435,0.49538,0.778,0.47027,0.71689,0.452,0.75243
0,0,0,1.242,0.756,0.0,0.0,1,-0.573,1,-0.982,1,1.012,1.212,1.257,1,-1,0.9,1.013,1,1.246,1,-1.01,-1.44,-1,0.915,-1.055,0.621,-0.612,1,1.259,0.0,0,1,-1
1,1,0.0,1,0.047,0.712,0.11982,1.174,0.206,0.88,0.208,1.279,0.4,1.039,0.37639,1.226,0.474,0.81939,0.348,1.031,0.249,0.404,0.56282,0.70331,0.58129,0.67077,0.601,0.531,0.592,0.613,0.60932,0.45312,0.63636,0.40442,0.62658
0,0,0.0,1,0.968,1,-1,0.532,1,0.538,1,0.828,0.686,1.18,1.015,0.531,1.346,0.93,-1,-1,1.344,-0.548,0.945,-1.248,1,0.587,-1,0.959,0.641,-1.459,1.146,-1,-1,-1,1
1,1,0,1.103,0.173,1,0.48590,1,1.083,0.559,1,1,0.682,0.73,1,1,0.772,0.56,0.79,0.982,0.59,0.74468,1,1.209,1.362,0.914,1.377,0.38255,0.971,0.096,1.378,-0.151,1,-0.475,1
0,0.0,0.0,1,1,1,-1.347,0.951,1,-0.786,1,0.0,0,1,1.369,0.0,0,0,0.0,-0.508,1.165,-0.504,0.911,1.484,1,1,-1,1.248,1,0.858,1,0.642,-1.023,-0.881,0.881
1,0.796,0,0.785,-0.095,1.078,0.62937,1,0.117,1,0.20280,1,-1,1.139,-0.571,0.734,-0.15851,1,0.067,1,-0.642,0.527,-0.189,1.182,-1.044,0.956,-0.74,1,-0.967,1,-1,1,-1.175,0.539,-0.55
0,0,0,0.741,-0.783,0.679,1,0.577,0.878,1.198,1,0.736,1.122,0.954,-1,1,-1,1,1.038,1.277,-0.742,1.004,1,1,1,0.969,-1.353,0.503,1,1,-0.86,1.082,1.469,0.843,-1
1,1,0.0,0.92277,0.108,0.701,0.112,0.89702,0.325,0.84111,0.35197,1.085,0.323,0.70716,0.381,0.951,0.673,0.60459,0.64200,0.258,0.64924,0.39903,0.66975,0.471,0.531,0.318,0.991,0.18765,0.73885,0.09694,0.631,0.03,1.092,-0.059,0.704
0,1.012,0.0,0.68198,-0.17314,0.984,0.278,0.613,0.483,0.25795,0.58304,1.35,-0.15194,0.011,0.44523,0.01060,0.38869,0.18681,0.41168,0.10567,0.414,0.027,0.422,-0.001,0.135,-0.02862,0.22,-0.058,0.144,-0.04779,0.12,-0.028,0.076,-0.046,0.04586
1,1,0.0,1.037,-0.02811,0.626,-0.05178,0.80621,0.029,0.85947,0.02515,0.574,0.069,0.361,0.117,0.922,0.059,0.69,-0.27811,0.65976,-0.01479,0.661,0.091,0.429,-0.141,0.65385,0.026,0.61009,-0.06637,0.573,-0.112,0.59024,-0.127,0.453,0.02959
0,1,0.0,0.496,-0.06343,0.97464,0.026,1.085,0.797,0.245,0.15299,0.54478,0.172,0.61567,-0.82090,0.57836,0.454,0.832,-0.097,0.46642,-0.133,0.65574,0.107,1.061,0.45522,0.613,0.16418,0.664,0.13,0.32463,-0.035,0.388,0.088,0.34411,0.117
1,1.056,0,0.908,0.04528,0.428,-0.097,0.77358,0.026,0.66038,-0.05,0.64528,0.017,0.66792,-0.13962,0.894,-0.028,0.807,0.093,0.925,-0.07925,0.967,-0.23774,0.852,-0.14717,0.84906,-0.18,1.04,-0.058,0.66792,0.02264,1.258,0.047,0.902,0.00755
0,1,0.0,0.752,-0.032,0.65,0.041,0.894,0.85,0.627,-0.05909,0.48182,-0.16818,1.178,0.09559,0.56818,0.614,0.50455,0.292,0.66818,0.10000,1.45,-0.24,0.98636,-1,0.565,0.257,0.56982,0.14673,0.535,0.084,0.496,0.183,0.687,1
1,1,0,0.306,-0.023,0.40392,0,0.38431,0.102,0.289,-0.05882,0.56471,0.096,0.46667,0.042,0.597,-0.05490,0.667,0.022,0.727,0.0,0.32,0.088,0.58039,0.08235,0.381,0.00392,0.423,0.10039,0.46275,0.065,0.465,0.195,0.611,0.254
0,1,0.0,0.265,0.12482,0.338,0.076,0.23182,0.27955,-0.03636,0.462,0.04517,0.36194,-0.19091,0.446,-0.109,0.27322,0.02727,0.40455,-0.34773,0.144,-0.176,0.061,-0.103,0.331,-0.184,-0.069,-0.09971,-0.093,-0.596,-1.478,-0.024,-0.04,-0.004,-0.06314
1,1.062,0,0.877,-0.236,1,0.36373,0.9,0.141,0.912,0.058,0.57,-0.034,0.85193,0.253,0.77897,0.367,0.932,0.774,0.893,0.39056,0.73176,0.237,0.654,0.34871,0.56760,0.533,0.69811,0.53235,1.18,0.58584,0.395,0.468,0.52361,0.54185
0,1,0,0.84557,-0.08580,-0.465,-0.75,-0.08961,-0.516,1.128,0.04576,0.89514,-0.011,-0.18494,0.63966,-0.112,-0.582,0.85701,-0.099,0.993,-0.23,-0.06959,0.758,-0.34128,0.818,1.085,-0.028,0.87,-0.372,0.94,-0.14109,-0.261,-0.92,-0.18494,-0.765
1,1,0,0.70870,-0.134,0.431,0.04348,0.3,0.211,0.756,0.18261,0.462,0.26957,0.746,-0.128,0.732,0.505,0.248,-0.537,0.537,-0.26087,0.26957,0.146,0.625,-0.03845,0.313,-0.12174,0.49930,-0.043,0.48348,-0.024,0.64348,-0.188,0.50435,0.129
0,1.332,0,-0.288,0.14861,-0.33746,0.73375,0.52012,-0.13932,0.475,-0.043,0.173,-0.163,0.47368,0.08978,0.526,-0.15480,0.233,0.45201,0.169,0.03,0.658,0.07121,-0.761,-0.558,1.435,0.606,0.41348,-0.40116,-0.22,0.087,0.02399,0.425,0.634,-0.074
1,1,0.0,0.394,0.13582,0.354,0.204,0.51783,-0.00509,0.559,0.258,0.627,-0.16638,0.47368,-0.04754,0.354,0.026,0.81664,-0.22411,0.42445,-0.04244,0.34975,0.068,0.249,-0.20883,0.549,-0.043,0.608,-0.023,0.34635,0.08,1.041,-0.011,0.481,-0.019
0,1.188,0.0,0.79157,0.238,0.0,0.0,0.56541,0.075,0.356,1,0.378,1.007,-0.013,0.466,0.327,0.12860,-0.02661,0.95122,-0.50998,0.84922,-0.10200,0.38803,-0.293,0.23725,-1.186,0.903,-0.34146,1.26,-0.918,0.466,-1,0.094,0,0.0
1,0.518,0,0.766,0.16607,0.953,0.37379,0.72990,0.50515,0.698,0.855,0.62,0.882,0.24412,1.206,0.06438,1.117,-0.12611,0.578,-0.28739,0.409,-0.487,0.766,-0.57135,0.296,-0.68159,0.396,-0.71844,0.151,-0.735,0.11218,-0.786,-0.05525,-0.501,-0.184
1,1.349,0.0,1.391,0.19049,0.82683,0.246,0.673,0.58732,0.47968,0.684,0.31409,0.92643,0.139,0.967,-0.13254,0.84290,-0.248,0.504,-0.76,0.79525,-0.738,0.594,-0.747,0.33537,-0.5,0.17849,-0.83314,-0.011,-0.82366,-0.226,-0.46,-0.33662,-0.404,-0.656
0,1,0,-1,-1,0.0,0.0,0.61,-0.511,0.60586,0.365,-1,-0.311,0.0,0.0,0.0,0.0,1,-0.26710,0.383,-0.353,0.97068,-1,-0.593,-1,0.976,-0.875,-0.704,-0.795,-1,-1,1.451,-0.919,0.0,0
1,0.501,0.0,0.653,0.04974,0.436,0.026,0.51,0.03793,0.857,0.139,0.888,0.279,0.75934,0.07348,0.884,0.08442,0.659,-0.044,0.81,0.0,0.70021,0.11355,0.407,0.182,0.67016,0.174,0.64158,0.13608,0.65707,0.159,0.575,0.14697,0.57455,0.15114
0,1,0,1,-1.491,0.0,0.0,0.78,-0.99265,0.80882,0.748,-0.41912,-1.387,0.0,0.0,0.0,0.0,1.047,-0.77206,0.73529,-0.61,0,0,0.18382,-0.651,-0.908,-1.164,-0.707,-1.165,0.673,-1,1.083,-1.288,0,0
1,1.253,0,1,0.024,1.099,-0.047,1,-0.03436,0.925,-0.032,1.378,-0.082,0.849,-0.086,0.951,-0.199,1,-0.207,1.406,-0.11813,1.4,-0.18519,1,-0.19272,0.98971,-0.118,0.948,-0.20243,0.94599,-0.111,0.623,-0.22561,0.624,-0.23296
0,0,0.0,0,0.0,0.0,0,0.0,0.0,0.0,0,0,0,0.0,0.0,0,0.0,0,0.0,0,0.0,0.0,0,0,0,0.0,0.0,0.707,-1.21,0.0,0.0,0,0.0,0.0,0
1,1,0.0,1.04,-0.109,0.858,-0.136,0.744,-0.228,0.97026,0.056,0.466,-0.008,1.125,-0.24719,1,-0.31395,1.28,-0.21216,1.011,-0.21018,0.96,-0.27165,0.93126,-0.39458,1,-0.252,0.675,-0.213,0.81428,-0.349,0.465,-0.31857,0.835,-0.41573
0,1,0.0,0.295,-0.434,0.0,0.0,0.68182,-1,0.30682,0.548,0.706,0.072,0.34848,-0.84848,0.0,0.0,0.519,-0.298,0.45076,-0.80682,0.0,0.0,0.0,0.0,0.24242,0.128,1.373,-0.23864,0.09,-0.48485,0.16288,-0.70076,0.0,0
1,1.472,0,0.555,-0.49311,1.233,-0.024,0.98898,-0.87052,1.209,0.499,1.11,-0.10104,1,-0.12493,1.291,-0.084,1,-0.112,1,-0.20491,0.684,-0.268,1.443,-0.26571,1,-0.445,0.941,-0.443,0.936,-0.475,0.74,-0.466,1,-0.44739
0,1,0.0,0.0,0.0,0.0,0.0,0,0,0,0.0,0.844,1.455,0,0.0,0.0,0.0,0.36585,-0.423,0.592,-1,0,0,0.0,0,0.0,0,0.874,0.154,0.0,0.0,0,0,0,0.0
1,1,0,0.932,0.003,0.836,-0.11313,1.097,-0.16431,1.004,-0.076,0.85,-0.07496,0.85221,0.017,0.945,-0.20848,1.13,-0.137,0.98298,-0.076,0.629,0.00075,0.719,-0.05882,0.93368,-0.116,0.87579,-0.205,0.873,-0.249,0.865,-0.25741,0.888,-0.27794
0,1,0.0,0.10135,0.078,0,0,0.0,0.0,0.465,0.751,0.378,1,0,0.0,0.0,0,0.512,-1.387,0.188,-1.27,0,0.0,0,0.0,-0.42568,-0.517,1.145,-0.543,0.771,-0.23649,0.0,0,0,0
1,1,0,1,-0.671,0.99150,-0.433,0.89518,-1.26,1,-0.35818,1,-0.141,0.62890,-0.86402,0.99,-0.627,1,-0.998,0.76771,-0.673,1.442,-0.688,0.404,-0.74896,0.663,-0.76904,0.321,-0.862,1.206,-1.392,0.579,-0.501,0.235,-0.984
0,1.17,0,0.65909,-0.62879,0,0.0,0,0,0.77273,0.745,0.838,-0.378,0,0.0,0.0,0.0,0.791,-0.22727,1.099,-1,0.535,-1.499,0.0,0.0,0.0,0.0,1.249,-0.93939,-0.165,-1.182,0.0,0,0,0
1,1,0.0,0.86284,0.153,1.159,0.534,0.896,0.55785,0.313,0.69962,0.444,0.944,0.177,0.85671,-0.04061,0.598,-0.113,1.1,-0.368,0.65747,-0.709,0.599,-0.60230,0.526,-0.59234,0.25747,-0.63038,0.1,-0.57241,-0.07816,-0.54866,-0.161,-0.49,-0.478
0,1,0.0,0.473,-0.755,0,0.0,1,-1,1.302,1,0.43000,0.64000,0.0,0.0,0.0,0.0,0.7,-0.29000,0.84000,-1.266,0,0,0.0,0.0,0.27,0.877,1,0.144,0.0,0,0.0,0,0.0,0.0
1,1.115,0.0,1.324,0.23395,0.91404,0.57,0.506,0.39,0.489,0.84222,0.258,1.351,0.09467,0.498,-0.282,0.91404,-0.34168,0.75517,-0.543,0.439,-0.747,0.315,-0.74102,0.389,-0.665,0.03591,-0.872,-0.071,-0.655,-0.28183,-0.51251,-0.44505,-0.37432,-0.53319
0,0.977,0,0.91353,1.221,-0.72973,0.88,-0.39466,0.636,0.077,0.152,-0.264,-0.10241,-0.045,-0.08970,0.01401,-0.03403,0.01108,-0.004,0.004,0.00097,0.001,0.0,-0.00003,0.00019,-0.0,0.0,-0.0,0.0,0.0,0,0.0,0,0.0,0.0
1,1.443,0.0,0.149,-0.14,0.33333,0.07143,0.108,0.19048,0.331,0.072,0.40476,0.031,0.337,-0.04762,0.322,-0.056,0.237,-0.11905,0.33333,0.043,0.30952,0.0,0.196,-0.11905,0.426,-0.04762,0.25,-0.02290,0.237,0.0,0.16997,-0.02034,0.165,-0.01877
0,1,0.0,1.037,-0.14754,0.505,0.045,0.56,-0.01,0.866,0.01639,0.946,-0.03279,0.72131,0,1.023,-0.089,0.19672,-0.157,0.65558,-0.109,0.67213,0.035,0.5,-0.29508,0.31148,-0.34426,0.602,-0.20325,0.433,-0.027,0.352,-0.395,0.315,-0.06557
1,1,0.0,0.98182,0,0.88627,0.044,0.86249,0.04572,0.84,0.0,0.875,0.04545,0.781,0.07,0.703,0.116,0.538,0.25455,0.585,0.12727,0.421,0.12608,0.527,0.156,0.639,0.22727,0.64581,0.15088,0.892,0.034,0.892,0.228,0.594,0.17077
0,1,0,0.317,0.323,-0.78824,0.091,-0.101,-0.593,0.66667,0.01190,0.82143,0.571,-0.67230,0.25,-0.34797,-0.647,0.276,0.185,0.54762,0.077,-0.271,0.31,-0.294,-0.47594,0.32143,0.70238,0.373,0.566,0.817,0.492,-0.426,-0.345,0.25441,-0.55837
1,1,0.0,0.86889,-0.07111,1.238,-0.034,1.479,-0.097,1.264,0.002,1.025,-0.092,1.067,-0.07287,1.094,-0.117,0.86889,0.044,1.052,-0.019,1,-0.161,1,-0.18667,0.673,0.03556,0.87,-0.14162,0.82222,-0.14667,1.147,-0.121,1,-0.44222
0,1,0,0.43636,-0.154,0.58182,-0.14545,0.113,-0.67273,0.24,-0.043,0.43,-0.057,0.183,0.29091,0.266,-0.41818,0.285,-0.01818,0.359,0.038,0.097,0.49091,0.61818,0.157,0.25,0.215,0.332,-0.097,0.34545,-0.05455,0.172,-0.36364,0.307,-0.173
1,1,0.0,1,-0.793,0.611,0.606,0.314,-0.033,0.318,0.0,1.438,-0.00054,0.45283,0.057,0.62264,-0.05660,0.846,-0.001,0.52830,0,0.52830,0.07547,0.95190,-0.001,1,0.79245,0.626,-0.001,1.364,-1.334,1.0,0.522,0.43396,-0.152
0,1.257,0,0.718,1.19,-0.622,-0.165,0.282,-0.14286,0.677,-0.14286,-0.563,0.12808,0.33333,0,0.28571,-0.066,-0.425,0.57,0.23810,0.014,0.563,0.027,0.16667,-0.293,-0.57255,-0.10234,0.223,-0.728,1,0.0,-0.519,-0.04762,0.324,0.02381
1,1.393,0,0.591,0.026,0.67,-0.113,0.39583,0,0.33333,-0.06250,0.344,0.0,0.158,0.055,0.588,0.011,0.565,-0.22917,0.35417,-0.229,0.489,0.08333,0.25000,0.18750,0.593,-0.2,0.527,-0.10064,0.494,-0.08333,0.58333,-0.174,0.421,-0.06250
0,0.693,0.0,0.531,1,0.0,0.0,0,0.0,0.0,0,0.47744,-1.084,-0.546,0.45489,-1.001,0.161,0.574,1,0.0,0,0,0.0,0.62030,0.234,-1,-0.927,0.924,-1,1.349,1.258,0,0.0,0,0
1,1,0.0,0.668,0.06595,0.826,0.13030,0.90996,0.229,0.84881,-0.301,0.928,0.88,1.161,0.34328,0.962,0.254,0.66145,0.497,0.95472,0.59862,0.565,0.536,0.497,0.28,0.542,0.44199,0.28,0.43221,0.90330,0.637,0.23405,0.478,0.18632,0.223
0,1,0.0,0.59840,0.576,0.748,0.591,0.76001,0.84,0.578,-0.10984,0.97311,0.103,0.88,-1.211,0.907,0.593,0.641,-0.077,0.964,0.18135,0.98484,-0.69594,0.86670,-0.549,0.386,-0.30063,1.011,0.17076,0.687,0.41,0.87757,0.81007,0.519,0.68822
1,1.399,0,0.95882,0.10129,0.661,-0.01,1.356,0.03,1.165,-0.101,1.107,-0.02716,0.857,-0.043,1,-0.062,1,-0.05179,0.93840,0.014,0.97620,-0.09284,0.97889,-0.055,1.202,-0.085,0.95677,-0.077,0.674,0.01307,0.85,-0.056,0.923,-0.06888
0,1,0.0,0.0,0.0,-0.456,1.245,0.0,0,0.471,-1,0.97078,0.31385,-0.26048,-0.609,-0.30241,0.65565,0.94155,0.127,0.0,0,0.0,0,-0.18043,-1,0.0,0.0,1,-0.839,0.0,0.0,0.052,0.502,0.0,0.0
1,0.919,0,0.651,0.011,1,0.009,1.31,-0.01,0.573,-0.02844,0.99820,-0.021,1.058,-0.01271,1.32,-0.025,0.651,-0.01175,0.98485,0.00025,1.2,-0.02612,1.451,-0.04744,1.152,-0.05,0.99188,-0.03473,1.229,-0.02478,0.612,-0.03855,0.71,-0.031
0,1,0.0,0.0,0.0,0.98919,-0.147,0.276,-0.064,0,0,1.221,0.041,0.704,-0.159,1,0.042,0.907,-0.1,0,0,1.467,-0.106,0.551,-0.41622,0.0,0.0,1,-0.17568,0,0.0,1,-0.25946,0.28919,-0.14
1,1,0,0.817,0.01403,0.442,-0.023,0.766,0.03466,0.195,0.079,0.43313,0.04755,0.155,0.04878,0.269,0.0,0.508,0,0.369,0.049,0.285,0.182,0.23698,0.039,0.298,0.09756,0.195,0.066,0.158,0.05504,0.251,0,0.17073,0.07317
0,1,0.0,0.892,0.646,1.422,-1.143,0.0,0.0,0,0,0.635,1,0.862,-0.856,1.4,1.152,1,-1,0,0,0,0,1,-0.391,0.0,0.0,0.532,-1.267,1,1,0.925,-0.982,0,0.0
1,1,0,0.34694,0.272,0.46939,0.367,0.268,0.144,0.543,0.44898,0.366,0.59184,0.112,0.55102,0,0.51020,-0.048,0.667,-0.256,0.55102,-0.205,0.528,-0.251,0.32653,-0.497,0.175,-0.555,0.142,-0.59184,0.178,-0.487,0,-0.308,-0.24490
0,1,0.0,0.0,0,1,-1,0,0.0,0.0,0,1.108,0.96,1.47,-0.25342,1,0.153,0.707,-1.182,0.0,0.0,0,0.0,0.522,1,0.0,0,1.265,-0.904,0.0,0,0.761,-1,0,0.0
1,1.315,0.0,0.89706,0.347,0.91176,0.515,0.74265,0.937,0.261,0.539,0.19118,0.88971,-0.028,0.86029,-0.281,0.855,-0.483,0.911,-0.5,0.47794,-0.806,0.38235,-1.13,0.08824,-0.616,-0.12500,-0.596,-0.303,-0.55147,-0.578,-0.31,-0.571,-0.28676,-0.56618
0,1,0.0,-0.569,0.182,0.22222,0.172,-0.48,-0.788,-0.30719,0.859,-1,0.74,-1.055,0.437,-1.176,-0.032,-1.121,-0.83007,-0.60131,-0.54248,-0.067,-0.83007,0.501,-0.553,-1,-0.574,0.74385,0.137,-1.443,0.039,0.18301,0.02614,-0.40201,-0.48241
1,1,0.0,0.26667,-0.10000,0.746,0,0.447,-0.13333,0.36667,0.1,0.56667,0.011,0.674,0.08333,0.479,-0.058,0.53333,0.20000,0.491,-0.024,0.31667,0.20000,0.412,0.0,0.224,0.13333,0.312,0.05439,0.361,0.018,0.263,0.047,0.466,-0.048
0,1.204,0.0,-0.151,0.557,-0.27303,0.12159,-0.104,-0.054,0.071,-0.038,0.055,0.035,-0.007,0.025,-0.01586,-0.002,-0.001,-0.01,0.005,-0.002,0.00138,0.00238,-0.00114,0.00102,-0.00069,-0.001,0.0,-0.00043,0.00026,0.00005,0,0.00015,-0.0,0.00002
1,1,0.0,1.218,-0.196,0.469,0.271,0.64865,-0.24324,0.86486,0.121,1.377,-0.154,0.64,0.0,0.629,-0.05405,0.32432,-0.19,0.71833,-0.15,0.532,0.075,0.767,0.14,0.35135,-0.29730,0.61031,-0.22163,0.58478,-0.264,0.72973,-0.452,0.279,-0.24324
0,0.579,0,0.558,-0.03516,-0.874,-0.166,-1,-0.02,1.236,0.007,1.39,-0.027,-1.254,0.16406,-1.105,-0.006,0.656,-0.03516,0.92188,-0.02734,-0.842,0.11719,-0.93359,0.408,0.95703,-0.00391,0.621,0.136,0.549,-0.06641,-0.577,-0.242,-1,-0.34375
1,1,0.0,1.284,0.025,1.097,-0.01272,0.93526,0.01214,0.577,-0.025,0.921,0.003,0.95665,-0.03064,1.428,-0.00405,1.266,-0.038,1.468,0.02,0.93584,-0.04971,1.004,-0.02370,1.265,-0.04451,1.258,-0.01,0.97399,0.024,0.711,-0.03410,0.74,0.00809
0,1.282,0.0,0.904,-0.05529,1,-1,0.5,-0.126,0.25,-0.296,1,-0.378,0.14,-0.141,1,-0.34660,1,-0.38853,1.143,-0.458,0,-0.296,1.497,-0.583,1.452,-0.225,0.573,-0.733,1,-0.336,1,-0.63156,0.934,-0.65935
1,1.126,0,0.31034,-0.066,0.313,-0.152,0.20690,-0.096,0.07405,-0.043,0.053,-0.024,0.01707,-0.03,0.008,-0.01482,0.003,-0.00893,0.001,-0.003,-0.0,-0.002,-0.0,-0.00166,-0.0,-0.001,-0.0,-0.001,-0.00018,-0.00024,-0.00012,-0.00012,-0.00008,-0.00006
0,1,0.0,0.586,-0.07843,0.84,0.0,0.811,-0.053,0.633,-0.11765,0.68627,-0.151,0.66667,-0.13725,0.477,-0.09804,0.708,-0.064,0.58,-0.122,0.382,-0.19608,0.66667,-0.166,0.45098,-0.284,0.52409,-0.24668,0.753,-0.183,0.258,-0.21569,0.442,-0.27451
1,1,0.0,0.179,0.114,0.46667,0.379,0.222,0.281,0.097,0.19939,0.013,0.152,-0.02367,0.10188,-0.038,0.06317,-0.037,0.03458,-0.048,0.014,-0.02474,0.004,-0.01726,-0.00273,-0.01097,-0.008,-0.009,-0.00586,-0.004,-0.00520,-0.001,-0.005,0.00025,-0.004
0,1,0.0,-0.683,0.23,0.06250,0.0,0.0,0.06250,0.62500,0.06250,0.18750,0,-0.04,0.085,0.044,0.0,0.15625,-0.15625,0.43750,-0.261,0,-0.09375,0.0,0.0,0.034,-0.287,0.03125,0.0,-0.596,0.03125,-0.043,0.0,0.0,0.048
1,1,0.0,1.061,-0.014,1,-0.036,1,-0.068,1.139,-0.014,0.98919,-0.028,0.98919,0.08649,0.634,-0.06486,0.537,0.09189,1.292,-0.00541,1,0.063,1,0.033,0.489,0.095,0.98556,0.01251,0.915,-0.048,1,0.032,1.109,-0.044
0,1.154,0,1.048,0.072,0.835,0.079,1,1,0.703,-0.00775,0.83721,0.03876,0.64,0.369,0.595,1,0.698,0.04651,1.043,0.11628,0.832,0.50670,1,-1.419,1.115,0.03876,0.782,0.71613,0.426,0.064,1.211,1.282,0.859,1
1,1,0.0,0.90374,-0.02,0.617,0.093,1,0.013,0.93048,0.008,0.93583,-0.01604,0.617,0.0,1.43,0.094,1,0.04813,0.91444,0.04278,0.587,0.02139,0.98930,-0.021,0.747,0.054,0.782,0.04452,0.87701,0.011,1.009,0.063,0.582,0.055
0,0.508,0,-0.254,0.41,0.325,0.10000,0.28250,0.38,0.32250,0.518,0.289,-0.411,0.113,0.27500,-0.109,0.21000,-0.068,0.23500,-0.461,0.242,-0.525,-0.085,0.29908,0.265,-0.58000,-0.24000,0.32190,-0.341,-0.391,0.144,-0.27104,-0.163,0.40445,0.03050
1,1,0,0.633,0.046,0.63333,0.096,0.92,0.047,0.70000,0.0,0.625,0.0,0.80000,0,0.73333,0,0.70000,0.087,0.66667,0.142,0.537,-0.03333,0.585,0.0,0.378,0.13333,0.65932,0.10168,0.887,0.128,0.809,0.176,0.37,0.116
0,1,0,0.078,-0.00838,0.06704,0.012,0.0,-0.01117,0.006,-0.023,0.01,-0.07542,-0.004,0.05307,0.06425,-0.027,0.0,0.072,-0.044,0.101,-0.04749,0.022,0.02793,-0.008,0.005,0.007,0.09,-0.00838,0.019,-0.00279,0.04469,0.0,0.03,-0.03352
1,1,0.0,0.94653,0.319,0.72554,0.388,0.329,0.919,0.018,0.728,-0.358,0.757,-0.599,0.56079,-0.944,0.261,-0.66455,0.07208,-0.979,-0.19525,-0.423,-0.44000,-0.30851,-0.281,-0.059,-0.6,0.16085,-0.56420,0.36752,-0.359,0.46059,-0.279,0.422,-0.05980
0,1,0,0.05460,0.015,-0.02,0.027,0.008,0.05,-0.07759,0.00862,0.022,-0.06609,-0.055,0.042,-0.116,-0.04598,-0.12,0.042,-0.029,0.05172,0.02011,0.012,-0.032,-0.01149,0.02,-0.00862,0.012,0.019,0.02586,0.01149,0.031,0.006,-0.04598,-0.009
1,1.217,0.0,0.72414,-0.012,0.79704,0.01084,0.799,0.002,0.547,0.01,0.78424,-0.00985,1.124,0.03251,1.071,0.018,0.437,-0.008,0.58,-0.021,0.75961,0.025,0.74778,0.05517,0.72611,-0.014,0.78041,0.007,0.74089,-0.05025,0.82956,0.017,0.444,0.008
0,1,0,0.03852,0.02568,0.005,0.0,0.027,-0.01997,0.02140,-0.074,-0.04,-0.01284,0.01427,-0.027,0.0,-0.03281,-0.063,-0.035,-0.009,0.038,0.031,0.003,0.062,-0.02282,0.055,0.012,0.03994,0.01569,0.021,0.006,-0.02568,-0.017,-0.009,0.01997
1,1,0.0,0.453,0.152,0.284,0.48,0.25661,0.304,0.027,0.49471,-0.02116,0.53968,-0.372,0.373,-0.41270,0.421,-0.51587,0.044,-0.367,-0.164,-0.099,-0.14550,-0.116,-0.38095,-0.214,0.00265,0.037,-0.31739,0.161,-0.21693,0.159,-0.24339,0.361,0.04233
0,0.923,0.0,0.06,0.008,0.13959,-0.035,0.10526,-0.108,0.12586,-0.064,0.327,-0.006,0.12357,0.058,0.144,-0.13501,0.29062,-0.032,0.171,0.082,0.14,0,0.155,-0.00229,0.15103,-0.102,0.08467,0.015,0.11213,-0.06636,0.052,-0.07323,0.102,-0.06865
1,1,0.0,0.766,0.419,0.452,0.355,0.21572,0.77514,-0.55941,0.761,-0.861,0.488,-0.782,0,-0.637,-0.3,-0.322,-0.32,-0.07,-0.473,0.49909,-0.371,0.71481,-0.37660,0.73857,-0.064,0.60098,0.205,0.242,0.862,0.02742,0.54479,-0.21572,0.50457
0,1,0,0.01975,0.008,0.04090,-0.00846,0.029,0.008,0.01128,0.04372,0.00282,0.002,0.01975,-0.03103,-0.012,0.073,-0.04090,0.03,-0.032,-0.00423,0.063,-0.037,0.017,0.0,0.0,-0.01,0.023,-0.007,0.00564,-0.01551,-0.018,-0.032,0.005,0.0
1,0.795,0.0,0.85736,0.00075,0.81927,-0.04,0.463,-0.04182,0.743,0.09037,0.86258,0.135,0.799,-0.086,0.436,0.03510,0.849,-0.09,0.83570,-0.14190,1.293,0.018,0.884,0.02240,0.79686,-0.01942,0.82383,-0.03678,1.043,-0.057,0.533,-0.024,1.156,-0.06
0,1,0,0.651,-1,0.501,1.012,-0.918,1.357,0.962,-1,1.063,-1,-1.295,-1,-0.551,1,1.165,1,1,0.673,-1,0.675,1.288,-1.0,1,-1.274,0.932,0.563,1,1.388,-1,1.463,-1.453,1
1,1,0.0,1.186,0.363,0.38887,0.694,0.08858,0.98903,-0.42625,0.961,-0.76229,0.478,-0.591,0.10768,-1.202,-0.266,-0.467,-0.778,-0.19260,-1.09,0.28444,-0.791,0.919,-0.41,0.77814,-0.23324,0.71698,0.21343,0.201,0.869,0.175,0.948,-0.11215,0.941
0,1,0.0,1,1.404,1,0.51250,0.937,-1.253,0.646,1.157,0.029,0.027,1,1.175,0.0,0.0,1,-1.152,1,1,0.789,0.951,0.31250,1.194,1.21,1,1,1,1,1.161,-0.916,0.706,0.0,0
1,1.182,0.0,1,0.562,0.748,1,0.015,1,-0.62,0.642,-0.82353,0.459,-0.772,0.079,-0.96078,-0.401,-0.64706,-0.68627,-0.23529,-0.828,0.231,-1,0.74510,-0.72549,0.846,-0.138,0.484,0.155,0.478,0.514,0.253,0.90196,-0.11765,0.90196
0,1,0.0,0.0,0,-1.347,-1.363,-1.126,1,0.0,0.0,-1.097,1,1,1.248,1,-1,0,0.0,0.0,0.0,-1.038,-0.691,-1,1,1.289,0.43750,1,-0.506,0,0.0,-1.108,-1.314,-1.315,1
1,1.206,0.0,0.44444,0.282,0.445,0.90763,-0.327,1,-0.381,0.88889,-1,0.37,-1.233,-0.127,-1,-0.22222,-0.836,-0.77778,0.398,-0.588,-0.126,-0.77778,0.77778,-0.296,0.33333,0.0,1.189,0.649,0.372,0.449,0.22222,0.74,-0.55556,1
0,0,0.0,0.0,0.0,0,0.0,0.0,0,0.0,0,0.0,0.0,0,0.0,0,0,0.0,0,0.0,0.0,0.0,0.0,0,0,0.0,0.0,1,0,0.0,0.0,0,0.0,0.0,0
1,1,0.0,1.056,0,0.566,0.0,0.75,0.702,0.913,0,0.844,0.12094,0.73,0.14210,0.586,0.16228,0.703,0.348,0.75000,0.5,0.75000,0,1,-0.339,0.5,0.50000,0.73944,0.312,0.418,0.238,0.866,0.289,0.395,0.357
0,0,0.0,-0.723,1,1.145,1,0.0,0.0,1,-1.159,1,-1,0.855,-1,-0.911,-1.014,0,0.0,-1,-1,0.0,0.0,0.0,0.0,-1,-0.639,1,-1.012,0.848,1,-0.76,-1.077,0.0,0
1,1,0.0,0.501,0,0.543,0.0,0.66667,0.063,1,-0.11111,0.541,-0.11111,0.591,-0.287,1.158,0.0,0.77778,0,1.173,-0.11111,0.77778,-0.11111,0.459,-0.064,0.66667,0.0,0.90347,-0.041,0.579,0.11111,1.237,-0.097,0.849,0.0
0,0,0,0.0,0,0.0,0.0,0,0,0.0,0.0,0,0.0,-1,-1,0,0.0,0.772,0.438,0.0,0.0,0,0.0,-1.273,0.745,0.0,0.0,1.089,-0.597,-1.07,-1,1.293,1,0,0
1,1,0,1.184,0.45455,1.433,-0.381,1.497,0.097,1,-0.103,1.472,0,0.535,-0.316,0.693,-0.18182,1.333,0.117,1,0,1.249,-0.36364,1.143,0.09091,1.269,-0.119,1,-0.04914,1,0.411,1.452,-0.156,0.934,-0.18182
0,1,0,0.725,-0.769,0.0,0,0.0,0.0,0.442,0.28788,0.629,0.39394,-0.062,0.749,0.472,0.398,-0.53788,0.32955,0.079,-0.214,0.015,-0.53409,-0.799,0.17803,0.233,-0.27273,0.319,-0.621,0.43182,0.24242,0.18182,-0.018,0.112,-0.41667
1,1,0.0,1,0.131,0.952,0.127,1,0.233,1,0.05882,0.706,0.303,1,0.11765,1.334,0.47059,1,-0.04,0.945,-0.111,1.096,0.419,1.466,0.41176,1.29,-0.087,1.324,0.20225,0.762,0.068,1,0.35294,1.057,0.23529
0,0.598,0,0.0,0.0,-1,-0.62766,1,0.598,0.07979,-0.152,-1,-0.464,0.12766,-0.765,0.584,-1,0.0,0,0.947,-0.097,-0.252,1.473,0.17021,-1.006,0.0,0.0,-0.226,-0.687,-0.26,-0.48936,0.74468,0.929,-0.67553,0.45745
1,1,0,1.028,0.393,1.074,-0.16667,0.70833,0.26,0.621,-0.073,0.656,0.045,1.247,0.064,0.88,0,0.536,0.04167,0.829,0.12,0.66667,-0.076,0.876,0.207,1.184,-0.12500,0.83796,0.05503,0.695,0.20833,0.646,0,0.70833,0.04167
0,1,0,0.18590,-0.16667,0.0,0.0,0,0.0,0,0,0.0,0,0.11538,-0.108,0.0,0.0,0,0,0.0,0,0.0,0.0,-0.068,-0.079,0.116,0.093,0.149,-0.13,0.158,0.09615,0.023,-0.047,0.16827,0.149
1,1,0,0.542,-0.049,0.782,-0.131,0.829,-0.395,0.859,-0.325,1.371,-0.34281,0.85788,-0.393,1.057,-0.48170,0.73084,-0.65224,0.68131,-0.63544,0.82450,-0.78316,0.297,-0.794,0.67033,-0.616,0.515,-0.539,0.525,-0.83893,0.292,-0.88846,0.251,-1.316
0,1,0,1.266,1.286,-1,1.43,-1,-0.866,0.279,0.286,0.531,0.06,0.322,0.05702,0.252,0.214,0.565,-0.03947,0.23,0.539,0,0,-0.29825,-0.16228,0.815,-0.608,0.617,-1.228,0.606,-0.24561,0.27,0.20175,0.82895,0.07895
1,1,0,1.147,0.186,0.99815,0.004,0.623,-0.30133,0.89919,-0.342,0.70643,-0.143,0.883,-0.155,0.885,-0.36078,0.247,-0.61189,0.572,-0.38,0.61041,-0.306,0.582,-0.391,0.23966,-0.619,0.29208,-0.48390,0.16,-0.558,0.125,-0.51329,0.146,-0.46603
0,0.0,0.0,-1,1.187,0.701,-1,0.0,0.0,0,0.0,0.809,-1.226,1,1.055,0,0.0,1,-1,0.0,0,0.0,0.0,1,0.585,-1.395,1,1.478,-0.959,-1,1,-1.315,-1,0,0.0
1,0.589,0,0.92247,-0.121,0.96419,-0.151,1.207,-0.182,0.522,-0.327,0.79271,-0.22,0.945,-0.49,0.63338,-0.346,0.253,-0.432,0.207,-0.72109,0.40506,-0.54172,0.211,-0.59691,0.14750,-0.848,0.065,-0.59589,-0.072,-0.54928,-0.012,-0.54074,-0.044,-0.47898
0,0.51,0,-1,-1.257,-0.50694,1,1.446,-0.927,1.118,0.53819,0.0,0.0,0.23958,-0.896,0.625,0.807,0.0,0.0,0.858,1.244,1.438,1,0.0,0.0,-1.021,1,0.33333,-1.114,1,-1,0.69792,-1.202,0.47569,1
1,1,0.0,0.914,0.43460,0.359,0.943,0.09916,0.93460,-0.319,0.88186,-1.083,0.61181,-0.597,0.19409,-0.86709,-0.25527,-0.526,-0.379,-0.244,-1.158,0.16245,-0.86498,0.717,-0.372,0.583,-0.2,0.832,0.044,0.64135,0.42827,0.31435,0.79,-0.002,1.018
0,0.927,0,1.049,1.149,0.0,0.0,1,-1.18,-0.586,-1.061,1,0.733,1.152,-1.499,0.0,0.0,0.562,-1,1,1,0.0,0,1,-1,-1,-1,1.197,1.084,-1,0.712,-1,0.542,0.0,0
1,0.701,0.0,1,0.63548,1.216,0.603,0.77123,1,-0.478,1,-0.629,1.332,0.0,1.204,-1,1,-1,0.0,-1.216,-0.646,-1.072,-0.92536,-1,-0.308,-0.296,-1.207,0.17,-1,1.217,-1,0,-1.062,0.816,-0.66667
0,0.0,0,-1,1.413,-0.6,-1,0.0,0,-1,1.091,0.637,-1,-0.633,-1.428,-1,1.341,0,0.0,-0.668,-0.962,-1,1,0.0,0,1.194,-0.78,1.237,0.671,1,-1.061,1.35,1,0,0.0
1,1,0,0.661,0.06843,0.671,0.14211,1,0.305,1,-0.172,0.918,0.442,0.987,0.452,1.087,0.433,-0.451,0.688,0.875,0,1,0.92001,1,1.011,1,0.903,0.991,1,0.545,0.13,1.313,1,0.741,1
0,0,0.0,-1,-1.168,0.0,0.0,0,0,0,0,0.0,0.0,0.0,0.0,1.016,-0.55,0.0,0,-0.584,-1,0,0,1.172,1,1,-1.087,1,-0.683,0.0,0.0,0.0,0.0,0.0,0
1,1,0,0.859,-0.07896,0.845,-0.14380,-0.088,-0.226,0.25,0.04403,0.223,-0.26339,0.304,-0.384,0.047,-0.227,0.20269,-0.29441,0.164,-0.172,0.126,-0.31525,0.06556,-0.208,0.02,-0.25124,-0.0,-0.294,-0.035,-0.21129,-0.04717,-0.128,0.019,-0.27201
0,1.397,0,0,0,0,0.0,0,0.0,0,0,1,-0.265,0.163,0.229,0.0,0.0,0,0,0.0,0.0,-0.219,-0.21875,-0.207,0.833,-1.328,0.306,0.049,1.1,-0.22917,-1,-0.088,-0.242,-0.143,-0.93750
1,1,0.0,0.597,0.07,1.266,0.092,0.96142,0.14756,0.877,-0.26496,0.66026,0.54701,0.814,0.295,0.73781,0.274,0.66775,0.268,0.59615,0.165,0.353,0.435,0.45582,0.143,0.39023,0.27226,0.371,0.331,0.291,0.327,0.146,0.118,0.18086,0.19083
0,1,0.0,1,-0.09524,-1,-1.164,-1,-0.862,0.532,0.31746,0.81349,0.692,-1.491,-1,-0.957,1.453,0.47364,1.43,1,1.407,0.68839,-1,-0.707,-0.982,1.051,0.47,0.892,1,1.422,0.435,-0.675,-0.476,-1,1.019
1,1,0,0.93669,-0.001,0.578,0.399,1.063,-0.40129,1.112,0.109,0.96197,0.059,1.4,0.052,0.91586,0.064,1.024,-0.25324,1.164,-0.17,0.745,0.26133,0.75081,-0.053,1.177,-0.03,0.87293,-0.035,0.98544,0.09385,0.78317,-0.10194,0.616,-0.168
0,1.075,0.0,1,-1,0.706,0.96,1,0.656,1,-0.329,1,0.772,1.161,1.265,1,0.971,0.0,0,1,0.917,1,1,1.182,-1,0.674,1,0.761,0.745,1,-0.478,-0.522,1,1.202,0.707
1,1.108,0,0.702,0.26,0.691,-0.78509,1.47,-0.114,1,0.078,1,0.27820,1.224,-0.092,1,0.09,0.95802,-0.18954,1.139,-0.15633,0.97400,0.03728,1.284,0.09242,1,-0.007,0.87,-0.06,1.199,0.03885,1.086,-0.078,0.989,-0.122
0,0.588,0.0,0.445,-1,-1.373,-1,-0.07661,1.443,1,0.616,0.619,-0.38710,-1.472,-0.72,-0.072,1,0.48684,0.46502,0.31755,-0.344,-0.14343,-0.177,-0.137,0.049,0.017,0.06639,0.03443,-0.01186,-0.002,-0.022,-0.011,0.00108,0.0,0.004
1,0.746,0.0,0.985,0.535,0.80804,-0.16964,0.936,-0.07653,0.88,-0.07398,0.786,0.20663,0.561,0.02105,0.62,0.02487,1,-0.169,1.392,0.115,0.547,0.00191,1.16,0.413,0.874,-0.085,1,-0.00394,0.712,0.09,1,-0.128,1,-0.05740
0,0.0,0.0,0,0.0,0.0,0.0,0.0,0,0.0,0.0,0.0,0.0,1,1,0.527,1,1,-1,0.0,0,1.056,0.819,1.218,-1,1,0.566,1,0.0,1,1,0.952,-0.937,0,0.0
1,1.218,0.0,1.377,-0.28428,1,-0.215,0.94623,-0.436,1,-0.30566,0.92736,-0.591,0.90818,-0.447,0.873,-0.545,0.971,-0.34,0.691,-0.437,0.68459,-0.625,0.624,-0.87327,0.49214,-0.627,0.248,-0.76054,0.273,-0.843,0.16604,-0.73145,0.13994,-0.741
0,0.911,0.0,0.0,0.0,0.0,0.0,0,0,-0.486,-1,0.0,0,1.489,-0.849,0.0,0,-1,-0.543,-1,-1,1.27,-0.579,-0.60000,-1.246,1,1.012,-1,-0.115,1.387,-0.757,0,1,0.0,0
1,1,0,1,0.1,0.907,-0.09091,1.154,0.0,0.597,0,0.95455,0.0,1.464,0.04545,0.896,-0.04545,1,0.0,1.349,0,0.86364,0.053,0.906,0.09091,0.702,0.059,0.91541,0.031,0.95455,0.114,1.116,-0.09,1.099,0.051
0,0.0,0.0,0.0,0.0,-1.17,1.143,1.303,1,-0.904,-1.497,0,0.0,-1.249,-1.132,-1.472,-0.167,-1.307,-1,1,-1,1,-1,0.0,0,1.284,-1.452,-1,-0.693,0,0,1,-1,0.0,0
1,1,0.0,1.169,-0.07,1.133,0.14,0.928,0.114,1.128,-0.042,1.173,-0.112,1.123,0.14706,1.306,0.02941,1,0,1.045,0.0,0.76471,0.11765,0.88235,0.02941,0.489,0.042,0.92663,0.02600,0.94118,-0.157,0.785,0.05882,1.341,0.05882
0,1,0,-0.821,1.057,-1,0.193,0.28354,0.945,-0.762,0.657,-1,-1,1,1,-0.541,-0.23476,0.28301,-1.29,1,0.706,-0.344,-0.939,-1.447,-1,1,-1,-0.933,-0.052,0.952,-0.738,-1.286,-0.431,0.084,1.187
1,1.43,0,0.442,-0.10526,0.855,0.012,0.854,0.02615,0.444,-0.031,0.763,0,0.79856,0.064,0.952,0.05756,0.84211,0.559,1,0.061,0.732,0.112,0.42,0.08141,0.42105,0.21053,0.931,0.088,0.52632,-0.21053,0.883,0.126,0.672,0.09719
0,1,0,-0.008,-0.5,0.0,0,-0.029,1.348,0,0.0,0,0.0,0.0,0,0.0,0.0,0.0,0.0,0.31410,1.042,-0.367,0.74359,-0.377,-0.922,0.0,0,-0.61538,-0.661,0,0.0,0,0.0,0.0,0
1,0.709,0.0,0.565,0.45455,1.193,0.637,0.519,0.568,1.474,-0.088,1.39,0.0,0.409,-0.45455,0.63636,0.339,1,-0.63636,0.915,-0.27273,0.943,-0.45455,1.109,0.07750,1,-0.103,1,0.067,1,0.36364,1,0.841,0.626,0.27273
0,0,0,-1,-1,1.211,-0.835,-1,1.321,0.0,0,0.859,-1.469,1.262,-1,0.0,0,0.0,0.0,0.0,0.0,-0.595,1,1,-0.782,-1,1.061,0.64,1,0.0,0,1,0.528,0.0,0.0
1,1,0.0,0.45455,0.09091,0.866,0.092,0.277,0.112,0.63636,0,0.312,-0.09091,0.575,-0.096,0.48612,-0.012,0.53,-0.21,0.45455,0.0,0.36364,-0.073,0.268,0.13,0.36364,-0.07,0.477,-0.022,0.27273,0,0.482,0.0,0.28985,-0.01832
0,0.776,0,-1,-0.355,0,0,-1.412,0.64516,-0.71,1,0.0,0.0,0,0,0.0,0.0,0.0,0,0.0,0.0,-1,-0.522,0,0.0,0.374,0.289,0.691,0.412,0.0,0.0,0,0.0,0,0
1,1,0.0,1.479,0.14286,1.478,1.017,0.732,0.752,1.196,-0.14286,0.746,-0.14286,1,0.021,1,0.0,0.564,-0.193,0.778,0.05,1,-0.231,1,0.0,0.28571,-0.28571,1.094,0.07,1,0.064,1,0.57143,0.585,0
0,0.0,0.0,0.631,1,0.856,-1.334,1,0.596,1,1.344,0.764,1.055,0.761,-1,0.589,1,1,-0.621,1,-0.639,0.987,1,1.208,1,0.629,-1.0,1,1,0.761,1,1,1,0.695,1.387
1,1,0.0,0.87032,0.46972,0.463,0.82161,0.10380,1.37,-0.238,0.87916,-0.73939,0.58226,-0.825,0.16731,-1.175,-0.24942,-0.373,-0.796,-0.138,-1.031,0.18823,-0.946,0.263,-0.57430,0.69274,-0.172,0.69097,0.092,0.424,0.321,0.371,0.818,-0.041,0.64
0,0,0.0,0.636,-1,1,0.846,1.292,-1,1.497,1,1,-0.927,0.555,-1,1.351,-1.264,1,0.837,0.691,0.526,0.578,0.778,1,-1.239,0.718,1.114,1,1,1,1,0.973,0.817,1.118,-1
1,1,0,0.92657,0.044,1.069,0.086,0.467,0.19791,0.613,0.36526,0.80619,0.436,0.959,0.238,0.66586,0.557,0.60101,0.721,0.297,0.52180,0.71,0.643,0.42546,0.55684,0.238,0.383,0.26978,0.542,0.256,0.53448,0.155,0.736,0.11573,0.55
0,0,0.0,0.562,1.435,0.969,-1.062,1.061,-0.816,1.332,0.888,0,0,1,-1,0.0,0.0,0,0.0,0,0.0,-1,0.924,0.531,1.217,0,0.0,1,1,0,0,-1,-1.349,0.0,0.0
1,1,0.0,0.73,0.091,1.139,0.301,1.035,0.412,0.79039,0.302,0.72352,0.529,0.436,0.971,0.50830,1.051,0.41629,0.82742,0.25539,0.886,0.082,0.85615,0.003,0.88869,-0.091,0.97,-0.309,0.78004,-0.33169,0.958,-0.38532,0.64363,-0.64,0.55835
0,0,0,1,-1,-0.633,1.091,-1,0.671,1,0.688,1.202,0.545,-0.875,-0.987,-1,-1.379,0.734,1.119,0.918,-1,-1,-0.741,-0.903,-1,1,0.0,1.011,-0.991,1,-1,-0.962,1.087,-1.413,1
1,1.168,0.0,0.819,0.134,0.621,0.284,0.848,0.19038,0.36923,0.45577,0.44793,0.46439,0.129,0.315,0.25192,0.192,0.15215,0.303,-0.09808,0.57500,-0.03462,0.42885,-0.104,0.632,-0.14943,0.40006,-0.136,0.38,-0.333,0.273,-0.309,0.23896,-0.262,0.206
0,0,0,1,-1,1,1.32,0.965,-0.937,1,0.55,1,-1.2,0.812,1,0.775,-0.531,1.058,-0.674,1.081,1.049,0.839,1,1.322,-1,1,-1,1.349,-1,1.353,0.585,1.2,-1,1.458,1.267
1,1,0,0.97467,0.13082,0.94120,0.196,1.163,0.327,0.784,0.236,0.85550,0.45217,0.72298,0.34,0.492,0.58820,0.326,0.66893,0.48869,0.529,0.271,0.404,0.468,0.75622,0.247,0.845,0.244,0.975,0.11,0.639,-0.041,0.77702,-0.069,0.74242
0,0,0,0,0,1.012,1,0.0,0,1.183,0.551,0,0,0.501,-1,0,0.0,0.0,0.0,0.0,0,0.0,0,0,0.0,0.0,0.0,0.563,-0.907,0.0,0.0,-0.649,1.388,0.0,0
1,1.407,0,0.92308,0.21,0.86399,0.194,0.919,0.474,0.641,0.522,0.57449,0.679,0.43270,0.639,0.31705,0.67697,0.19128,0.76818,0.04,0.729,-0.081,0.545,-0.27,0.714,-0.156,0.954,-0.452,0.58553,-0.698,0.50131,-0.53146,0.40732,-0.502,0.35095
0,0,0.0,0,0,1,0.789,1.157,1,0.0,0.0,0,0,-1.175,-1.253,0.0,0.0,-0.635,-1,0.0,0.0,0.0,0.0,1,1,0.0,0.0,1,1,0.0,0.0,-1,1.21,0.0,0
1,1,0,1.067,0.38138,0.65926,0.69431,0.28,0.772,-0.06726,0.90135,-0.556,0.951,-0.64574,0.43,-0.82960,0.261,-0.848,-0.08205,-0.729,-0.197,-0.379,-0.741,-0.151,-0.768,0.068,-0.4,0.237,-0.48392,0.43227,-0.29838,0.47029,-0.113,0.298,0.159
0,0,0.0,0.674,-1,1.47,1,1.108,1,1,1.347,1.038,0.904,0.696,-1,1.312,1,1,1.289,0.572,-0.772,1,-1,1,-1.097,0.522,-1.024,0.658,1.355,1,-0.506,1.086,1.248,1,1
1,1,0.0,1.009,-0.38293,0.703,0.093,1.074,0.169,0.55580,0.036,1,0.21225,0.946,0.28954,0.493,0.273,0.282,0.092,0.64333,-0.036,0.853,0.486,0.707,0.44872,0.663,0.373,0.44174,0.48200,0.15,1,0.35070,0.49721,0.424,0.49831
0,0,0.0,0,0.0,0,0.0,0.0,0,0,0.0,0.0,0,0.0,0.0,0,0,0,0,0,0.0,0.0,0.0,0.0,0.0,0.0,0,1,0.874,0.0,0.0,0,0.0,0.0,0.0
1,1.056,0.0,0.775,0.012,0.833,-0.004,1.073,0.004,0.859,0.01598,0.94054,0.03530,0.97213,0.069,1.385,0.01858,0.85,0.07135,0.54,-0.00706,0.97770,0.026,0.65,0.07098,0.93274,0.08101,1.15,0.041,0.97473,0.00818,1.155,0.086,1.179,-0.00260
0,0,0.0,1,1,-0.937,-1,-1.034,-1.244,0.0,0.0,0,0.0,-0.557,-1.153,0,0,0,0.0,0,0.0,-1,0.699,1,0.848,0.0,0.0,1.377,-1,0,0.0,-1,-1.058,-0.855,-1.014
1,1.012,0,0.287,-0.16900,0.907,0.01513,0.54,0.02258,0.848,0.009,0.48,0.051,0.69050,0.04393,0.68101,0.031,0.67023,0.039,0.328,-0.04662,0.64503,0.06856,0.878,0.044,0.713,0.22,0.343,0.045,0.244,0.06760,0.494,0.09046,0.54632,0.054
0,1,0,0.888,1.392,0.91973,-0.76087,0.924,0.065,0.841,0.114,0.855,0.939,0.70067,0.18227,0.891,0.104,1.173,-0.25084,0.70736,0.18729,0.64883,0.268,0.778,0.77425,0.577,-0.314,1.333,0.172,0.704,0.53846,0.597,-0.033,0.56522,0.23913
1,0.745,0.0,0.997,-0.088,0.838,-0.436,1,-0.85741,0.80000,0.06111,0.615,-0.42778,1.184,-0.184,1.249,-0.83519,0.445,0.018,0.82222,-0.05926,1.472,-0.233,0.693,0.33,0.907,-0.379,0.92148,-0.24549,0.78889,0.02037,0.87492,-0.348,1.269,-0.57037
0,1,0.0,0.38521,0.208,0.591,0.07393,0.21,0.258,0.343,0.13230,0.252,0.236,0.198,0.36965,0.08949,0.22957,-0.03891,0.242,0.061,0.199,0.288,0.111,0.07782,0.29961,-0.02494,0.28482,-0.06024,0.381,-0.155,0.19,-0.101,0.198,-0.275,0.28794
1,0.762,0.0,0.424,-0.03175,1.003,-0.051,0.61508,-0.011,0.696,0.03373,0.72,0.123,0.59127,-0.033,0.62698,0.01190,0.70833,0.018,0.326,0.01587,0.539,-0.02778,0.59127,0.055,0.328,0.047,0.61291,-0.01,0.794,-0.171,0.647,-0.01389,0.62500,-0.03175
0,1,0.0,0.06404,-0.196,-0.025,0.06,0.102,-0.02463,-0.01478,0.217,0.06404,0.0,0.072,-0.096,0.04,0,0.023,-0.02956,-0.12808,-0.20690,0.07,0.01,0.06897,0.035,0.104,0.16256,0.28079,-0.052,-0.035,-0.09360,0.065,0.059,0.076,-0.10837
1,0.716,0.0,0.61857,0.10850,0.70694,-0.06935,0.70358,0.01678,0.74273,0.00224,1.01,0.232,1.017,-0.001,0.79754,0.06600,0.736,-0.193,0.889,-0.084,0.62528,-0.015,0.822,0.11745,0.71253,-0.087,0.797,-0.01673,0.432,0.04,0.483,-0.064,0.933,-0.07
0,1,0,0.25316,0.348,0.0,0.0,-0.29620,-1.443,0,0.0,0.079,-0.07342,0,0,0.0,0,0.0,0.0,0.0,0.0,0.00759,0.68101,-0.139,0.377,-0.10380,0.496,0.05570,-1.289,0.0,0.0,0.048,-1,0.0,0.0
1,0.64,0.0,0.559,-0.01,0.487,-0.02465,0.808,-0.01822,0.89175,-0.12755,0.872,-0.10932,1.173,0.01179,0.90782,-0.166,1.295,-0.031,1.044,-0.014,0.87996,-0.14577,0.692,-0.12433,0.90139,-0.19507,0.931,-0.188,0.531,-0.125,0.88424,-0.222,1.302,-0.16827
0,1,0,0.449,-0.5,0.0,0.0,0.0,0.0,0.588,0.51042,0.781,0.017,0,0.0,0,0.0,0.16458,-0.349,0.59167,-0.185,0.0,0.0,0.0,0,0.971,-0.40833,-1,-1.469,-0.386,-0.75625,0.0,0,0.0,0
1,1.154,0.0,0.903,0.01631,0.547,0.011,0.92442,0.01359,0.89179,-0.144,0.734,-0.08428,0.743,-0.01033,1.167,-0.08918,0.86025,-0.039,0.89451,-0.05,0.634,-0.171,0.69,-0.174,0.82980,-0.14138,0.86453,-0.135,0.85536,-0.101,0.436,-0.12452,1.038,-0.084
0,1,0,0.0,0,1.424,0.18,0.88444,-0.03,0.0,0.0,1.226,-0.42444,1.094,0.289,1.187,-0.037,0.585,-0.414,0,0.0,1,-0.031,1,-0.269,0.0,0,1,-1,0.0,0,0.832,0.11778,1.192,-0.09556
1,1,0.0,0.778,0.03714,0.899,-0.001,1.054,0.00714,1.104,-0.04286,0.608,0.0,1.034,-0.06714,1.026,0.002,0.494,-0.05429,0.81000,-0.11857,0.76857,-0.089,0.84286,-0.032,0.77000,-0.043,0.623,-0.117,0.513,-0.103,0.81429,-0.05000,0.82143,-0.122
0,1.344,0.0,0,0.0,0,0.0,0,0,0.0,0.0,0,0.0,-1,0.803,0.692,0.55172,0.0,0,0.0,0.0,0,0.0,0,0.0,0.0,0.0,1.112,0.679,0,0,0.0,0,0.0,0
1,1,0.0,0.746,0.01818,0.48,-0.08,0.50649,-0.04156,0.29,0.086,0.565,0.05974,0.31,-0.063,0.51688,-0.03636,0.52727,-0.074,0.538,-0.01039,0.611,-0.044,0.49091,-0.007,0.484,0,0.414,-0.047,0.27,0.03377,0.461,-0.061,0.58961,-0.08571
0,0,0.0,0.0,0.0,0.0,0.0,0,0,0,0,0.0,0,0,0.0,0.0,0.0,0.0,0.0,0,0,0.0,0,0,0,0.0,0.0,1,-0.636,0.0,0.0,0.0,0.0,0.0,0
1,1,0.0,1,0.444,1.435,0.14,0.19,1,0.16851,0.668,-0.157,0.80454,-0.34107,0.60793,-0.43820,0.402,-0.526,0.16709,-0.423,0.004,-0.245,-0.09025,-0.15,-0.175,-0.07782,-0.137,-0.025,-0.10242,0.01,-0.094,0.023,-0.04142,0.02249,-0.011
0,1,0,0.0,0.0,0.0,0.0,0.78,1.341,-0.671,-0.6,0,0.0,1,-0.11111,0.0,0.0,0,0.0,-1,1.35,1.031,1,1,-0.668,0.0,0.0,1,-1,0,0.0,0.0,0.0,1,1
1,1,0.0,0.87048,0.524,0.64099,0.69212,0.31347,1.122,-0.03933,0.895,-0.596,0.888,-0.70561,0.51560,-0.709,0.22735,-0.732,-0.121,-0.67474,-0.244,-0.243,-0.62861,-0.141,-0.475,0.157,-0.724,0.38544,-0.355,0.52573,-0.29897,0.803,-0.044,0.473,0.091
0,1,0,0.0,0,0.0,0,0.0,0.0,-0.991,1,0,0.0,0.514,0.37333,-0.122,-0.07,0.0,0.0,-1.313,-0.923,0.0,0.0,1.399,-0.85,0,0,1,0.22667,0.0,0.0,0.0,0,0,0
1,1.081,0,0.88179,0.353,0.806,1.132,0.19672,0.94537,-0.305,0.92544,-0.62526,0.487,-0.86443,0.197,-0.92384,-0.062,-0.747,-0.44707,-0.25,-0.687,-0.069,-1.171,0.26384,-0.798,0.308,-0.55910,0.866,-0.24433,0.608,0.09599,0.45,0.38915,0.459,0.778
1,1,0,0.237,0.02,0.099,0.21278,0.197,0.74003,-0.25706,0.92324,-0.061,0.119,-0.61352,0.271,-1.129,-0.036,-0.13117,-0.21,-0.336,-0.248,-0.11409,-1.136,0.019,-0.171,0.257,-0.06295,0.357,-0.11876,0.401,-0.11409,0.15078,0.13296,0.151,0.2
1,1,0,0.83427,0.39121,0.75,0.433,0.139,0.534,-0.33221,0.419,-0.653,0.759,-0.775,0.21909,-0.766,-0.24164,-0.575,-0.801,-0.109,-0.89,0.12439,-1.166,0.51109,-0.857,0.79143,-0.405,0.731,0.08718,0.66592,0.49079,0.524,1.043,-0.026,0.79444
1,1,0.0,0.62335,-0.03490,0.688,0.007,0.60409,-0.081,0.918,0.00963,0.728,-0.07461,0.943,0.047,0.637,-0.057,0.67509,0.09146,0.67148,0,0.76,0.10108,0.501,0.03129,0.467,0.15,0.60463,0.03,0.697,0.041,0.551,-0.006,0.529,-0.09146
1,1,0.0,0.481,-0.03,0.508,0.03309,0.467,0.16912,1.004,0.07721,0.753,0.628,0.546,0.006,0.70772,0.21691,0.957,0.084,0.61029,0.073,0.428,0.059,0.52022,-0.246,0.72978,-0.15,0.61727,0.07124,0.30882,0.08640,0.298,0.086,0.904,0.21691
1,1,0.0,0.565,0.18923,0.932,0.013,0.604,0.031,0.65077,-0.10308,0.681,0.08000,0.936,0.05060,0.511,0.056,0.68615,-0.104,0.394,0.195,0.66233,0.07573,0.751,0.097,0.60154,-0.07231,0.464,0.117,0.447,0.25692,0.53389,0.09207,0.332,0.131
1,1.312,0.0,0.742,0.05375,1.149,0.00202,0.763,0.00301,0.569,0.069,0.75813,0.044,0.786,0.00585,0.623,0.008,0.826,-0.15,0.593,-0.03536,0.398,0.00909,0.74635,0.013,1.027,-0.04243,0.70824,0.012,0.62235,0.171,0.66624,0.008,0.64407,0.01227
1,1.206,0,0.5,0.0,0.321,0.075,0.49130,0.037,0.46957,-0.03913,0.391,-0.173,0.474,0.063,0.287,0.014,0.25,0.271,0.37,0.14783,0.42174,-0.033,0.222,-0.11304,0.47391,-0.00870,0.549,0.063,0.38696,0.03913,0.396,0.14783,0.666,0.17391
1,1,0.0,0.449,0.09417,0.78129,0.20656,0.53,0.28068,1.021,0.386,0.877,0.748,0.545,0.386,0.632,0.58445,0.33354,0.753,0.382,0.474,0.09599,0.982,0.02066,0.969,-0.06,0.371,-0.11925,0.749,-0.208,0.363,-0.25516,0.51701,-0.27339,0.42467
1,1.207,0.0,1.405,0.09802,0.632,0.25101,1.376,0.33044,0.765,0.454,0.395,0.675,0.56937,0.976,0.55311,0.5,0.266,0.969,0.21137,0.79777,0.09709,0.82162,-0.016,0.698,-0.15144,0.414,-0.22839,0.69187,-0.31713,0.644,-0.476,0.54522,-0.623,0.262
1,1.077,0,0.89410,0.13425,0.87001,0.364,0.439,0.43388,0.63388,0.528,0.626,0.416,0.478,0.826,0.24266,0.989,0.064,0.79598,-0.078,0.706,-0.20201,0.548,-0.30263,0.62610,-0.494,0.473,-0.489,0.40753,-0.51,0.409,-0.299,0.19172,-0.485,0.05972
1,1.387,0,0.94631,0.17498,0.90946,0.33143,0.484,0.506,0.644,0.63842,0.752,0.382,0.593,1.164,0.231,0.90665,0.17959,0.93429,-0.01,1.066,-0.235,0.759,-0.301,0.82492,-0.481,0.553,-0.335,0.424,-0.67929,0.52564,-0.639,0.42488,-0.441,0.26092
1,0.597,0.0,1.014,0.18198,0.86090,0.35543,1.014,0.45747,0.60425,0.413,0.651,0.74922,0.453,0.619,0.234,0.83558,0.00396,0.85210,-0.1,1.159,-0.422,0.76193,-0.43087,0.377,-0.53140,0.587,-0.302,0.53,-0.444,0.27338,-0.38,0.146,-0.495,0.05394
1,1.184,0.0,0.728,0.21106,0.941,0.485,0.566,0.517,0.15000,0.22273,0.155,0.59565,-0.07727,0.572,0.0,0.48636,-0.23,0.42014,-0.803,0.48,-0.548,0.247,-0.237,0.111,-0.38483,-0.024,-0.33942,-0.12486,-0.27540,-0.246,-0.253,-0.24648,-0.11894,-0.27218
1,1,0,0.674,-0.60927,1.108,0.828,0.81126,0.07285,0.458,0.184,0.32781,0.226,0.74,0.148,0.819,0.19868,1.029,0.42715,0.355,0.13907,0.704,0.193,0.736,0.084,0.51872,0.26653,0.389,0.25,0.616,0.28574,0.249,0.29324,0.593,0.29942
1,1,0,1,0.093,0.70019,-0.168,1.053,0.09677,0.71157,0.014,0.56167,-0.114,0.722,0.161,0.726,0.025,0.349,-0.027,0.824,0.197,0.687,0.07211,0.244,0.05882,0.601,0.276,0.49090,0.17951,0.15180,0.469,0.637,0.18,0.56167,0.15180
1,1,0,0.792,0.06794,1.075,-0.02299,0.77031,-0.044,0.361,-0.04,0.59582,-0.084,0.67260,-0.041,0.679,-0.095,0.39199,0.052,0.71254,0.016,0.55970,-0.083,0.53430,-0.103,0.47038,-0.22822,0.275,-0.053,0.494,-0.058,0.287,-0.097,0.541,-0.09808
1,1,0,1,0.056,0.96775,-0.004,1.378,-0.00722,0.699,-0.057,1.306,0.021,0.96186,-0.017,0.984,-0.01671,1.354,0.01002,0.91152,-0.08848,1.341,-0.02364,0.94636,-0.02591,0.65,0.02003,0.909,-0.018,0.738,-0.056,1.066,-0.033,1.212,-0.022
1,1,0.0,0.47938,-0.12371,0.42784,-0.102,0.499,-0.517,0.957,0.076,0.278,-0.244,0.598,0.195,0.39,-0.11856,0.433,0.062,0.635,-0.402,0.376,0.114,0.42268,0.08247,0.70619,0.276,0.53396,-0.118,0.211,-0.26289,0.47423,0.04124,0.45361,-0.51546
1,1,0.0,0.598,-0.04388,0.76530,0.039,0.624,0.36028,0.631,-0.00462,0.64203,0.08314,1.084,-0.474,0.72517,0.795,0.59584,0.157,0.63510,0.303,0.63279,-0.25404,0.713,0.095,0.734,0.237,0.731,0.117,0.61663,0.092,0.954,0.177,0.99,0.36721
1,1,0,0.50112,-0.03,0.61124,0.018,0.355,0.02,0.502,0.027,0.772,-0.00449,0.71685,-0.04719,0.948,0.009,0.363,0.02472,0.64719,-0.08,0.725,0.172,0.614,-0.03596,0.46517,0.053,0.825,0.00824,0.422,-0.025,0.54607,0.156,0.471,-0.08090
1,1,0.0,0.71521,-0.005,0.66667,-0.061,0.63107,-0.061,0.937,0.108,0.67314,0.078,0.593,0.15858,0.612,-0.015,0.789,-0.04531,0.272,-0.10032,0.76,0.14887,0.21,0.259,0.58,-0.028,0.433,0.0,0.31392,-0.06796,0.525,-0.10680,0.30421,-0.05178
1,1,0,0.68148,0.10370,0.77037,0.044,0.964,0.118,0.429,-0.00494,0.79012,0.167,0.574,0.028,0.329,0.09630,1.125,-0.17531,0.73827,-0.065,0.682,0.01,0.459,0.063,0.66667,-0.12840,0.63773,-0.033,0.76543,0.019,0.534,-0.099,0.484,-0.045
1,1.406,0,0.761,-0.022,0.403,0.04068,0.502,-0.04407,0.404,0.03729,0.983,-0.07797,0.634,-0.013,0.639,0.07797,0.602,0.135,0.56949,-0.02373,0.53220,0.009,0.962,-0.03390,0.331,-0.038,0.57262,0.009,0.464,-0.003,0.58983,-0.02712,0.304,0.06780
1,1.221,0,0.49515,0.126,0.29612,0.072,0.34951,0.0,0.57282,-0.019,0.58252,0.031,0.461,0.025,0.52427,0.00485,0.273,-0.156,0.43204,0.007,0.442,0.05825,0.18932,0.149,0.31068,-0.087,0.537,0.03815,0.274,0.256,0.212,0.0,0.4,-0.01942
1,1,0.0,0.98822,0.022,0.93102,0.444,0.707,0.499,0.664,0.27,0.73584,0.51879,0.526,0.582,0.477,0.66237,0.31800,0.70443,0.28379,0.873,0.043,0.829,0.094,0.373,-0.16489,0.51,-0.126,0.60510,-0.16209,0.656,-0.377,0.44195,-0.222,0.37465
1,1,0,0.813,0.202,0.557,0.24,0.662,0.484,0.71760,0.375,0.58827,0.73743,0.40349,0.644,0.317,0.84804,0.04700,0.726,-0.071,1.1,-0.186,0.80754,-0.455,0.39,-0.51034,0.58324,-0.57587,0.376,-0.558,0.333,-0.502,0.107,-0.64134,0.02968
1,1,0.0,0.99701,0.249,1.033,0.47030,0.76902,0.62415,0.294,0.649,0.463,0.88291,0.133,0.83312,-0.035,0.89274,-0.379,0.72073,-0.43707,0.819,-0.55769,0.331,-0.572,0.247,-0.64658,0.191,-0.85,0.015,-0.816,-0.13462,-0.577,-0.253,-0.3,-0.35032
1,0.546,0,1.114,0.156,0.892,0.40803,0.80514,0.569,0.291,0.70830,0.319,0.665,0.14939,1.243,0.068,0.93682,-0.24742,0.476,-0.358,0.75554,-0.50251,0.737,-0.969,0.50428,-0.439,0.30912,-0.77097,0.21,-1.023,-0.04399,-0.455,-0.132,-0.707,-0.34367
1,1,0.0,0.525,0.165,0.80486,0.567,0.58167,0.73151,0.478,0.80511,0.10797,0.68,-0.117,1.164,-0.39730,0.603,-0.863,0.933,-0.76305,0.51,-0.52,0.095,-1.107,-0.051,-0.75273,-0.26883,-0.63237,-0.427,-0.46422,-0.853,-0.26389,-0.628,-0.108,-0.71273
1,1.474,0.0,0.772,0.35157,0.873,0.62233,0.43898,0.94353,-0.019,0.80510,-0.221,0.75334,-0.182,0.266,-0.342,0.329,-0.66750,0.10591,-0.47359,-0.072,-0.671,-0.06011,-0.27,-0.642,-0.12897,-0.675,0.088,-0.724,0.24321,-0.43478,0.41,-0.30057,0.505,0.094
1,1,0.0,0.321,0.054,0.23308,0.17293,0.047,0.34336,0.12030,0.14,0.037,0.213,-0.04,0.12767,-0.076,0.04,-0.06328,0.04097,-0.05431,0.01,-0.04166,-0.00280,-0.034,-0.015,-0.011,-0.01505,-0.01,-0.01475,-0.003,-0.013,0.001,-0.007,0.003,-0.00647
1,1,0,0.58459,-0.35526,1.036,0.35338,0.75376,-0.006,0.534,0.145,0.474,-0.232,0.545,0.06391,0.69737,0.14662,0.844,-0.265,0.639,0.049,0.535,0.153,0.84774,-0.40977,0.491,-0.056,0.449,-0.10571,0.542,-0.111,0.164,-0.12218,0.567,-0.10309
1,1,0,0.83609,0.187,0.72171,0.065,0.65829,0.081,0.23888,0.12961,0.544,0.137,0.49418,0.161,0.361,0.13507,0.397,0.035,0.377,0.094,0.32835,0.14616,0.203,0.131,0.195,0.118,0.23641,0.14314,0.23,0.16137,0.271,0.105,0.138,0.185
1,1,0,1.37,0.154,1.092,0.006,0.85124,0.01546,0.888,-0.003,0.501,0.10916,0.83289,0.026,0.565,0.042,0.376,0.017,1.192,0.023,0.523,0.058,1.18,0.073,0.77336,0.02220,0.762,0.06235,0.85939,0.09251,0.782,0.07090,0.77269,0.07508
1,1,0,0.842,0.053,0.752,0.105,1.254,0.362,1.076,-0.08337,1.178,-0.02028,0.90446,-0.363,0.89410,0.19964,0.56,-0.048,0.84452,-0.00991,0.947,-0.198,0.726,-0.177,1.068,-0.104,0.85967,-0.02908,0.78774,-0.04101,0.821,0.212,0.88238,0.057
1,1,0.0,1.053,0.02,0.98994,0.097,0.75855,0.156,0.74313,-0.091,1.028,0.02482,0.686,-0.00469,0.96110,0.10195,0.653,0.032,0.597,0.02683,0.81221,-0.08048,1.194,0,0.376,-0.01,0.796,0.02552,0.437,-0.013,0.693,0.087,0.887,0.02750
1,1,0.0,0.496,0.19527,0.051,-0.18343,0.695,0.01006,0.45562,-0.04438,0.56509,0.01775,0.3,0.33,0.508,-0.03846,0.751,0.12426,0.286,0.148,0.291,0.02842,0.377,-0.087,0.58,-0.021,0.654,0.03259,0.456,0.289,0.19,-0.14497,0.34615,-0.002
1,0.775,0,0.706,0.14689,1.044,-0.13936,1.153,-0.079,1.08,0.022,0.592,0.02825,0.861,-0.04520,0.80791,-0.081,0.51412,-0.143,1.184,-0.074,0.815,-0.002,0.298,0.06215,0.53,-0.302,0.666,-0.16837,0.625,-0.02072,0.53861,-0.31262,0.67420,-0.22034
1,0.653,0.0,0.847,-0.03397,0.86412,-0.08493,1.126,0.0,0.73673,-0.07643,0.71975,-0.13588,0.728,-0.11677,0.669,-0.171,1.054,-0.21231,0.61996,-0.14,1.015,-0.148,1.207,-0.03397,1.097,-0.314,0.74115,-0.287,0.616,-0.229,0.405,-0.439,0.65817,-0.24841
1,1,0.0,0.858,-0.044,0.557,0.07337,0.84783,0.04076,0.77174,-0.02174,0.77174,-0.084,0.82337,-0.10598,0.67935,-0.003,0.484,-0.112,0.947,0.037,0.86413,-0.05978,1.126,-0.35,0.963,-0.247,0.916,-0.081,0.877,-0.03261,0.412,-0.10870,1.073,-0.007
1,1,0,0.74704,-0.162,0.663,0.181,0.72727,0.065,0.695,-0.11067,0.66798,-0.23518,0.87945,-0.123,0.73715,0.037,0.73,-0.00395,0.337,-0.11,0.663,-0.274,0.371,-0.261,0.392,-0.062,0.61847,-0.12041,0.449,-0.171,0.446,0.06917,0.897,-0.01383
1,0.937,0,0.46785,0.079,0.798,0.006,0.651,0.06874,0.333,-0.094,0.418,0.01330,0.63858,-0.136,0.512,-0.03326,0.54545,-0.189,0.52993,-0.04656,0.375,-0.214,0.50776,-0.173,0.41463,-0.20177,0.572,-0.163,0.59867,-0.023,0.777,-0.11752,0.737,-0.052
1,0.945,0.0,0.88116,0.233,0.742,0.42881,0.61559,0.72,0.38825,0.90502,0.05,0.96128,-0.20097,0.822,-0.46,0.77500,-0.813,0.46,-1.044,0.45535,-0.452,0.19095,-0.988,-0.05,-0.896,-0.26356,-0.67557,-0.331,-0.54732,-0.684,-0.30512,-0.734,-0.283,-0.636
1,1.475,0,1.024,0.404,0.972,0.395,0.59952,0.947,0.26203,1.149,0.051,1.221,-0.23237,0.95130,-0.55926,0.457,-0.73329,0.604,-0.90995,0.382,-1.121,0.089,-1.154,-0.19838,-0.83192,-0.452,-0.939,-0.69556,-0.424,-0.85725,-0.134,-0.717,0.10007,-0.94823
1,1,0.0,1.169,0.30634,0.73232,0.314,0.46,0.58527,0.07,0.725,-0.078,0.92,-0.674,0.547,-0.69767,0.209,-1.011,0.41195,-1,-0.00775,-1.174,-0.254,-0.76901,-0.45478,-0.57242,-0.92,-0.248,-0.722,-0.02979,-0.625,0.346,-0.579,0.00194,-0.81686
1,1.345,0,0.83479,0.203,0.348,0.416,0.49234,0.578,0.128,0.868,-0.08096,0.95,-0.414,0.408,-0.342,0.58425,-0.70350,0.31291,-0.75821,0.058,-0.598,-0.15317,-0.58315,-0.21,-0.269,-0.302,-0.16950,-0.392,0.08425,-0.524,0.25164,-0.456,0.425,-0.35339
1,1.161,0.0,1.213,0.398,0.76168,0.467,0.606,0.717,0.21592,0.547,-0.09,0.877,-0.47202,0.83590,-0.70747,0.65490,-0.782,0.36750,-0.91814,0.05595,-0.622,-0.189,-0.903,-0.456,-0.50757,-0.594,-0.22323,-1.272,0.07810,-1.253,0.249,-1.146,0.59407,-0.60270
1,1,0.0,0.83367,0.302,0.65541,0.57671,0.34962,0.682,0.199,0.753,-0.134,0.59,-0.25,0.66541,-0.702,0.47744,-0.655,0.226,-0.72180,-0.04887,-0.411,-0.252,-0.568,-0.53463,-0.349,-0.931,-0.01530,-0.69706,0.125,-0.886,0.342,-0.51206,0.844,-0.30075
1,1,0.0,1.287,-0.02736,0.98058,-0.04104,1.365,-0.07635,1.434,0.021,1.009,-0.018,0.59,-0.079,0.99382,-0.07149,0.97396,-0.09532,0.692,-0.101,1.212,-0.045,0.95278,-0.125,0.97352,-0.081,0.96653,-0.17,0.93469,-0.213,1.173,-0.159,1.229,-0.18800
1,0.66,0,0.94052,-0.009,1.285,0.01001,0.974,-0.01472,1.38,-0.01060,1.368,-0.03710,1.033,-0.01767,0.97055,-0.035,0.979,-0.04064,1.082,-0.04711,0.577,-0.03,0.874,-0.044,0.92049,-0.042,1.012,-0.077,0.873,-0.084,0.91991,-0.083,0.92049,-0.07420
1,1,0.0,0.97032,-0.173,0.775,-0.00228,0.981,-0.17123,0.694,0.18265,0.581,0.00228,1.137,-0.09,0.91324,-0.003,0.931,-0.08676,1.383,-0.188,1.252,0.131,0.92009,-0.078,0.92466,0.07,0.568,-0.09252,0.97032,-0.233,1.224,-0.08676,1.041,-0.21918
1,1,0.0,0.766,-0.036,0.94915,0.101,0.581,-0.091,0.30508,-0.01695,0.542,-0.108,0.64407,0.28814,0.83051,-0.253,0.54237,0.01695,0.569,0.03390,0.59322,0.44,1.039,0.05085,0.482,0.15254,0.522,-0.002,0.552,-0.017,0.482,-0.206,0.698,-0.10169
1,0.596,0.0,0.484,-0.176,0.522,0.311,0.575,0.116,0.41667,0.188,0.5,-0.107,0.54911,-0.08443,0.332,0.461,0.419,0.02778,0.25000,-0.187,0.47222,-0.08,0.52778,-0.027,0.38889,0.08333,0.219,-0.14256,0.187,-0.13889,0.36924,-0.129,0.117,-0.5
1,1,0,0.423,0.8,1,0.323,0.71178,0.918,0.45622,0.642,0.461,1,0.237,1.346,-0.203,1,-0.33081,1.388,-0.486,0.626,-0.66,0.71699,-0.88500,0.29,-1.268,0.331,-1,0.083,-1,-0.16713,-1.452,-0.397,-1.103,-0.65557
1,0.809,0,0.75564,0.319,0.582,0.702,0.54916,0.685,0.35225,0.757,0.19,0.487,-0.09818,0.93778,-0.218,1.132,-0.52742,0.869,-1.004,0.67989,-0.70163,0.365,-0.866,0.017,-0.98988,-0.29099,-0.891,-0.32792,-0.63,-0.19185,-0.439,-0.35,-0.28,-0.62956
1,1,0,0.706,0.42904,0.641,0.839,0.679,0.619,0.12,0.791,-0.13012,0.86947,-0.501,0.972,-0.453,0.287,-0.759,0.26529,-0.439,0.03928,-0.354,-0.164,-0.618,-0.48905,-0.412,-0.67796,-0.034,-0.917,0.186,-0.45911,0.37093,-0.39167,0.48319,-0.24313
1,1,0.0,0.93658,0.35107,0.75254,0.379,0.348,1.066,0.13,1.078,-0.21775,0.96301,-0.665,0.673,-0.654,0.58045,-0.93104,0.26020,-0.579,-0.06418,-0.674,-0.408,-0.65079,-0.392,-0.508,-0.84951,-0.04578,-0.496,0.246,-1.093,0.551,-0.403,0.509,-0.44173
1,0.51,0.0,0.593,0.36924,0.956,0.861,0.37,0.782,-0.11108,0.674,-0.224,0.92453,-0.458,0.867,-0.92145,0.54,-0.996,0.078,-1,0.03191,-0.422,-0.461,-0.46010,-0.431,-0.13486,-1.161,0.214,-0.85137,0.48904,-0.70247,0.837,-0.46048,0.76066,-0.13194
1,1,0.0,1.179,0.092,1,-0.05558,1,0.01373,1,-0.12352,0.546,-0.022,1,-0.022,0.763,-0.072,1.13,-0.07157,1,0.08,1.39,-0.136,0.799,-0.02685,0.605,-0.264,1,-0.05,1,0.065,0.836,-0.143,1.319,-0.07439
1,0.886,0,1.207,-0.00155,0.795,-0.13244,1.004,-0.007,0.463,-0.51171,1.204,0.10368,1,-0.14247,0.635,-0.019,0.95853,-0.183,1.148,0.61739,0.588,-0.104,0.87492,-0.08495,0.44,-0.01,0.902,-0.01769,0.764,-0.01867,0.80634,-0.029,1.072,-0.015
1,1,0,0.889,0.409,0.64064,0.52312,0.41319,0.797,0.137,1.232,-0.16831,0.417,-0.42911,0.938,-0.72,0.247,-0.625,0.16755,-0.69977,-0.07,-0.289,-0.23503,-0.40637,-0.38287,-0.14,-0.644,0.013,-0.48707,0.265,-0.38059,0.252,-0.279,0.189,-0.047
1,0.773,0.0,0.88085,0.191,0.756,0.65128,0.361,0.798,0.05832,0.701,-0.352,1.036,-0.62635,0.69590,-0.77106,0.464,-0.992,0.071,-0.81641,-0.297,-0.872,-0.50022,-0.39766,-0.68337,-0.081,-0.902,0.1,-0.359,0.40675,-0.57649,0.56626,-0.41,0.817,-0.13305
1,1,0.0,0.89589,0.412,0.555,0.71804,0.29521,0.753,-0.04787,0.978,-0.361,0.574,-0.77660,0.735,-0.92819,0.25133,-1.097,-0.145,-0.639,-0.4,-0.50931,-0.609,-0.161,-0.909,0.115,-0.999,0.53229,-0.68593,0.74846,-0.257,0.83142,-0.053,0.573,0.27926
1,1.266,0.0,1.272,-0.246,0.736,-0.20253,0.87342,-0.065,0.861,0.01266,0.783,0.11392,1.146,0.06329,0.738,-0.041,0.63291,-0.53,0.87342,-0.01,0.582,0.043,1,0.25316,0.478,-0.261,0.84637,-0.045,0.596,-0.06329,0.53165,0.023,0.83544,-0.02532
1,1,0.0,0.721,0.00840,1.061,0.01659,0.534,0.025,0.751,0.02,0.354,0.05882,0.79093,0.04731,1.083,0.05407,0.64706,0.132,0.84034,0.04,0.358,0.061,0.692,0.07577,0.903,0.08403,0.63728,0.117,0.902,0.01681,0.867,0.101,0.55330,0.106
1,1,0,0.85013,0.022,0.582,0.01456,0.995,0.032,0.969,0.08010,0.87597,0.071,0.91161,0.053,0.853,0.029,1.124,0.02842,0.569,0.0,0.89097,0.085,1.005,0.054,0.77,0.10853,0.841,0.08950,0.847,0.08786,0.85198,0.10134,1.024,0.132
1,1.194,0,0.767,-0.01179,1,-0.00343,0.968,-0.008,0.994,-0.01565,1,-0.02809,1,-0.021,0.984,-0.03087,1.204,-0.028,1.396,-0.041,1,-0.03881,1.073,-0.04,0.806,-0.04931,0.839,-0.042,0.696,-0.084,1.255,-0.088,0.98971,-0.06668
1,1,0,1.083,-0.038,0.87525,0.05545,0.967,0.012,0.92871,0.02772,0.672,-0.007,0.649,-0.02,0.91881,0.029,0.93663,0.0,0.771,0.01386,0.646,0.00792,0.88713,-0.019,1.087,0.019,0.537,0.018,1.238,0.00198,0.519,0.04158,1.172,0.02376
1,1.084,0,1.202,0.01773,1.116,-0.01773,0.464,0.011,0.474,0.05674,1,0.021,1.421,0.01,0.97518,0.041,1.355,-0.03191,1.058,-0.026,0.77,0.07801,1,0.09220,1.057,0.025,0.94305,0.03247,0.733,0.022,1,0.006,0.628,0.02128
1,1.185,0.0,0.34,-0.24242,0.803,0.015,0.268,0.09091,0.63636,0.123,0.139,-0.218,0.57576,0.176,0.394,0,0.56156,0.044,0.51515,0.028,0.78788,0.232,0.30303,-0.165,0.48526,0.073,0.46362,0.084,0.33333,-0.041,0.233,0.06410,0.39394,0.225
1,1,0.0,0.86689,0.35950,0.72014,0.628,0.37201,1.072,0.08646,0.85893,-0.24118,1.265,-0.51763,0.363,-0.869,0.519,-0.753,0.09898,-0.69397,-0.125,-0.259,-0.573,-0.179,-0.317,-0.02844,-0.613,0.122,-0.581,0.371,-0.42,0.472,-0.106,0.40956,0.01820
1,0.912,0.0,0.89563,0.37917,0.887,0.69438,0.359,0.608,-0.049,0.93345,-0.26,1.239,-0.563,0.66,-0.482,0.361,-1.063,-0.05365,-0.549,-0.221,-0.632,-0.62443,-0.271,-0.687,0.06911,-0.73856,0.33531,-0.62296,0.689,-0.42086,0.61217,-0.157,0.60073,0.08660
1,1,0,0.716,0.41113,0.932,0.792,0.29921,0.643,-0.187,0.97820,-0.52236,0.58,-0.79657,0.516,-0.54,0.22,-1.092,-0.25554,-0.71863,-0.59379,-0.41546,-1.09,-0.016,-0.785,0.394,-0.85368,0.532,-0.328,0.85977,-0.381,0.88654,0.08,0.988,0.544
1,1,0,1,0.51,0.404,0.06158,0.12993,0.675,-0.27586,0.93596,-0.31527,0.387,-0.748,0.423,-0.92857,-0.08867,-0.38916,-0.34236,-0.527,-0.82512,-0.06,-0.692,0.142,-0.172,0.868,-0.36,1.133,-0.077,0.754,0.624,0.365,0.003,0.17758,0.874
1,1,0.0,1,0.643,0.45455,0.33333,0.06061,0.258,-0.32104,0.73062,-0.574,0.47,-0.57576,0.0,-0.531,-0.177,-0.343,-0.59,-0.069,-1.122,0.48485,-0.57576,0.849,-0.42424,1.38,-0.39394,0.411,0.119,1.025,0.71,0.264,0.36364,0.077,0.33333
1,1,0,0.88110,0,0.94817,-0.027,0.6,-0.017,0.90244,0.011,1.228,0.023,1.244,0.006,0.95732,0.004,0.544,0.02744,1.036,-0.009,0.801,0.021,0.635,0.05488,0.723,0.053,0.89666,0.02226,0.90854,0.011,1.441,0.068,0.97561,-0.01220
1,1,0.0,1.229,0.121,0.425,-0.08156,0.759,-0.01,0.668,0.008,0.80142,0.077,1.101,-0.007,0.94326,0.0,0.93262,0.20213,0.612,-0.00709,0.46,0.00709,0.685,0.096,0.591,0.15957,0.89527,0.08165,0.77660,0.035,0.782,0.18085,0.92553,0.0
1,0.894,0,0.74468,0.131,0.88706,0.00982,1.308,0.01471,1.065,-0.021,0.73050,0.074,0.512,0.035,0.87235,0.019,0.95745,0.071,0.657,0.04255,0.85597,0.04743,1.221,0.058,0.87234,0.082,0.873,0.06014,0.558,-0.028,0.69,0.045,0.582,0.07173
1,1.44,0.0,1.236,0.036,0.89951,0.00343,0.709,0.00510,0.86335,0.0,0.833,0.076,0.87021,0.013,0.637,0.007,0.83851,-0.053,0.85714,0.029,0.84182,0.015,0.46,0.012,0.527,-0.04348,0.948,0.02033,0.81988,0.114,0.80757,0.02308,0.764,0.02441
1,1,0.0,1.39,0.009,0.98579,0.01954,1.009,0.01954,1.212,0.01,0.95737,0.02309,0.8,0.03552,1,0.032,0.97869,0.022,1.041,0.078,1.27,0.04796,1.241,0.073,1.188,0.03552,0.584,0.06477,0.94849,0.073,0.99112,0.043,1.437,0.096
1,1,0.0,1.137,0.008,1,0.01105,0.966,0.023,0.99448,-0.016,1.438,-0.002,0.98343,0.034,0.89,0.01,0.644,0.00773,0.97901,0.01657,1.38,0.00663,1.043,0.02099,0.97127,-0.01,0.6,0.015,1.004,0.01547,0.98564,0.022,1.3,0.02762
1,1,0.0,0.885,-0.01342,0.62,0.01566,1,-0.002,1,0.067,0.97763,0.064,1.419,0.018,0.604,0.06488,1.189,0.039,1,0.049,0.99776,0.101,0.95749,0.105,1,0.139,0.99989,0.106,0.934,0.097,1,0.10067,1.276,0.102
1,1.201,0.0,0.88420,0.36724,0.561,0.685,0.23,0.86399,0.019,1.238,-0.3,0.83713,-0.60316,0.414,-0.78658,0.565,-0.593,-0.003,-0.69318,-0.32963,-0.52504,-0.575,-0.37,-0.853,0.00806,-0.69774,0.199,-0.621,0.533,-0.626,0.54209,-0.167,0.56286,0.02823
1,1,0.0,0.90147,0.294,0.64131,0.399,0.45,0.95148,-0.20449,0.674,-0.298,0.743,-0.873,0.384,-1.366,0.10345,-0.91456,-0.242,-1.009,-0.65461,-0.193,-1.202,0.057,-0.94172,0.527,-0.82154,0.711,-0.55231,1.05,-0.18,0.87893,0.20359,0.677,0.54852
1,1,0.0,0.372,0.11042,0.15970,0.183,0.178,1.044,-0.28,0.91993,-0.16503,0.211,-0.386,0.24865,-0.781,-0.005,-0.23227,-0.19909,-0.266,-0.48886,-0.2,-0.89991,0.09345,-0.347,0.28307,-0.233,0.548,-0.11498,0.45,0.05614,0.251,0.123,0.076,0.228
1,1.408,0.0,0.533,0.43617,0.44681,0.74804,0.027,1.145,-0.412,0.82139,-0.679,0.52408,-1.174,0.07111,-1.071,-0.28723,-0.302,-1.024,-0.045,-0.86002,0.23292,-0.76316,0.394,-0.52128,1.023,-0.274,0.8,0.259,0.45185,0.342,0.17,0.729,-0.18533,0.74356
1,1.436,0.0,0.241,0.045,0.028,0.25191,-0.10557,0.619,-0.106,-0.268,-0.41985,0.035,-0.576,0.112,-0.244,-0.30534,-0.054,-0.39695,0.18702,-0.156,0.34012,-0.175,0.28626,-0.16031,0.182,0.24692,0.03913,0.31092,-0.041,0.138,-0.128,0.16794,-0.30153,-0.246
1,1,0,1.179,0.0,0.552,0.0,0.98982,-0.001,1.342,0.024,0.946,0.02130,0.97888,0.035,0.99170,0.027,0.93929,0.033,0.93552,0.048,0.97738,0.05524,0.764,0.06241,1.04,0.08107,0.781,0.039,0.592,0.063,0.668,0.08126,0.929,0.08616
1,0.641,0,0.905,-0.07572,0.466,0.00231,0.87514,-0.009,0.86821,-0.066,0.463,-0.141,0.84624,0.05029,0.83121,-0.094,0.622,0.09,1.033,0.054,0.709,-0.02370,0.992,-0.06012,0.618,-0.016,0.968,-0.038,0.8,-0.07630,0.74,-0.04220,0.78439,0.01214
1,1,0,0.417,-0.108,0.779,-0.024,0.68195,-0.03574,0.316,-0.072,0.61836,-0.10467,0.432,-0.036,0.671,-0.07289,0.42271,-0.354,0.79,0.03,0.49736,-0.067,0.643,-0.08989,0.331,-0.007,0.39146,-0.046,0.194,-0.10306,0.37,-0.08637,0.28943,-0.104
1,1.367,0,0.76046,0.008,0.86335,0.00258,0.85821,0.00384,0.845,0.02304,0.81504,0.142,0.83096,0.011,0.81815,0.004,0.888,-0.041,0.489,0.032,0.76979,0.007,0.691,0.007,0.77138,-0.002,1.048,0.01375,0.982,0.008,0.874,0.012,0.63887,0.02
1,1,0.0,0.66667,-0.01366,0.863,0.06831,0.675,0.739,0.651,-0.003,0.525,-0.14071,0.235,-0.48907,0.278,0.658,0.76776,0.168,0.394,0.143,0.266,-0.44945,1,0.004,0.846,0.097,0.68656,0.17088,0.87568,0.07787,0.458,0.31,0.171,0.48087
1,1,0.0,0.83508,0.096,0.73739,-0.14706,0.874,-0.073,0.90441,-0.055,0.89391,0.13130,1.096,0.037,0.467,-0.105,1,-0.022,1.154,0.082,0.474,0.015,0.928,0.06618,0.95378,-0.03,0.42,0.00123,1,0.12815,0.729,-0.104,0.90546,-0.05
1,1.026,0.0,0.95113,0.003,0.71,-0.02723,0.93438,-0.01920,1.056,0.01606,1.125,0.033,0.639,0.061,1.046,-0.011,1.221,0.00140,0.749,0.06038,0.92670,0.091,0.88,0.10087,0.78,0.007,0.708,0.038,0.93159,0.085,0.94066,-0.00035,0.91483,0.04712
1,1,0,0.795,-0.00034,0.832,-0.034,1.131,-0.03431,0.95584,0.025,1.197,0.01766,1.172,0.032,0.607,-0.01461,1.284,0.015,0.93784,0.01393,0.737,0.059,0.89470,0.06148,0.93988,0.03193,0.92489,0.037,0.721,0.014,1.146,0.005,0.75,-0.006
1,1,0.0,0.619,-0.023,1.442,-0.025,0.824,-0.037,0.709,0.00110,0.661,-0.03315,0.89061,-0.01436,0.90608,-0.039,1.292,-0.013,0.80773,-0.12928,0.835,0.011,1.093,-0.02320,0.91050,-0.013,0.888,-0.07760,0.8,-0.17238,0.96022,-0.03757,1.222,-0.187
1,1,0.0,1.09,0.13533,0.73638,-0.07,1.06,0.102,0.447,-0.088,0.78735,0.043,0.98,-0.002,0.941,-0.01,0.85764,-0.067,0.87170,-0.03515,0.81722,-0.09490,0.71002,0.026,0.86467,-0.15114,0.785,-0.028,0.489,-0.005,0.712,-0.072,0.85764,-0.06151
