1,1,0,1.068,-0.05889,0.825,0.019,0.437,-0.37708,1.044,0.029,1.025,-0.124,0.59755,-0.443,0.767,-0.38223,0.821,-0.476,0.496,-0.437,0.56971,-0.354,0.367,-0.47357,0.671,-0.51171,0.41078,-0.46168,0.283,-0.412,0.594,-0.54487,0.18641,-0.261
0,1,0.0,1.199,-0.254,0.93035,-0.36156,-0.139,-0.664,1,-0.027,0.416,-0.55,0.361,-0.69707,-0.312,-1.119,0.039,-0.429,0.33109,-1,-0.111,-0.45300,-0.18056,-0.304,-0.20332,-0.26569,-0.249,-0.141,-0.149,-0.163,-0.134,-0.056,-0.13738,-0.02447
1,0.818,0,1,-0.019,0.775,0.00485,1,-0.14,0.88965,0.007,0.73082,0.05346,0.85443,0.007,0.494,0.004,0.83775,-0.13644,1.023,-0.124,1.059,-0.307,0.319,-0.12062,0.768,-0.40220,0.58984,-0.209,0.222,-0.117,0.338,-0.262,0.661,-0.463
0,1,0.0,1.185,-0.62,1.204,0.569,0.71216,-1,0.0,0.0,0,0.0,0.0,0.0,-1.37,0.14516,0.54094,-0.502,-1,-0.54467,-0.7,0.653,0,0,1.281,1.224,0.471,0.972,1.028,-0.20099,0.25682,1.233,-0.32382,0.557
1,1,0,1,-0.033,0.92,0.06531,0.92106,-0.291,0.77152,-0.088,0.52798,-0.20275,0.576,-0.00712,0.34395,-0.27457,0.697,-0.238,0.45107,-0.202,0.077,-0.35575,0.034,-0.291,0.031,-0.595,0.07,-0.544,0.013,-0.335,-0.045,-0.684,-0.052,-0.831
0,1.189,0.0,0.02337,-0.004,-0.09924,-0.11949,-0.00763,-0.11824,0.095,0.06637,0.03786,-0.06302,0,0.0,-0.04572,-0.18,-0.003,-0.083,-0.11575,-0.049,0.027,0.048,0.01,0.011,0.02,-0.009,-0.022,0.098,-0.096,0.004,0,0,-0.0,0.101
1,1.447,0.0,1.146,-0.10602,0.742,-0.20800,0.92806,-0.28350,0.85996,-0.37,0.534,-0.47929,0.78225,-0.476,0.74628,-0.61436,0.57945,-0.538,0.37852,-0.617,0.274,-0.899,0.418,-0.684,0.292,-1.141,0.108,-0.575,0.04606,-1.175,-0.046,-0.81318,-0.096,-0.858
0,0.0,0,0,0,0.0,0.0,1,-1.028,0,0.0,-1.248,-1,0.0,0.0,0.0,0.0,0.552,1,-1.463,-0.728,0.0,0,0.0,0.0,1.288,1,1,1.1,0.0,0.0,1.144,1,0,0
1,1,0,0.96355,-0.088,1,-0.14333,1.475,-0.21313,1,-0.204,0.978,-0.479,0.685,-0.40668,1.115,-0.449,1.219,-0.522,0.87,-0.719,0.951,-0.60589,0.69637,-0.64225,0.82,-0.903,0.439,-0.847,0.336,-0.453,0.65,-0.72779,0.384,-0.73420
0,1,0,-0.015,-0.08459,0,0.0,0.0,0,0.11470,-0.26810,-0.493,-0.568,0.0,0.0,-0.283,0.38602,-0.258,0.079,0.63728,0.221,0.0,0.0,0.0,0.0,-0.14803,-0.018,0.148,-0.028,0.0,0,0.16595,0.24086,-0.051,0.268
1,0.852,0.0,1,0.06655,1,-0.119,1.345,-0.405,1,-0.482,1,-0.41349,0.96232,-0.296,0.90711,-0.59017,1.038,-0.66474,0.69876,-0.70997,0.596,-0.551,0.339,-0.565,0.559,-0.777,0.276,-0.813,0.32,-0.707,0.381,-0.89093,0.116,-0.574
0,1,0,0.691,-0.406,0.551,-1,1,-1.161,1,0.521,0.647,-0.494,1.306,1,1,-0.851,1,-0.358,0.721,-0.538,0.657,1,1,0.954,1.158,-0.6,1,-0.62745,0.894,-1,1.477,-0.692,0.912,-0.877
1,1.365,0,1.025,-0.146,1.149,-0.072,0.599,-0.209,0.662,-0.142,0.902,-0.35151,0.928,-0.29785,0.93719,-0.34412,0.911,-0.408,1.272,-0.501,0.86043,-0.674,0.659,-0.51220,0.503,-0.679,0.76224,-0.58370,0.65723,-0.898,0.68714,-0.64537,0.85,-0.67226
0,1,0,1,-0.977,1.092,0.294,0.905,-0.355,1.054,-0.154,1,0.36,1.47,0.102,1,-0.14767,0.711,-0.948,1.408,-1,0.378,0.136,1.208,0.429,0.823,-0.17012,1,0.35924,1.221,-0.66494,1.009,0.88428,1.056,-0.18826
1,1.026,0.0,1,0.089,1,0.03420,1,-0.054,0.848,0.101,0.942,0.19651,1,0.134,0.62,0.12785,1.382,0.152,1,0.27087,1.07,0.44758,1.136,0.57,1,0.29,1.016,0.36743,1.371,0.489,1.063,0.428,1.478,0.46712
0,1,0.0,0.612,-0.93996,1.078,0.26708,-0.047,-1,1.351,-1.458,0.43685,-1.425,0.0,0.0,-1.073,-0.303,-0.293,0.037,1,-1,0.0,0,0.0,0,-0.114,0.557,0.424,0.133,0,0,0.633,0.23188,0.0,0
1,0.971,0.0,0.525,0.076,0.799,-0.013,0.97811,0.02498,0.96112,0.02312,1.186,0.07808,1.258,0.10346,0.958,0.05269,0.62,0.11120,0.462,0.125,0.967,0.083,0.641,0.208,0.899,0.13412,0.79476,0.13638,0.79110,0.148,0.644,0.113,0.681,0.12015
0,0.0,0.0,0.0,0.0,-1.168,-1,1.401,0.596,-0.753,1,-0.769,0.942,0.873,-1,1.383,0.8,-1.438,-0.96,-1.35,0.568,0.626,-1,-1,1,-1,1,0.863,-1.254,-1,1,-1,-1,1.406,-1
1,1,0,0.67065,0.034,0.66626,0.042,0.57197,0.178,0.053,0.339,0.887,0.114,0.803,0.14285,0.623,0.10976,0.624,0.18151,0.205,0.41224,0.6,0.21326,0.584,0.311,0.48838,0.328,0.296,0.24618,0.251,0.304,0.445,0.18,1.408,0.33036
0,0,0,1.266,-1,0,0.0,0,0.0,1,0.57,1.239,-1.462,-0.71875,1.221,0.0,0.0,-0.579,1,0.522,0.842,-1,0.514,0.792,0.56250,-0.809,1.436,0.579,0.663,1.469,-1.462,1,1,1.489,1
1,0.68,0.0,1.175,-0.007,1.105,-0.076,1.004,-0.108,0.762,-0.10605,1,-0.11073,0.956,-0.39489,0.578,-0.119,0.92124,-0.257,0.502,-0.188,1.162,-0.397,0.96060,-0.29,0.792,-0.40372,0.433,-0.42231,0.75784,-0.38231,0.80448,-0.40575,0.544,-0.45039
0,0.0,0,0.635,1.379,0,0,0,0.0,-0.83,-1.081,0.0,0.0,0.0,0.0,-1.262,-1,-0.831,-0.996,-1,1.275,-1,0.88,0,0.0,0.0,0.0,0.817,-1,-1,0.58,-0.687,1,-1,1
1,1.328,0.0,0.96071,0.084,1.275,0.022,1.357,0.105,1.253,-0.054,0.492,0.035,0.635,-0.035,0.87534,0.09831,0.598,0.002,0.75206,-0.063,0.65961,-0.07905,0.807,-0.05929,0.55677,-0.07705,0.652,-0.015,0.57,-0.01251,0.51310,-0.0,0.52099,-0.00182
0,0,0.0,-1.367,0.584,0.0,0.0,0.0,0.0,-1,0.752,0.588,1.484,0.0,0,0.0,0,1.467,-1.479,-0.836,1,1,0.734,0,0,-0.92,-1,0.639,-1,1.179,1,-1,1,0.0,0.0
1,1,0.0,1.474,-0.037,1,0.024,1,-0.05131,1,-0.024,0.828,-0.11726,0.84493,-0.073,1.046,-0.06598,0.69170,-0.07379,0.65731,-0.119,1.199,-0.28,0.651,-0.31654,0.84932,-0.299,0.987,-0.367,0.896,-0.274,0.654,-0.143,0.322,-0.221
0,1,0.0,1,0.57820,1.181,-0.772,1,-1.036,1,-1,1,-0.503,1.197,-1.157,1,-1.35,1,-0.841,1.238,-0.722,0.541,-0.818,0.773,-1,0.589,-1.106,1,-1.195,1.181,-1,1.039,-1,1.297,-0.969
1,1,0.0,1,-0.08714,1.036,-0.17263,0.718,-0.687,0.94817,0.61053,0.95473,-0.327,0.707,-0.215,0.87937,-0.262,0.613,-0.464,0.12245,-1.084,1.134,0.091,0.741,-0.78547,0.523,-0.441,0.48136,-0.908,0.417,-1.046,0.32984,-0.582,-0.1,-1
0,0,0.0,-1,-0.809,0.0,0.0,-1.272,1,1.24,-0.37500,0.0,0.0,0.0,0.0,0,0,0.77,-1,-0.647,-1.023,0.807,-1.078,0,0,1,-0.596,-0.783,0.87,-0.673,-0.736,0.0,0,-1,1
1,1.154,0.0,0.502,0.08380,1.414,0.119,0.996,-0.13308,0.98172,0.377,0.964,0.47904,1.47,0.59113,0.868,0.666,1,0.82777,1.49,0.786,1.36,1,0.98042,1.273,0.789,1.186,0.83899,1.456,1.046,1,0.646,1,0.52479,0.646
0,0,0.0,-1,-0.593,0.576,1,1,-0.704,-0.625,1,1,-1,-1.267,-1.044,0.0,0.0,1,0.968,-1.215,-0.631,1.206,-1,1,-0.94,1.081,1.202,1,-0.583,1.234,-1,-1,0.973,1.136,-0.967
1,0.841,0.0,1,-0.14236,1,-0.125,1.194,-0.23656,1.406,-0.091,1,-0.332,1,-0.26161,0.767,-0.21975,1,-0.374,0.852,-0.362,0.7,-0.381,0.84,-0.481,0.986,-0.646,0.98820,-0.494,1.181,-0.541,1,-0.75761,0.524,-0.84437
0,1,0,0.818,-0.551,0.604,1,0.671,-1.21,1,-0.709,1.405,-1.116,1.199,-0.01840,0.812,-1,1,1.148,0.69,-0.85583,1.351,1,1.081,-1,0,0.0,1,0.736,1.281,-0.702,0.818,1,0.594,1.048
1,1,0.0,0.455,-0.14639,0.852,-0.13,0.92100,-0.149,0.88307,-0.095,0.503,-0.406,0.85269,-0.341,0.953,-0.35924,0.80681,-0.33632,0.71,-0.627,0.956,-0.422,0.66150,-0.50085,0.475,-0.718,0.331,-0.641,0.729,-0.352,0.47075,-0.57377,0.5,-0.58086
0,1,0,0.615,-0.025,0.41287,-0.284,0.98019,-0.09473,1.287,-0.105,1,-0.102,0.58965,1,0.916,-0.557,0.82270,-0.117,1.109,-0.307,-0.25914,0.92730,0.474,0.063,0.67,-0.275,0.877,-0.41307,0.874,-0.264,1.163,-1.003,-0.297,-1
1,1.157,0.0,1.25,-0.209,0.821,0.27686,0.816,-0.313,1.022,-0.188,1,-0.49863,0.466,-0.067,0.422,0.14638,1,0.234,1,0.26590,0.96354,-0.01891,1.171,-1.034,1.357,0.078,1.158,-0.153,0.793,-0.11129,1,0.53372,0.549,-0.57758
0,1,0,0.661,-1,1,1,1.085,-0.715,0.521,-0.33,0.837,-0.937,1,-0.815,1.189,1.078,0.098,0.641,1,0.78036,1.426,0.637,1.221,-1,1,0.794,0.837,-0.059,0.95982,-0.447,0.788,0.346,1,0.34732
1,1,0.0,1.175,0.00433,1,-0.01209,1.326,-0.018,1.354,-0.07014,0.97839,-0.06256,1.132,-0.06544,1.066,-0.084,1.212,-0.175,0.656,-0.14327,0.854,-0.14248,0.635,-0.107,0.675,-0.245,0.89067,-0.125,0.671,-0.269,0.83777,-0.20101,0.943,-0.244
0,0,0.0,1,1.216,1.028,-1,0,0.0,0.0,0,-1.463,-1,0.0,0.0,0,0.0,-1.288,1,1.262,1,-1.1,1.248,-1,1.475,1.115,-0.739,0.552,1,-1.481,0.945,0.728,0.709,0,0
1,1,0.0,0.91241,0.04347,0.907,0.023,0.94705,0.05345,0.6,0.013,0.91911,0.078,1.28,0.164,0.519,0.06211,0.676,0.134,0.83744,0.14439,1.102,0.104,0.84,0.188,0.75755,0.149,0.533,0.13282,0.506,0.168,0.70925,0.155,0.65258,0.139
0,1,0.0,1.35,0.017,0.523,0.04861,1.312,0.07143,0.767,-0.719,0.984,0.11147,0.88462,0.42,0.82077,0.12,0.418,0.15189,1,0.41003,0.809,0.164,0.60138,0.16516,0.54446,0.082,0.416,0.186,0.43481,0.154,0.57,0.103,0.644,0.618
1,1.118,0,1,0.06538,0.649,0.305,1.201,0.154,0.785,0.32213,0.86773,0.579,0.638,0.50082,0.79555,0.52321,0.524,0.60756,0.379,0.62999,0.449,0.825,0.495,0.628,0.34384,0.387,0.29,0.72386,0.135,0.403,0.11372,0.634,0.05,0.411
0,1,0.0,-1,-1.158,1,0.894,1,-0.101,0.0,0.0,-0.551,0.877,1.306,1,0.124,-1,-1.44,-1,0.08750,-1,0.851,-1.477,-1,1.161,-1.155,-1,1.411,-0.959,-0.692,-0.954,1.438,1,0.0,0
1,1.149,0,1.241,0.08791,0.86528,0.214,1,0.16598,0.721,0.68154,0.70207,0.37,0.232,0.451,0.345,0.46086,0.671,0.509,0.46,0.12967,0.37824,0.326,0.279,0.541,0.184,0.449,0.18626,0.56605,0.153,0.74,0.067,0.378,0.12137,0.931
0,1.026,0.0,-0.64286,-1.127,1,0.82857,1.059,-1.221,0.612,-0.23393,0.823,0.96161,0.711,-0.364,1,-1.063,1.408,0.157,1,-1,1,-0.03393,-0.799,0.89,0.53750,0.983,1,1.025,1.317,-0.86,1,-1.307,1.056,-1.47
1,1,0,0.99025,-0.07,1.155,-0.132,0.98663,-0.183,1.437,-0.357,0.92738,-0.323,1.264,-0.406,0.89812,-0.624,0.513,-0.591,0.878,-0.818,0.79016,-0.645,0.74725,-0.955,0.579,-0.434,0.65247,-1.053,0.61010,-0.497,0.54752,-0.80278,0.49195,-0.516
0,0,0.0,0.0,0.0,0.0,0.0,0.0,0,0.776,1,0.712,1.252,0,0.0,0,0,-0.415,-1,-1,-1.024,0,0.0,0.0,0.0,-1.443,-1.351,-1,-1,-0.581,1,0.703,0.0,0.0,0
1,1,0.0,1,-0.03730,0.527,-0.072,0.99601,-0.077,1.065,-0.083,1.436,-0.13814,0.885,-0.293,0.95288,-0.135,1.071,-0.34400,0.90581,-0.453,0.692,-0.513,0.662,-0.37643,0.86213,-0.413,0.799,-0.43122,0.81433,-0.254,0.923,-0.338,0.898,-0.50152
0,1,0.0,1.33,-0.021,-0.605,0.291,-0.36393,0.518,0.69258,-0.63427,1.254,-0.03353,-0.339,-0.007,-0.759,0.216,0.575,-0.436,1,-0.50424,-0.179,-0.275,-1.062,0.212,1.16,-0.46734,0.52208,-0.58130,0.863,-0.61393,-0.09634,0.246,-0.06117,0.335
1,1,0,1.263,0.005,1.074,-0.049,1.36,-0.04,0.95947,-0.06971,0.941,-0.04507,0.943,-0.163,0.93369,-0.12790,0.94217,-0.11583,0.79682,-0.111,0.714,-0.186,0.5,-0.268,0.455,-0.19689,0.675,-0.21136,1.106,-0.153,1.035,-0.318,0.699,-0.23902
0,1,0,0.0,0,1.436,0.641,0.0,0.0,0.087,-1,0,0.0,0,0.0,-0.522,-0.164,-0.539,-1.056,1.146,0.63147,0,0,0.45,0.387,-0.803,0.44828,1,-0.523,-1.462,1.063,0.0,0,0.0,0
1,1,0,0.947,-0.183,0.27,0.02919,0.776,-0.002,0.87947,0.19,0.655,-0.01789,0.677,0.54991,1.299,-0.391,0.717,-0.355,0.471,-0.20104,1,1,0.468,-0.208,0.523,-0.033,0.723,-0.01158,0.61582,-0.357,0.84463,-0.232,0.541,-0.01425
0,0.0,0,0.641,0.88,1.328,-1.319,0.0,0.0,0.0,0.0,0.85,0.687,1,1,-1.262,-1,1,-1,-1.275,1,0.0,0.0,1,-0.695,1,-1,0.709,1.198,-1.258,-1,0,0.0,0,0.0
1,1,0.0,1.179,1.13,1,1.319,0.91010,1,-0.26970,1,-0.83152,1,-0.799,0.546,-0.734,1.008,-1,-0.581,-1.181,-0.564,-1,-0.763,-0.52838,-0.605,1.033,-1,1.057,-0.781,1,-1.357,0.567,-0.389,0.836,0.515
0,1,0.0,-0.602,-0.514,-1.303,1,1.367,0.746,0.03515,-0.638,-1,-0.588,0.927,1.484,0.88683,-1.361,-1.467,1,0.899,1.203,1,-0.734,-1,-1,-0.18856,0.584,0.92,-0.559,-1,-1,-0.586,0.752,1,0.425
1,1,0.0,0.506,0.114,0.97487,-0.05667,0.97165,-0.08484,1.178,-0.06561,0.94717,0.011,1.202,-0.163,0.94612,-0.271,0.99630,-0.26,1.332,-0.196,1.057,-0.369,0.90140,-0.29807,1.169,-0.35,1.132,-0.387,1.087,-0.30619,0.83951,-0.196,0.49,-0.292
0,1,0.0,0.087,-0.16,-1.181,0.632,-1,1,0.936,0.251,-0.908,-0.62723,-1,-0.772,-0.722,1.116,-0.02753,0.59152,-0.42113,-0.42113,-0.924,-1,-0.678,-0.46801,-1,0.299,0.841,-1.197,-1.036,-0.389,-0.589,-0.503,-1.195,0.61458
1,1,0,1.023,-0.017,0.622,-0.047,0.84,-0.06682,0.84,-0.073,1,0.56173,1.166,-0.12738,1.036,-0.12,1.24,0.259,1,-0.114,0.99484,-0.24,0.723,-0.20081,1,-1.097,0.896,-0.236,0.82920,-0.167,0.78479,-0.18,0.699,-0.22981
0,0,0,-1.186,1,1.444,-0.77,-1,1.414,0,0.0,0.809,1,-0.971,-0.155,1,0.964,-1,-0.687,1,-0.783,-0.673,-1,0.87,1,1.36,-1,1.078,0.892,0.736,1.272,0.0,0.0,-1,-1.399
1,1,0.0,1.154,0.037,1.14,0.07418,0.683,0.115,1.273,-0.013,0.893,0.07033,0.568,0.14644,0.94862,0.144,0.906,0.20119,0.833,0.16265,0.644,0.169,1.352,0.16410,1.347,0.113,0.517,0.23571,0.88568,0.274,1.141,0.29576,0.83574,0.31166
0,1.044,0.0,0.17188,-0.994,-1,0.919,0.0,0,0,0.0,-1,1,0,0.0,-0.358,-0.637,0.80521,0.19,0.51979,0.191,0.0,0.0,-0.968,-0.334,-0.836,0.937,1.234,1,-0.967,0.732,0,0,0.0,0
1,0.887,0.0,1,0.08,1,0.103,1.148,0.22574,1.178,0.09237,0.564,0.232,0.73,0.24288,0.637,0.171,0.718,0.26721,0.674,0.254,0.71,0.31698,0.74829,0.39597,0.584,0.372,0.808,0.42746,0.658,0.56,0.799,0.47033,0.54252,0.50903
0,1,0.0,0.019,-0.35625,0,0.0,0,0.0,0.0,0,0,0,0.0,0.0,0.12292,-0.705,0.22813,1.203,0.851,-0.42292,0.0,0.0,0.046,-1,-0.125,-0.196,0.812,-1.036,-0.944,0.204,0,0.0,1.16,-0.27292
1,1,0.0,0.775,0.16801,0.99352,0.16334,0.551,0.33347,0.91759,0.22610,1.083,0.37107,0.842,0.599,1.21,0.28,1.047,0.432,0.364,0.53,0.315,0.597,0.286,0.873,0.441,0.681,0.43317,0.69129,0.21,0.76147,0.465,0.66844,0.2,0.78685
0,1,0,0.862,1,0.20833,-1.469,0.793,1.022,0.757,0.391,-0.66886,1,-0.068,0.753,0.01754,0.05044,-0.27,-1,0.14254,-0.03,0.422,-0.43860,-1.374,1,0.886,-1.086,1,-0.06,1.204,0.653,0.233,-0.55,0.942,1.162
1,1,0.0,1,-0.41457,1,0.744,0.87,0.273,1.063,-0.053,1.065,0.49,0.548,-0.186,1,0.008,0.97613,-0.275,0.80025,-0.24497,0.604,-0.19095,1,-0.162,0.93593,0.124,0.92890,-0.048,1.357,-0.342,0.578,0.107,0.3,-0.05402
0,1,0.0,1.185,0.056,1,0.39130,1.06,-1.221,0.66938,0.063,1,0.151,1,0.479,1,0.506,1.085,0.024,0.791,-0.531,0.93,0.63496,0.574,0.223,0.742,-0.396,1.174,0.15942,0.37681,-0.01947,1,0.177,0.696,0.37409
1,0.624,0.0,1,0.317,1.096,0.017,1,0.065,1.124,0.04317,1.13,0.33266,1,0.079,1.028,0.052,0.95750,-0.24598,0.84371,-0.08668,1.279,0.046,0.944,0.199,1,-0.39056,1.262,-0.02174,1.15,0.23360,0.741,-0.189,0.944,-0.055
0,0,0.0,0.564,-1.481,1.288,-1,1,-1,1.1,-1.262,0.552,1.322,1.233,1.03,1,-1.475,1.248,1,0.849,1,1.463,0.763,1,-0.739,1.057,-0.921,0.709,-0.968,1,0.65625,0,0.0,1,-1
1,0.725,0.0,1,0.67784,0.81309,0.82021,0.425,1.215,0.253,0.80541,-0.474,1.362,-1.077,0.77092,-1.24,0.306,-0.39046,-0.517,-0.97907,-0.467,-1.009,-0.76339,-0.468,-0.97491,0.41366,-0.963,0.294,-1.345,0.165,-0.999,1.24,-0.387,0.98816,0.03446
0,1,0.0,1,1.487,1,-1,1,-1,0.84,0.852,0.847,1.163,1,1,0.649,-0.94,0.784,0.537,1,0.525,0.571,0.502,1.35,0.702,0.544,1.345,1,0.5,0,0.0,0.872,-0.719,1,-1
1,1,0,1,0.03529,1,0.167,1.201,0.26968,1,0.262,0.844,0.425,1,0.432,0.749,0.283,0.722,0.65701,0.795,0.774,0.692,0.358,1,0.59457,0.757,0.834,1.1,0.71374,0.85611,0.441,0.427,1.27,0.494,1.114
0,0,0.0,0.965,-1.306,1.306,0.959,-1,-1,0.794,-1,0,0,0.0,0.0,-0.662,1,1.155,-1,0.551,-1.161,-0.75000,1.411,1.025,-0.851,1,-1,0.738,-0.954,-0.877,-1.158,0.0,0.0,1,-1
1,1,0.0,0.826,0.059,0.579,0.19279,0.96026,0.245,1.424,0.35052,0.979,0.565,0.992,0.739,0.82820,0.769,0.73242,0.69065,0.69003,0.929,0.54473,0.939,0.469,0.627,0.41,0.447,0.44,1.101,0.301,0.86061,0.13756,0.86835,0.096,0.86285
0,1.364,0,0.69444,0.38889,0.0,0,-0.32937,0.787,0.0,0,0.0,0.0,0.0,0.0,0.272,-0.348,0.241,0.195,0.306,0.78175,0,0.0,0.0,0.0,0.449,0.27381,0.76190,0.602,0.0,0,0,0.0,0.0,0
1,1,0.0,1,0.05070,1.215,0.10827,1,0.28,1.276,0.2,1.252,0.34826,1,0.231,0.94575,0.42881,0.89126,0.512,0.481,0.499,0.5,0.829,0.79578,0.62758,0.95,0.684,0.878,0.789,0.423,0.643,0.565,0.83,0.36,0.75243
0,0.0,0.0,1,0.712,0.0,0,1,-0.537,1.024,-1.067,1,0.766,1,0.916,1.201,-1,1,1,1,1,1.017,-0.581,-1.443,-1.329,1,-1.458,1,-1.106,1.067,0.503,0.0,0.0,1,-0.799
1,1.35,0,1,0.036,0.704,0.071,1,0.205,1.408,0.27921,1.433,0.30889,0.92745,0.361,1.31,0.39749,0.81939,0.243,0.78619,0.456,0.79400,0.789,0.70331,0.558,0.787,0.574,0.58903,0.426,0.307,0.60932,0.67,0.49,0.305,0.866
0,0,0.0,0.94,1,1,-0.792,1,0.642,0.826,1,0.942,1.168,1.114,0.863,1.254,1.394,0.8,-1.136,-1,1.452,-1.2,1,-1,1.346,1,-0.601,1,1,-1,0.995,-1.383,-0.605,-1.406,1
1,1,0.0,1.377,0.24168,1.266,0.338,0.579,0.375,0.578,1.462,1,0.95,1,1,1.436,0.77128,1.428,1.069,1,1.094,0.958,1.462,1.262,1,0.523,1,0.495,1,0.132,1,-0.17370,1,-0.471,1.469
0,0,0.0,0.731,0.523,1,-1,1.004,0.57,-1.417,1,0.0,0.0,1,1,0.0,0.0,0.0,0.0,-0.663,1,-0.552,1.105,1.125,0.762,1,-1.489,1,1,0.968,1.268,1.175,-1,-1,1
1,1,0.0,1,-0.06604,1,0.802,0.817,0.086,0.709,0.28,0.807,-1,1,-0.345,1,-0.171,0.58,0.028,1,-0.61538,0.88,-0.26573,0.544,-0.996,0.68,-0.58042,0.578,-0.979,1,-0.774,0.764,-0.486,0.83,-0.48252
0,0,0.0,0.831,-1.179,1,1.101,0.763,0.51,1.258,1,0.641,1.198,1,-1,0.635,-1.275,0.695,1.328,1,-1.258,0.687,0.552,1.123,1.319,1,-1,1,1,1.13,-1,1,1.341,1,-1.056
1,0.752,0.0,0.504,0.106,0.92679,0.174,0.89702,0.149,0.477,0.258,0.78801,0.391,0.70716,0.46983,1.038,0.56476,0.60459,0.64200,0.758,0.414,0.39903,0.56,0.344,0.95,0.313,1.022,0.18765,0.781,0.076,0.71038,0.014,0.77072,-0.032,0.69509
0,1,0.0,0.68198,-0.153,0.82332,0.21908,0.46643,0.193,0.222,0.373,1,-0.15194,0.014,0.44523,0.01060,0.38869,0.137,0.536,0.053,0.459,0.04325,0.418,-0.001,0.146,-0.016,0.233,-0.051,0.133,-0.04779,0.10349,-0.058,0.104,-0.056,0.027
1,1,0,1.016,-0.02811,0.65680,-0.062,0.965,0.026,0.602,0.032,0.684,0.068,0.473,0.098,0.73077,0.05178,0.985,-0.27811,0.379,-0.01479,0.78,0.06953,0.24,-0.18639,0.736,0.033,0.752,-0.035,0.53550,-0.159,0.59024,-0.14053,0.761,0.02
0,1,0.0,0.527,-0.084,1.006,0.044,0.537,1,0.38,0.15299,0.54478,0.13060,0.61567,-0.558,0.57836,0.558,0.66791,-0.075,0.505,-0.11567,0.754,0.153,0.787,0.542,0.634,0.147,0.49309,0.139,0.21,-0.016,0.566,0.13521,0.34411,0.12755
1,0.575,0.0,0.67547,0.059,0.76981,-0.08,0.491,0.04,0.66038,-0.04528,0.64528,0.011,0.563,-0.114,0.517,-0.032,1.125,0.124,0.61887,-0.099,0.75849,-0.23774,0.637,-0.105,0.84906,-0.214,0.73886,-0.034,0.66792,0.016,0.86415,0.03774,0.854,0.005
0,1,0,0.915,-0.046,0.961,0.033,0.945,0.72727,0.66364,-0.085,0.48182,-0.152,0.707,0.051,0.826,0.634,0.50455,0.139,0.941,0.082,1.341,-0.30000,1.464,-1,0.57273,0.407,0.56982,0.187,0.216,0.045,0.698,0.14643,1,1
1,1.159,0,0.57647,-0.01569,0.326,0.0,0.38431,0.12941,0.449,-0.072,0.56471,0.086,0.6,0.057,0.455,-0.048,0.64,0.011,0.438,0,0.45882,0.038,0.559,0.105,0.469,0.00392,0.573,0.10039,0.46275,0.089,0.668,0.124,0.43137,0.17255
0,1,0.0,0.418,0.154,0.275,0.112,0.23182,0.27955,-0.04,0.38,0.04517,0.319,-0.228,0.33636,-0.105,0.221,0.02727,0.40455,-0.486,0.12727,-0.113,0.029,-0.18636,0.523,-0.094,-0.033,-0.051,-0.08,-0.797,-0.944,-0.02916,-0.07464,-0.00526,-0.06314
1,0.822,0.0,0.483,-0.178,1.366,0.283,0.82403,0.103,0.85086,0.05901,0.90558,-0.04292,0.85193,0.215,0.602,0.25322,0.69206,0.529,0.834,0.254,0.898,0.34,1.41,0.34871,0.559,0.52039,0.501,0.564,1.056,0.51,0.474,0.70923,0.52361,0.54185
0,1,0,0.84557,-0.08580,-0.31745,-1.197,-0.099,-0.408,1.057,0.034,0.89514,-0.00763,-0.148,0.514,-0.262,-0.406,0.593,-0.11344,0.586,-0.15729,-0.049,0.50810,-0.399,0.619,0.669,-0.03718,0.70882,-0.37,0.835,-0.202,-0.207,-0.545,-0.103,-0.59867
1,0.848,0.0,0.722,-0.308,0.856,0.04348,0.45217,0.38261,0.415,0.258,0.534,0.398,0.423,-0.28,0.50435,0.37826,0.38696,-0.42609,0.214,-0.26087,0.154,0.103,0.53246,-0.055,0.31304,-0.076,0.395,-0.047,0.403,-0.051,0.751,-0.25217,0.50435,0.14783
0,1,0.0,-0.54180,0.183,-0.197,1.014,0.315,-0.07,0.31889,-0.078,0.203,-0.15170,0.522,0.133,0.369,-0.15480,0.16409,0.266,0.413,0.023,0.258,0.042,-0.63777,-0.61610,1.064,0.65635,0.41348,-0.425,-0.165,0.11146,0.029,0.812,0.52632,-0.08978
1,1.485,0.0,0.29202,0.135,0.609,0.16808,0.397,-0.006,0.635,0.20883,0.561,-0.16638,0.47368,-0.04754,0.55518,0.041,0.718,-0.182,0.42445,-0.049,0.34975,0.092,0.28183,-0.181,0.653,-0.03176,0.592,-0.03,0.298,0.09847,0.936,-0.016,0.586,-0.03226
0,1,0.0,0.79157,0.16851,0.0,0.0,0.532,0.035,0.555,1.42,0.38359,0.99557,-0.02439,0.486,0.224,0.079,-0.014,0.906,-0.50998,1.067,-0.073,0.374,-0.493,0.23725,-0.91574,1.141,-0.34146,1.195,-0.914,0.69401,-0.957,0.066,0,0
1,1,0.0,1.015,0.196,0.79299,0.206,0.72990,0.50515,0.406,0.72997,0.323,1.191,0.324,1.232,0.077,1.141,-0.122,0.87396,-0.393,0.79617,-0.384,0.65924,-0.57135,0.503,-0.621,0.259,-1.054,0.25835,-0.44,0.11218,-0.71475,-0.05525,-0.903,-0.204
1,1,0,0.97714,0.279,0.693,0.507,0.386,0.841,0.622,0.84278,0.41,0.92643,0.15,1.025,-0.188,0.688,-0.163,1.165,-0.52145,1.164,-0.68274,0.249,-0.77408,0.339,-0.476,0.17849,-0.83314,-0.015,-0.762,-0.19321,-0.67289,-0.33662,-0.61,-0.526
0,1,0.0,-0.854,-0.931,0.0,0.0,0.50814,-1.005,0.761,0.352,-1.267,-0.24,0,0.0,0,0,1,-0.352,0.36482,-0.63518,1.124,-1,-0.569,-1.05,0.853,-0.59609,-0.884,-1.297,-1,-1,1,-0.619,0.0,0.0
1,1,0.0,0.74084,0.06,0.79074,0.034,1.092,0.023,0.797,0.114,0.67801,0.375,0.75934,0.102,0.911,0.093,0.976,-0.07853,0.699,0.0,0.70021,0.15,0.574,0.081,0.943,0.15445,0.82,0.13608,0.64,0.17539,0.59759,0.085,0.57455,0.15114
0,1,0.0,1.493,-1.343,0.0,0.0,0.77941,-1.276,0.439,0.55147,-0.532,-0.94853,0.0,0.0,0,0.0,0.72059,-0.77206,0.908,-0.328,0,0,0.265,-0.636,-0.6,-1.02,-1.268,-1.343,0.745,-1.442,1,-1,0,0
1,0.816,0,0.685,0.01709,1.056,-0.047,1,-0.02,0.863,-0.05071,0.765,-0.051,0.683,-0.078,1,-0.175,1.484,-0.097,0.604,-0.098,0.629,-0.18519,1.397,-0.19272,0.98971,-0.22083,0.96490,-0.20243,0.94599,-0.17123,0.862,-0.122,0.746,-0.199
0,0.0,0.0,0.0,0,0.0,0.0,0.0,0.0,0,0.0,0,0.0,0,0.0,0,0,0.0,0.0,0.0,0.0,0,0.0,0.0,0.0,0,0.0,1,-1.389,0.0,0,0,0.0,0,0
1,1,0.0,0.57,-0.082,0.925,-0.126,0.627,-0.136,0.635,0.08460,0.92003,-0.01124,0.994,-0.316,1,-0.202,0.99273,-0.29,0.98678,-0.28,1.276,-0.27165,0.93126,-0.202,1.479,-0.19233,0.88793,-0.31565,0.621,-0.166,0.807,-0.31857,0.421,-0.581
0,1,0.0,0.28409,-0.257,0,0,0.68182,-1.192,0.267,0.726,0.492,0.087,0.34848,-1.183,0.0,0,0.56,-0.246,0.638,-0.669,0,0,0.0,0,0.149,0.203,1.219,-0.265,0.035,-0.618,0.16288,-0.618,0,0
1,1,0.0,1.237,-0.524,1,-0.03692,0.98898,-1.077,0.729,0.81,0.977,-0.093,1,-0.081,1,-0.194,0.547,-0.209,1,-0.103,0.566,-0.246,1.052,-0.353,1.43,-0.29852,0.651,-0.33304,1,-0.479,1.459,-0.40740,1,-0.44739
0,1.221,0.0,0,0.0,0,0,0,0.0,0.0,0,0.812,1.055,0.0,0.0,0.0,0,0.401,-0.493,0.56098,-0.951,0.0,0,0.0,0.0,0.0,0,1.163,0.16,0.0,0,0.0,0,0,0
1,1,0.0,0.59,0.004,0.507,-0.102,0.742,-0.16431,1.378,-0.06257,0.914,-0.07496,0.85221,0.042,1.085,-0.11,0.638,-0.083,0.98298,-0.127,1.184,0.00075,0.915,-0.058,0.93368,-0.281,0.87579,-0.17806,1.182,-0.16581,1.049,-0.252,0.76586,-0.27794
0,1,0.0,0.133,0.154,0,0,0.0,0,0.54730,0.968,0.229,1,0.0,0,0.0,0.0,0.37162,-0.981,0.494,-0.844,0.0,0,0.0,0.0,-0.249,-0.696,1,-1,0.55405,-0.167,0.0,0.0,0.0,0
1,0.783,0,1,-0.532,0.99150,-0.723,0.89518,-0.97450,0.94,-0.244,1,-0.29,0.62890,-1.217,0.843,-0.57535,1,-0.502,0.416,-0.711,0.917,-1.483,0.511,-0.74896,0.546,-0.715,0.705,-0.919,0.81020,-0.7,1,-1.081,0.233,-0.76112
0,1.181,0.0,0.589,-0.62879,0.0,0.0,0.0,0,0.965,1,0.578,-0.236,0.0,0.0,0,0.0,0.773,-0.288,0.444,-1,1.268,-1,0.0,0,0,0,1.395,-0.93939,-0.12879,-0.932,0,0.0,0.0,0
1,1,0.0,1.081,0.19310,0.80920,0.41149,0.744,0.55785,0.734,0.69962,0.539,0.81533,0.19617,0.811,-0.04061,0.631,-0.218,0.681,-0.502,0.504,-0.499,0.369,-0.594,0.349,-0.657,0.385,-0.63038,0.08818,-0.495,-0.07816,-0.481,-0.266,-0.42912,-0.468
0,0.748,0,0.242,-0.61000,0.0,0.0,1.192,-0.96,0.90000,0.773,0.596,0.64000,0,0.0,0,0.0,0.827,-0.29000,0.698,-1.267,0.0,0,0,0.0,0.312,0.68000,1.16,0.22000,0.0,0.0,0.0,0.0,0,0
1,0.895,0.0,0.629,0.293,0.91404,0.52013,0.78020,0.509,0.273,1.212,0.391,1.157,0.09467,0.88248,-0.237,1.191,-0.239,0.971,-0.482,0.64527,-0.329,0.605,-0.987,0.29162,-0.70838,0.036,-0.735,-0.11943,-0.64962,-0.28183,-0.329,-0.44505,-0.238,-0.53319
0,1,0,0.85,1.023,-0.774,1,-0.39466,0.627,0.073,0.29730,-0.176,-0.10241,-0.037,-0.08970,0.009,-0.024,0.007,-0.00537,0.003,0.001,0.00048,0.00075,-0.00003,0.0,-0.0,0.00002,-0.0,0.0,0.0,0.0,0.0,0,0.0,0.0
1,0.67,0,0.139,-0.09524,0.397,0.052,0.273,0.273,0.23810,0.09524,0.331,0.02381,0.30952,-0.049,0.356,-0.032,0.28571,-0.11905,0.196,0.048,0.278,0.0,0.176,-0.077,0.35714,-0.04762,0.22109,-0.025,0.276,0.0,0.104,-0.027,0.14694,-0.01877
0,0.905,0,0.634,-0.107,1,0.035,0.57377,-0.015,0.65574,0.021,0.734,-0.027,0.72131,0,0.436,-0.158,0.229,-0.139,0.552,-0.17176,0.67213,0.025,1,-0.17,0.223,-0.34426,0.483,-0.288,0.479,-0.03279,0.347,-0.418,0.49180,-0.06557
1,1,0.0,1.057,0.0,0.88627,0.045,0.86249,0.057,0.80000,0,0.367,0.04545,0.79343,0.121,0.985,0.051,0.542,0.25455,0.914,0.12727,0.70674,0.183,0.882,0.13493,1.107,0.22727,0.394,0.213,0.846,0.029,0.60715,0.159,0.326,0.109
0,1,0,0.39286,0.52381,-0.449,0.098,-0.16628,-0.886,0.66667,0.014,1.046,0.381,-0.67230,0.455,-0.328,-0.514,0.512,0.15476,0.386,0.067,-0.452,0.549,-0.476,-0.47594,0.32143,0.788,0.574,0.22,0.496,0.39286,-0.54891,-0.29915,0.3,-0.387
1,1,0,0.86889,-0.07111,0.822,-0.02494,1,-0.046,1.05,0.00222,0.75,-0.093,1.296,-0.086,0.809,-0.22,0.86889,0.027,0.701,-0.025,1,-0.091,0.856,-0.18667,0.462,0.028,1,-0.198,1.013,-0.181,1,-0.108,0.881,-0.44222
0,1.06,0,0.615,-0.149,0.58182,-0.078,0.131,-0.615,0.34545,-0.036,0.29091,-0.075,0.225,0.29091,0.312,-0.546,0.20000,-0.014,0.36364,0.081,0.12727,0.49091,0.81,0.16364,0.32727,0.143,0.41098,-0.103,0.34545,-0.067,0.137,-0.273,0.235,-0.234
1,1,0.0,1,-0.92453,1.277,0.75472,0.49057,-0.081,0.528,0.0,1,-0.00054,0.327,0.07547,0.396,-0.05660,0.757,-0.001,0.582,0.0,0.52830,0.099,0.924,-0.00112,0.791,0.847,0.511,-0.00128,0.658,-1.33,1,0.645,0.259,-0.083
0,1.225,0,1.065,0.83333,-0.385,-0.259,0.33333,-0.14286,0.282,-0.119,-0.588,0.109,0.202,0.0,0.333,-0.082,-0.38214,0.335,0.289,0.035,0.45238,0.049,0.16667,-0.26190,-0.71,-0.058,0.24889,-0.51079,1.413,0,-0.66667,-0.04762,0.289,0.014
1,1,0.0,0.5,0.04167,0.621,-0.10417,0.42,0,0.17,-0.055,0.47917,0.0,0.357,0.151,0.54167,0.026,0.43750,-0.283,0.209,-0.12,0.33333,0.08333,0.25000,0.128,0.57,-0.278,0.608,-0.149,0.41667,-0.081,0.58333,-0.311,0.199,-0.06250
0,0.612,0.0,1.407,0.879,0,0.0,0,0.0,0,0,0.431,-0.89098,-0.51504,0.635,-0.95489,0.28571,0.78,0.867,0,0.0,0.0,0.0,0.62030,0.20301,-1.322,-0.767,0.859,-1,1.414,1,0.0,0.0,0.0,0.0
1,1,0.0,0.95217,0.076,0.93614,0.119,0.867,0.19152,1.15,-0.49962,0.648,0.61320,0.408,0.223,0.682,0.37988,0.638,0.209,0.649,0.765,0.51,0.303,0.46773,0.501,0.476,0.44199,0.175,0.43221,1.271,1.333,0.294,0.39620,0.18632,0.37191
0,1.367,0,0.59840,0.223,0.82809,1.182,0.76001,0.70709,1.004,-0.156,0.97311,0.082,0.95824,-0.85727,0.91962,0.806,0.514,-0.049,0.821,0.132,0.954,-0.933,0.713,-0.522,0.419,-0.30063,0.936,0.174,0.62958,0.626,1.166,0.819,0.81979,0.68822
1,0.51,0,0.95882,0.085,1.296,-0.025,0.98313,0.037,0.96974,-0.136,1.08,-0.029,0.97980,-0.03096,0.619,-0.048,1.05,-0.066,0.93840,0.01557,0.544,-0.079,1.086,-0.058,1.15,-0.229,0.95677,-0.06995,0.90978,0.007,1.069,-0.10797,0.76,-0.06888
0,1,0,0.0,0,-0.407,0.719,0.0,0,0.68869,-1,0.496,0.292,-0.148,-0.424,-0.30241,0.789,0.803,0.197,0,0.0,0.0,0,-0.234,-1.099,0.0,0,1,-1.158,0,0.0,0.04447,0.791,0.0,0.0
1,1,0.0,0.96933,0.012,1,0.012,1.305,-0.009,0.97868,-0.02844,0.99820,-0.036,1,-0.008,0.544,-0.017,1.268,-0.017,0.98485,0.0,1.333,-0.032,1,-0.027,0.886,-0.04527,1.332,-0.03473,0.97020,-0.02478,1.102,-0.058,1.2,-0.036
0,0.6,0.0,0,0.0,0.98919,-0.283,0.24,-0.078,0.0,0,0.93243,0.07297,1.343,-0.20000,1,0.051,0.964,-0.062,0.0,0.0,1,-0.215,1.442,-0.41622,0.0,0.0,1,-0.17568,0.0,0.0,1.444,-0.25946,0.28919,-0.121
1,1,0,0.952,0.009,0.477,-0.02439,0.52751,0.039,0.235,0.131,0.43313,0.026,0.315,0.042,0.29268,0.0,0.315,0,0.283,0.06,0.185,0.12195,0.174,0.05813,0.15,0.066,0.193,0.05641,0.17410,0.031,0.19512,0.0,0.17073,0.045
0,1,0.0,1.276,1.33,1,-0.514,0,0.0,0.0,0,1.444,0.536,1,-1.389,0.824,1,0.663,-1.365,0,0.0,0,0,1.062,-0.402,0.0,0.0,1.336,-1,1,1.207,0.824,-1,0.0,0
1,1,0,0.34694,0.124,0.379,0.342,0.209,0.20408,0.685,0.44898,0.30612,0.704,0.108,0.499,0.0,0.51020,-0.068,0.55102,-0.193,0.411,-0.28571,0.44898,-0.186,0.32653,-0.349,0.171,-0.46579,0.101,-0.415,0.12,-0.513,0.0,-0.26531,-0.244
0,1.275,0.0,0,0.0,0.83,-1,0.0,0.0,0,0,0.809,1.219,0.962,-0.344,1.237,0.23288,0.919,-1,0.0,0.0,0.0,0.0,1,0.764,0,0,1,-1,0.0,0.0,1,-0.758,0.0,0
1,1,0.0,0.89706,0.387,1.103,0.37500,0.725,0.885,0.258,0.77941,0.19118,0.579,-0.02206,0.58,-0.216,1.137,-0.205,0.34,-0.5,0.556,-0.73529,0.38235,-1.111,0.117,-0.74265,-0.12500,-0.465,-0.24131,-0.356,-0.221,-0.464,-0.539,-0.418,-0.56618
0,1,0.0,-0.868,0.28105,0.22222,0.196,-0.75693,-0.749,-0.30719,0.888,-0.987,1.244,-0.774,0.33987,-0.469,-0.034,-0.98039,-0.633,-0.60131,-0.456,-0.029,-1.014,0.884,-1.031,-1.484,-0.41,0.74385,0.09176,-0.967,0.05229,0.096,0.038,-0.40201,-0.48241
1,1.042,0.0,0.26667,-0.125,0.522,0.0,0.33333,-0.13333,0.36667,0.16,0.802,0.01667,0.432,0.075,0.70000,-0.083,0.312,0.20000,0.593,-0.012,0.31667,0.29,0.368,0.0,0.159,0.091,0.653,0.05439,0.40000,0.03333,0.322,0.03333,0.579,-0.05000
0,1,0.0,-0.213,0.40000,-0.27303,0.143,-0.17778,-0.04444,0.058,-0.048,0.04461,0.019,-0.00885,0.023,-0.021,-0.002,-0.001,-0.00883,0.00470,-0.00153,0.001,0.002,-0.001,0.00102,-0.00069,-0.001,0.0,-0.0,0.0,0.0,0.0,0.0,-0.0,0.00002
1,1,0.0,0.541,-0.473,0.454,0.29730,0.603,-0.319,0.852,0.223,0.751,-0.27027,0.51351,0.0,0.788,-0.079,0.254,-0.21622,0.71833,-0.17666,0.62162,0.046,0.41,0.119,0.35135,-0.29730,0.61031,-0.22163,0.58478,-0.23,0.532,-0.643,0.607,-0.361
0,1,0.0,0.94531,-0.02,-1.248,-0.195,-1,-0.021,0.97266,0.017,0.93359,-0.01953,-0.526,0.12,-1.102,-0.003,1.186,-0.03516,0.824,-0.02734,-0.969,0.149,-0.93359,0.34766,0.506,-0.005,0.82041,0.153,1.13,-0.056,-1,-0.155,-0.658,-0.34375
1,0.947,0,0.95202,0.017,1.381,-0.008,0.795,0.01214,0.96705,-0.022,0.96936,0.004,0.944,-0.024,1.205,-0.00405,0.99480,-0.02,0.896,0.019,0.93584,-0.04971,0.93815,-0.02370,1.075,-0.04451,0.832,-0.017,0.855,0.029,1.285,-0.03410,1.112,0.012
0,0.748,0.0,1,-0.077,1,-1.184,0.321,-0.11111,0.36111,-0.22222,1.286,-0.25712,0.169,-0.11111,1,-0.298,0.575,-0.308,1.192,-0.42862,0.0,-0.25000,1.49,-0.317,1,-0.142,1.488,-0.548,0.815,-0.173,1.234,-0.63156,1.267,-0.65935
1,1.439,0,0.374,-0.10345,0.24138,-0.10345,0.20690,-0.046,0.07,-0.068,0.03649,-0.03689,0.01707,-0.032,0.00741,-0.01,0.004,-0.009,0.001,-0.007,-0.00003,-0.004,-0.00028,-0.00166,-0.0,-0.001,-0.0,-0.0,-0.0,-0.0,-0.0,-0.0,-0.00008,-0.0
0,1,0.0,0.62745,-0.061,0.502,0.0,0.60784,-0.07843,0.62745,-0.141,0.68627,-0.11765,0.688,-0.185,0.87,-0.091,0.568,-0.11765,0.396,-0.116,0.58824,-0.212,0.9,-0.23529,0.426,-0.3,0.346,-0.221,0.56863,-0.165,0.43137,-0.205,0.47059,-0.291
1,1,0,0.205,0.108,0.46667,0.173,0.19036,0.35,0.079,0.143,0.01070,0.178,-0.029,0.135,-0.053,0.06317,-0.04,0.03458,-0.019,0.013,-0.02474,0.00357,-0.025,-0.00273,-0.008,-0.006,-0.00621,-0.004,-0.003,-0.00520,-0.001,-0.006,0.0,-0.00291
0,0.842,0.0,-0.565,0.195,0.059,0,0,0.045,0.892,0.06250,0.18750,0.0,-0.03125,0.121,0.088,0,0.128,-0.099,0.224,-0.528,0,-0.088,0,0.0,0.03125,-0.46875,0.03125,0.0,-0.622,0.03125,-0.03,0.0,0.0,0.09375
1,1,0.0,0.873,-0.01,1,-0.02703,0.529,-0.087,1.103,-0.01622,0.98919,-0.026,1.438,0.048,1.273,-0.06486,0.605,0.049,0.85,-0.00541,1.485,0.037,1,0.04324,0.942,0.099,0.98556,0.016,0.61,-0.042,1,0.034,1,-0.07027
0,1,0,0.851,0.031,1,0.119,1.126,1,1.186,-0.007,1.169,0.043,1.196,0.22,1,1,0.81395,0.026,0.712,0.135,1.18,0.352,1,-1.122,0.80620,0.03876,1,1.03,0.84496,0.049,1.222,0.962,1,0.866
1,0.669,0.0,0.796,-0.01604,1.366,0.065,0.507,0.019,0.93048,0.004,1.031,-0.01604,1,0,1,0.06417,0.718,0.033,1.126,0.04278,0.772,0.012,1.223,-0.01604,0.626,0.048,0.83,0.035,0.87701,0.01070,1,0.09091,0.841,0.05
0,0.914,0.0,-0.122,0.159,0.23000,0.10000,0.28250,0.31750,0.32250,0.43,0.36285,-0.34617,0.102,0.388,-0.09500,0.158,-0.061,0.252,-0.183,0.459,-0.371,-0.08000,0.392,0.244,-0.757,-0.254,0.376,-0.28475,-0.47000,0.242,-0.236,-0.307,0.40445,0.03050
1,1,0.0,0.60000,0.03333,0.501,0.065,0.485,0.06667,0.803,0,0.694,0.0,0.80000,0.0,0.536,0.0,0.748,0.133,0.991,0.062,0.73333,-0.03333,0.587,0,0.537,0.13333,0.945,0.065,0.745,0.13333,0.766,0.116,0.63333,0.16667
0,1,0,0.072,-0.009,0.04,0.01,0,-0.012,0.00559,-0.03911,0.01,-0.07542,-0.003,0.075,0.042,-0.05,0,0.083,-0.038,0.109,-0.024,0.021,0.034,-0.00559,0.00838,0.003,0.105,-0.00838,0.03073,-0.00279,0.064,0.0,0.027,-0.03352
1,1,0.0,0.94653,0.234,0.379,0.67248,0.47564,0.874,0.01267,1.296,-0.216,1.252,-0.588,0.334,-0.75881,0.583,-0.987,0.1,-0.967,-0.19525,-0.359,-0.44000,-0.353,-0.55089,-0.04119,-0.689,0.142,-0.551,0.36752,-0.529,0.493,-0.225,0.50376,-0.05980
0,1,0,0.051,0.01437,-0.02586,0.065,0.01,0.058,-0.07759,0.007,0.01724,-0.051,-0.03736,0.045,-0.073,-0.042,-0.114,0.08046,-0.04023,0.066,0.027,0.02299,-0.036,-0.011,0.045,-0.01,0.005,0.023,0.02586,0.013,0.02586,0.01149,-0.023,-0.008
1,1,0.0,0.4,-0.01084,0.729,0.01084,0.409,0.001,0.762,0.01084,0.716,-0.009,0.965,0.03251,0.85123,0.019,0.763,-0.005,0.79113,-0.015,1.009,0.031,0.74778,0.05517,0.72611,-0.01478,0.568,0.009,0.74089,-0.067,0.82956,0.028,1.08,0.009
0,1,0.0,0.05,0.02568,0.00428,0.0,0.01,-0.02,0.02,-0.04993,-0.045,-0.01284,0.01427,-0.032,0,-0.027,-0.04708,-0.042,-0.017,0.048,0.022,0.00428,0.065,-0.027,0.075,0.01854,0.059,0.01569,0.012,0.006,-0.037,-0.027,-0.01427,0.01997
1,1.474,0.0,0.47090,0.204,0.361,0.33598,0.25661,0.528,0.01852,0.276,-0.023,0.589,-0.291,0.181,-0.41270,0.32540,-0.542,0.06878,-0.602,-0.099,-0.157,-0.14550,-0.076,-0.558,-0.195,0.003,0.045,-0.196,0.207,-0.21693,0.24868,-0.24339,0.26720,0.04233
0,1,0.0,0.077,0.004,0.13,-0.053,0.102,-0.08238,0.12586,-0.087,0.296,-0.013,0.12357,0.103,0.085,-0.173,0.29062,-0.042,0.16,0.07323,0.066,0,0.156,-0.003,0.15103,-0.10297,0.08467,0.015,0.143,-0.06636,0.117,-0.088,0.11670,-0.06865
1,0.636,0.0,0.94333,0.514,0.668,0.64534,0.29,0.77514,-0.571,0.43,-0.73675,0.42048,-0.78,0,-0.62706,-0.287,-0.573,-0.822,-0.12797,-0.69287,0.601,-0.878,0.433,-0.465,0.443,-0.05484,0.662,0.30384,0.247,0.873,0.02742,0.296,-0.21572,0.729
0,0.745,0.0,0.013,0.01,0.035,-0.00846,0.018,0.008,0.006,0.04372,0.002,0.00141,0.017,-0.042,-0.01975,0.075,-0.04090,0.02680,-0.02398,-0.004,0.056,-0.02539,0.016,0,0.0,-0.011,0.026,-0.01128,0.00564,-0.01551,-0.011,-0.03,0.006,0
1,0.685,0.0,1.198,0.00075,0.882,-0.05676,0.77521,-0.062,0.84317,0.09037,0.704,0.16,1.223,-0.05,0.78342,0.037,0.83719,-0.076,0.453,-0.171,0.879,0.01195,0.90515,0.02,1.144,-0.01942,0.662,-0.027,0.88125,-0.04,0.73936,-0.013,0.652,-0.09186
0,0.763,0.0,1,-1.004,1,1.249,-1,1,0.627,-0.644,0.894,-0.663,-1.276,-0.655,-0.824,0.678,1.33,0.701,1.365,1,-1.444,1,1,-0.514,1,-1,0.651,1.207,1,1,-1.278,1.19,-1,1
1,0.683,0,0.85209,0.556,0.343,0.665,0.08858,0.599,-0.473,0.88744,-0.722,0.49980,-0.93092,0.137,-0.44,-0.31044,-0.658,-0.55262,-0.175,-0.491,0.169,-0.649,0.64649,-0.492,0.58,-0.177,0.71698,0.316,0.37830,0.357,0.19667,0.638,-0.164,0.64933
0,1,0,1.237,1,1.168,0.671,0.506,-1,1,1.21,0.02500,0.03125,1.183,1.43,0.0,0.0,1.356,-1.143,0.83,0.764,0.919,1.192,0.31250,1.394,0.977,1,1,1.296,0.634,1,-0.94375,1.459,0.0,0
1,1,0.0,0.646,0.54902,0.635,0.967,0.01961,1,-0.336,1.272,-1.093,0.58824,-1.244,0.079,-1.425,-0.33333,-0.64706,-1.002,-0.153,-0.489,0.183,-1,0.962,-0.72549,0.97,-0.315,1.158,0.138,0.365,0.661,0.23529,0.90196,-0.11765,0.90196
0,0.525,0,0.0,0.0,-1,-1,-1,0.841,0,0.0,-1,1.307,1,1.444,1,-1.412,0.0,0,0.0,0.0,-1,-0.987,-1.391,0.593,1,0.548,1.096,-1.317,0,0.0,-0.947,-0.763,-1.221,1
1,1,0.0,0.436,0.44444,0.374,0.629,-0.22222,1,-0.415,0.926,-1,0.456,-1,-0.077,-1,-0.218,-0.876,-0.77778,0.55556,-0.636,-0.134,-0.77778,0.913,-0.332,0.33333,0.0,1.312,0.45019,0.518,1.193,0.252,0.525,-0.805,1
0,0.0,0.0,0.0,0.0,0,0.0,0,0.0,0.0,0.0,0.0,0.0,0.0,0,0.0,0.0,0.0,0.0,0,0,0.0,0,0.0,0,0.0,0,1,0.0,0,0.0,0,0.0,0,0
1,1,0,1,0.0,1,0.0,0.294,0.697,0.732,0,0.91201,0.082,0.89067,0.132,0.47,0.16228,1.095,0.25,0.951,0.5,0.661,0.0,1,-0.25000,0.5,0.589,0.624,0.26388,0.886,0.352,0.507,0.26,0.472,0.227
0,0.0,0.0,-1.464,0.947,1.467,1.107,0.0,0,0.578,-1.268,1,-1.248,0.611,-1,-0.877,-1,0,0,-0.658,-1.335,0,0,0.0,0.0,-1,-1,1,-0.731,1.11,0.898,-1,-1.102,0.0,0
1,1,0.0,0.85,0,1,0.0,0.69,0.11111,1.16,-0.15,0.88889,-0.096,1,-0.281,0.77778,0.0,0.984,0,1.064,-0.139,1.159,-0.11111,0.823,-0.092,0.66667,0,0.90347,-0.074,0.766,0.11111,1.331,-0.165,0.987,0.0
0,0,0,0.0,0,0,0.0,0.0,0.0,0.0,0,0.0,0.0,-1,-0.623,0.0,0,0.86,0.481,0,0.0,0,0.0,-1,0.895,0.0,0.0,1,-0.939,-1,-1,0.706,0.815,0.0,0.0
1,1.175,0.0,1.206,0.56,1,-0.45455,1,0.09091,1.254,-0.09091,1,0,1.351,-0.37,0.574,-0.12,0.66,0.098,1,0.0,0.754,-0.338,0.635,0.09091,1.252,-0.109,1,-0.04914,1,0.318,1.025,-0.344,1,-0.126
0,0.68,0.0,0.739,-0.63636,0,0.0,0.0,0.0,0.34470,0.297,0.443,0.39394,-0.07576,0.273,0.36364,0.341,-0.349,0.32955,0.115,-0.115,0.017,-0.529,-0.353,0.115,0.239,-0.27273,0.25758,-0.547,0.43182,0.24242,0.184,-0.02273,0.23,-0.41667
1,1,0.0,0.71,0.096,1,0.23529,0.861,0.512,1,0.05882,0.717,0.149,1,0.135,1.292,0.675,1,-0.035,0.67,-0.137,1.462,0.35294,1.447,0.41176,1.32,-0.11765,1.435,0.20225,1.416,0.05882,1.07,0.35294,0.921,0.221
0,1.43,0,0.0,0,-0.93,-0.62766,0.726,0.386,0.07979,-0.299,-0.634,-0.36170,0.065,-0.735,1.077,-1.408,0,0.0,0.784,-0.07979,-0.25000,1,0.17021,-0.70745,0.0,0.0,-0.157,-0.695,-0.119,-0.443,0.413,1.291,-0.67553,0.45745
1,1,0.0,0.863,0.29167,0.802,-0.184,0.70833,0.25000,0.463,-0.08333,1.179,0.04167,0.83333,0.185,0.902,0,0.982,0.034,1.076,0.047,0.424,-0.08333,0.649,0.16667,1.048,-0.076,0.972,0.05503,0.704,0.20833,0.618,0,0.821,0.036
0,1,0,0.18590,-0.184,0,0.0,0.0,0.0,0,0.0,0.0,0.0,0.08,-0.171,0,0.0,0,0.0,0.0,0.0,0,0,-0.063,-0.053,0.07853,0.107,0.116,-0.086,0.1,0.09615,0.02564,-0.027,0.159,0.19551
1,1,0,1,-0.107,1.06,-0.11326,1.355,-0.44,1,-0.33075,0.759,-0.378,0.693,-0.368,1.079,-0.346,0.9,-0.568,0.68131,-0.63544,0.753,-0.671,0.58829,-0.74785,0.67033,-0.827,0.317,-0.85669,0.312,-0.45,0.24117,-0.783,0.16,-1.1
0,1,0.0,0.692,1,-0.722,0.596,-1.102,-1.081,0.34649,0.21053,0.324,0.06,0.22807,0.083,0.35088,0.255,0.563,-0.03947,0.267,0.53070,0.0,0.0,-0.29825,-0.213,0.697,-0.37,1.073,-1,1,-0.197,0.345,0.20175,0.634,0.07895
1,1,0,1,0.24077,1.145,0.002,1.158,-0.179,1.116,-0.188,0.599,-0.32,1.097,-0.30539,0.783,-0.36078,0.551,-0.61189,0.393,-0.403,0.61041,-0.39328,0.304,-0.32681,0.306,-0.737,0.29208,-0.715,0.136,-0.39143,0.124,-0.449,0.114,-0.46603
0,0,0.0,-1,1.454,1,-1.06,0.0,0.0,0.0,0,1.235,-1.102,1,0.511,0.0,0,1,-0.833,0,0,0.0,0.0,0.685,1.225,-0.655,1.146,1,-1,-1.213,1,-0.589,-1,0.0,0.0
1,1.477,0.0,1.055,-0.227,0.961,-0.213,0.87024,-0.22602,1.031,-0.358,0.608,-0.172,0.635,-0.693,0.63338,-0.49967,0.37254,-0.70729,0.401,-1.071,0.212,-0.54172,0.33509,-0.59691,0.128,-0.63601,0.09312,-0.59589,-0.063,-0.588,-0.016,-0.575,-0.061,-0.47898
0,1,0.0,-1,-1,-0.717,0.954,0.957,-1.257,1,0.275,0.0,0,0.23958,-1,0.913,1,0,0.0,0.688,1.355,1,0.512,0,0.0,-0.71528,1.278,0.175,-1.175,1.039,-0.944,0.673,-1.344,0.343,1
1,1,0,0.84177,0.282,0.5,0.421,0.112,0.569,-0.502,0.806,-0.72363,0.721,-0.961,0.285,-0.86709,-0.25527,-0.751,-0.446,-0.183,-0.85654,0.16245,-1.183,0.51477,-0.625,0.867,-0.407,0.77937,0.07933,0.64135,0.571,0.259,0.569,-0.004,0.661
0,1,0.0,1,1.463,0,0.0,0.968,-1.421,-1,-0.926,1.467,1,0.503,-1.018,0,0.0,1,-1,0.538,1.433,0.0,0.0,0.557,-1.341,-1.464,-1.011,1.095,1,-1.304,1,-1,1,0.0,0
1,1,0,1,0.533,1,1.158,0.448,1.28,-0.33333,1.256,-1,0.569,0,1,-0.854,1,-1.474,0.0,-1.069,-0.88,-1,-0.92536,-1,-0.35,-0.17,-0.896,0.19235,-1.267,0.619,-1.204,0.0,-0.715,1.058,-0.566
0,0,0,-1,0.88,-1.207,-1,0.0,0.0,-1,1.333,1.322,-1.025,-0.884,-0.931,-0.973,1,0,0,-0.578,-0.606,-1,1.408,0.0,0.0,1.297,-1,1.39,1,1.278,-1,0.662,1.149,0,0.0
1,1,0,1,0.085,1.493,0.106,0.964,0.244,1.02,-0.12500,0.6,0.569,1,0.48981,1,0.32,-0.37500,1,1.343,0.0,1.235,1.108,0.923,0.636,1,1.385,1.442,1,0.673,0.361,1,1,0.881,1.268
0,0,0.0,-0.894,-0.542,0.0,0.0,0.0,0,0.0,0.0,0.0,0,0,0,0.816,-1,0,0,-0.826,-1.343,0,0.0,1,0.854,1,-1,0.857,-0.68,0.0,0,0.0,0.0,0.0,0.0
1,1,0.0,0.648,-0.071,0.58264,-0.173,-0.13129,-0.23,0.29796,0.036,0.38096,-0.264,0.192,-0.31997,0.03459,-0.119,0.226,-0.313,0.122,-0.404,0.06,-0.31525,0.094,-0.26795,0.042,-0.207,-0.00046,-0.31,-0.038,-0.21129,-0.035,-0.18950,0.011,-0.27201
0,1,0.0,0.0,0.0,0.0,0.0,0.0,0.0,0.0,0,1,-0.33333,0.117,0.325,0.0,0,0.0,0.0,0,0.0,-0.12,-0.21875,-0.16667,0.584,-1,0.5,0.027,0.572,-0.273,-1,-0.12500,-0.36,-0.129,-0.93750
1,1,0,1,0.072,0.509,0.064,0.735,0.18,0.712,-0.231,0.548,0.312,0.80426,0.25283,0.941,0.208,0.66775,0.28714,0.59615,0.2,0.613,0.29200,0.439,0.251,0.433,0.386,0.392,0.25553,0.259,0.23568,0.137,0.21378,0.146,0.19083
0,0.809,0,1,-0.09524,-0.646,-1.237,-1.356,-1.063,1,0.31746,0.409,1.062,-1,-1,-1.309,1.459,0.48,0.547,1.43,1.183,0.448,-1,-1.296,-1,0.82937,0.417,1.21,0.919,0.977,0.50794,-1.047,-0.42,-1,0.72831
1,1,0.0,0.93669,-0.002,0.756,0.43204,0.92314,-0.40129,0.628,0.196,1.015,0.047,1.322,0.046,0.91586,0.054,1.237,-0.159,0.598,-0.14482,0.84871,0.319,0.823,-0.053,1.167,-0.02589,1.275,-0.02302,0.98544,0.117,0.78317,-0.10194,1.274,-0.142
0,1,0,1.042,-1,1,1,0.947,0.868,1,-0.695,1.317,1,1.412,0.636,1.415,0.763,0.0,0,1,0.603,1.416,0.593,0.747,-1,1.424,0.525,0.987,0.62500,1.307,-0.94,-0.51,1,0.841,1
1,0.981,0.0,1,0.334,1.136,-0.78509,1,-0.15,1,0.087,0.69,0.27820,0.98120,-0.06861,0.693,0.046,0.938,-0.18954,0.83584,-0.205,0.97400,0.022,0.899,0.09242,1.309,-0.01253,0.96238,-0.034,1.248,0.048,1.281,-0.195,0.507,-0.138
0,0.542,0.0,0.289,-0.929,-1,-0.7,-0.095,1,1.409,0.95041,0.544,-0.309,-0.844,-0.79313,-0.09677,0.949,0.307,0.317,0.243,-0.36,-0.126,-0.19,-0.11976,0.102,0.038,0.06639,0.03443,-0.01186,-0.003,-0.01672,-0.00761,0.001,0.00015,0.00325
1,1,0.0,0.943,0.323,0.80804,-0.16964,0.588,-0.07653,0.719,-0.07398,0.406,0.262,1.175,0.016,0.98214,0.02487,1,-0.091,0.89,0.07717,0.526,0.002,0.90306,0.275,0.825,-0.14541,0.541,-0.005,1.055,0.077,1,-0.274,1,-0.071
0,0.0,0,0.0,0,0.0,0.0,0.0,0,0.0,0.0,0,0.0,1,1.268,1.253,0.766,1.473,-0.898,0.0,0.0,1,1,0.987,-1,1,1.497,1.034,0.0,0.528,0.877,1,-1,0,0
1,1,0.0,0.86,-0.36,1,-0.146,0.94623,-0.272,0.96,-0.30566,0.92736,-0.49057,1.258,-0.275,0.75723,-0.501,0.883,-0.863,0.486,-0.682,0.569,-1.058,0.54465,-0.87327,0.617,-0.567,0.35504,-0.809,0.267,-0.78239,0.205,-0.73145,0.188,-0.70000
0,1,0.0,0.0,0,0.0,0.0,0.0,0.0,-0.85000,-1.252,0.0,0.0,0.635,-1,0.0,0,-1,-1,-1.303,-1.192,1.439,-0.895,-0.615,-0.792,1.261,1.261,-1,-0.20000,1,-0.641,0.0,1,0,0
1,1,0.0,1.175,0.085,0.95455,-0.069,1.044,0.0,0.66,0.0,1.03,0.0,1.232,0.04545,0.90909,-0.051,1.349,0,1,0.0,0.86364,0.09091,0.837,0.09091,0.90909,0.057,0.482,0.02,0.95455,0.049,0.86364,-0.09091,1.034,0.055
0,0,0,0.0,0.0,-1.035,0.613,0.647,1.19,-0.821,-1.344,0.0,0.0,-1,-1,-0.95,-0.323,-1.32,-1,0.722,-1,1,-1,0.0,0.0,1.435,-1,-1,-1.447,0.0,0,1,-0.897,0.0,0
1,1,0,1.307,-0.051,1.419,0.17647,0.82353,0.103,0.749,-0.02941,0.894,-0.134,0.704,0.14706,0.94118,0.02941,1.243,0.0,0.588,0.0,0.988,0.096,0.743,0.042,0.85294,0.02941,0.664,0.025,0.852,-0.084,0.97059,0.05882,0.578,0.05882
0,0.93,0.0,-1.277,0.865,-0.963,0.15244,0.28354,1.428,-0.636,1,-1.245,-0.555,1,1.485,-1,-0.253,0.28301,-0.61,0.634,1,-0.31402,-1.077,-1,-1.43,0.512,-0.532,-1,-0.046,1.258,-1,-1,-0.433,0.14939,1.453
1,1,0.0,0.447,-0.10526,0.789,0.017,0.473,0.03,0.597,-0.05263,0.68421,0.0,0.694,0.064,0.782,0.05756,0.84211,0.47368,1.122,0.061,0.72550,0.084,1.041,0.043,0.42105,0.21053,0.65419,0.08968,0.52632,-0.146,0.486,0.113,0.702,0.055
0,1,0.0,-0.005,-0.399,0,0.0,-0.021,0.785,0.0,0,0,0,0,0.0,0,0.0,0,0,0.31410,1.024,-0.316,1.039,-0.34615,-0.457,0,0.0,-0.736,-0.26,0,0.0,0.0,0.0,0.0,0.0
1,1,0.0,1.463,0.45455,1,0.54545,0.532,0.784,1,-0.065,1,0.0,0.748,-0.482,0.63636,0.146,1.477,-0.834,1,-0.268,0.90909,-0.367,1,0.106,1.41,-0.09091,0.859,0.069,1.305,0.446,1,0.348,0.851,0.27273
0,0,0,-1,-1.277,1.433,-1.068,-1.486,0.804,0,0.0,0.722,-0.751,0.971,-0.697,0.0,0,0.0,0,0,0,-0.802,1,0.848,-1,-0.765,1.311,0.735,1,0.0,0.0,1.073,0.5,0.0,0
1,1,0.0,0.269,0.08,0.648,0.09091,0.27273,0.116,0.63636,0.0,0.36364,-0.067,0.45455,-0.09091,0.48612,-0.019,0.397,-0.223,0.26,0,0.36364,-0.11,0.227,0.269,0.514,-0.09091,0.402,-0.02,0.216,0,0.221,0.0,0.318,-0.01832
0,1.144,0.0,-1,-0.356,0.0,0,-0.685,0.377,-1.204,1,0.0,0.0,0,0,0.0,0.0,0,0.0,0.0,0,-1,-1.088,0.0,0,0.29839,0.289,1,0.27,0,0.0,0,0.0,0.0,0.0
1,1,0,0.94,0.168,1.396,0.712,0.867,0.833,1,-0.212,0.85714,-0.192,0.903,0.02534,1.07,0.0,0.262,-0.14286,0.859,0.03617,1,-0.28571,1.407,0.0,0.378,-0.28571,1,0.04891,1,0.046,0.767,0.503,1.485,0.0
0,0.0,0.0,0.72,0.512,1,-0.953,1.42,1.126,1.414,1,1,0.914,1,-1.355,0.944,0.524,1,-0.965,0.913,-1.257,1,0.649,0.511,1,1.408,-1,1,1.157,1,0.954,0.688,1,1,1
1,1,0,1.19,0.63,0.53945,0.82161,0.097,0.647,-0.347,0.87916,-1.085,0.424,-0.92099,0.16731,-0.82417,-0.24942,-0.59383,-0.645,-0.352,-0.682,0.18823,-0.479,0.477,-0.57430,0.671,-0.331,0.707,0.125,0.702,0.39762,0.306,0.313,-0.063,0.31
0,0,0.0,1,-1.433,0.816,0.896,1,-1.095,1.464,0.503,1,-1.058,1.069,-0.838,1,-1,1.011,0.557,1.091,1,1,1.272,1.463,-1,1,1,1.296,1,1.421,0.51,1.11,1.464,1,-0.619
1,1.474,0,0.473,0.04174,0.89266,0.15766,1.102,0.261,0.83675,0.323,0.80619,0.288,0.76221,0.426,0.66586,0.608,0.51,0.671,0.304,0.52180,0.48435,0.54212,0.363,0.645,0.426,0.55274,0.157,0.528,0.188,0.677,0.133,0.419,0.139,0.46571
0,0.0,0,1,1,1,-1.322,1,-1.203,1.149,1.38,0,0.0,1,-1,0.0,0,0,0.0,0.0,0.0,-1,1.204,1.207,0.578,0,0.0,0.662,1.102,0.0,0.0,-1.219,-0.606,0.0,0
1,1,0.0,0.697,0.197,1.259,0.322,0.85705,0.38779,0.79039,0.586,0.697,0.359,0.876,0.64,0.50830,1.061,0.41629,0.709,0.225,0.793,0.176,0.85615,0.003,1.283,-0.05,0.79780,-0.214,0.78004,-0.33169,0.517,-0.38532,0.349,-0.47419,0.55835
0,0,0,0.685,-1,-1.484,1,-0.894,1.077,1,1,1.098,0.816,-1.206,-0.629,-1,-0.826,0.68,0.614,0.998,-1,-0.863,-1,-1,-1,0.688,0,1.114,-0.773,1.397,-0.542,-1.481,1,-0.862,0.57
1,1.207,0,0.80627,0.13069,0.602,0.196,0.347,0.17,0.302,0.45577,0.23,0.46439,0.25000,0.57308,0.25192,0.306,0.098,0.344,-0.061,0.825,-0.044,0.42885,-0.128,0.44424,-0.109,0.402,-0.288,0.371,-0.325,0.29541,-0.356,0.332,-0.23846,0.31154
0,0.0,0.0,1.46,-1,1.397,1.249,1,-1,1,0.651,1.11,-1,0.882,0.655,1,-1.276,1,-0.763,1,0.746,1,1,0.701,-0.906,0.678,-1.33,1.479,-0.596,1,0.605,1,-0.512,0.87,1
1,1.192,0,0.97467,0.15,0.94120,0.153,0.88783,0.377,1.085,0.417,1.192,0.45217,0.72298,0.52284,0.673,0.335,0.4,0.907,0.463,0.70398,0.281,0.517,0.285,1.082,0.38,0.901,0.16813,0.78541,0.046,0.667,-0.024,0.77702,-0.10289,0.74242
0,0,0,0.0,0.0,1.237,1,0.0,0.0,1.063,1,0.0,0.0,0.977,-0.674,0.0,0,0.0,0.0,0,0,0.0,0.0,0.0,0,0,0.0,1,-0.919,0,0.0,-1.291,1,0.0,0
1,1,0.0,0.92308,0.15451,0.86399,0.25,0.457,0.346,0.70588,0.56830,0.546,0.62719,0.33,0.74676,0.31705,0.641,0.166,1.14,0.051,0.95,-0.12064,1.004,-0.18479,0.71327,-0.341,0.96,-0.409,0.566,-0.676,0.612,-0.276,0.402,-0.699,0.35095
0,0,0.0,0,0.0,1,0.525,0.593,1,0.0,0.0,0.0,0,-1,-0.902,0.0,0,-0.636,-1,0.0,0.0,0.0,0.0,1,1.317,0.0,0.0,1,1,0.0,0,-0.603,0.68,0.0,0
1,1,0,1.284,0.2,0.65926,0.69431,0.233,0.619,-0.076,0.884,-0.334,0.80441,-0.964,0.536,-0.575,0.316,-1.011,-0.107,-0.779,-0.291,-0.325,-0.791,-0.121,-0.64338,0.09562,-0.61055,0.172,-0.48392,0.252,-0.29838,0.47029,-0.09461,0.554,0.12556
0,0.0,0,0.7,-1,1,0.681,0.729,0.882,1.409,1.25,1,0.929,0.631,-0.542,1,0.93,1,0.986,1,-1.268,1,-1.178,1.0,-1,0.541,-0.766,1,1,1.081,-0.783,0.843,1.311,1,1
1,1,0,0.73523,-0.38293,0.997,0.087,1.0,0.112,0.294,0.07,0.977,0.265,0.71947,0.28954,0.68798,0.32925,0.49672,0.13,0.447,-0.02845,0.513,0.42528,0.585,0.498,0.78,0.68,0.44174,0.253,0.073,1.395,0.512,0.287,0.224,0.49831
0,0,0.0,0.0,0.0,0,0,0.0,0.0,0,0.0,0.0,0,0.0,0.0,0.0,0,0,0.0,0,0.0,0.0,0.0,0.0,0.0,0.0,0,1,1,0.0,0,0.0,0.0,0,0.0
1,1,0,0.94649,0.013,1.16,-0.00260,0.98922,0.005,1.201,0.012,0.954,0.03530,1.035,0.038,1.366,0.016,0.94277,0.07135,0.98551,-0.007,0.97770,0.039,1.221,0.036,1.104,0.08101,1.419,0.058,0.607,0.00818,0.563,0.082,1,-0.003
0,0.0,0.0,1.254,0.629,-1.357,-1.261,-1,-1,0,0.0,0.0,0,-1.303,-1,0.0,0,0.0,0.0,0,0.0,-0.706,1,0.635,0.754,0,0,1.261,-1,0.0,0.0,-1.252,-1,-0.7,-1
1,1.084,0,0.453,-0.157,0.804,0.01513,0.71063,0.024,0.68065,0.013,0.34615,0.066,0.69050,0.059,0.45,0.05058,0.36,0.05692,0.418,-0.044,0.867,0.036,0.599,0.057,0.581,0.18065,0.809,0.099,0.38228,0.06760,0.56466,0.111,0.541,0.09346
0,1.434,0.0,0.712,1.014,0.91973,-0.76087,0.671,0.064,0.76087,0.072,0.59,0.73746,1.014,0.21,0.75920,0.13712,0.67,-0.25084,0.458,0.18729,0.421,0.24582,0.864,0.77425,1,-0.33,0.89262,0.238,0.846,0.711,0.722,-0.076,0.332,0.23913
1,1,0.0,1.08,-0.067,1,-0.423,0.842,-0.797,0.657,0.06111,0.45556,-0.271,1,-0.163,1,-0.786,0.49259,0.017,0.82222,-0.038,1.223,-0.19938,0.861,0.22037,0.866,-0.26481,0.92148,-0.178,0.597,0.02037,0.503,-0.256,0.963,-0.525
0,1.258,0.0,0.214,0.15564,0.41245,0.106,0.135,0.153,0.23346,0.142,0.103,0.134,0.24514,0.21,0.115,0.22957,-0.03891,0.36965,0.05058,0.268,0.216,0.137,0.104,0.383,-0.02494,0.28482,-0.06024,0.26256,-0.22,0.09,-0.09,0.396,-0.19066,0.232
1,1,0.0,0.57540,-0.037,0.846,-0.05357,0.911,-0.01190,0.645,0.037,0.428,0.121,0.512,-0.014,0.62698,0.008,0.989,0.02579,0.60317,0.009,0.47817,-0.02778,0.59127,0.044,0.5,0.045,0.676,-0.012,0.581,-0.135,0.798,-0.012,0.62500,-0.03175
0,1,0.0,0.052,-0.15271,-0.035,0.03,0.08374,-0.02463,-0.01478,0.18719,0.06404,0.0,0.08,-0.081,0.046,0,0.01970,-0.035,-0.11,-0.20690,0.085,0.013,0.038,0.02,0.068,0.146,0.364,-0.061,-0.04,-0.128,0.04433,0.05419,0.07389,-0.088
1,1,0,0.61857,0.10850,0.70694,-0.09,0.419,0.01678,1.097,0.002,0.553,0.184,0.705,-0.00224,0.879,0.047,0.448,-0.217,0.628,-0.096,0.545,-0.01,0.654,0.11745,0.71253,-0.139,0.985,-0.021,0.49,0.04810,0.78859,-0.05145,0.524,-0.04698
0,1,0.0,0.25316,0.249,0.0,0.0,-0.44,-1,0,0.0,0.06,-0.062,0,0.0,0,0.0,0,0.0,0.0,0.0,0.006,0.68101,-0.16,0.386,-0.079,0.468,0.04,-1,0.0,0.0,0.06329,-1,0,0
1,1,0,0.88103,-0.009,0.89818,-0.015,0.94105,-0.01822,0.45,-0.084,0.42,-0.091,0.88853,0.007,1.283,-0.13719,1.255,-0.067,0.994,-0.02358,0.534,-0.159,0.82851,-0.184,0.515,-0.171,0.88245,-0.088,1.047,-0.156,1.083,-0.268,0.91747,-0.16827
0,1,0.0,0.631,-0.5,0,0.0,0.0,0.0,0.689,0.584,0.58958,0.011,0.0,0,0,0,0.174,-0.37,0.59167,-0.226,0.0,0.0,0,0.0,0.98750,-0.40833,-1,-0.996,-0.352,-0.668,0.0,0.0,0.0,0
1,1,0,1.257,0.014,0.798,0.01305,0.92442,0.018,0.89179,-0.10223,1.279,-0.113,0.93040,-0.009,1.31,-0.104,0.86025,-0.071,0.929,-0.049,1.198,-0.074,0.88907,-0.112,0.82980,-0.128,0.86453,-0.148,1.005,-0.1,0.796,-0.09,0.86786,-0.12235
0,1,0.0,0,0.0,1,0.118,0.574,-0.02000,0.0,0.0,1.126,-0.387,0.679,0.19556,1.333,-0.05333,1,-0.746,0,0.0,1,-0.038,1.157,-0.096,0,0,0.688,-0.944,0,0.0,1,0.113,0.475,-0.113
1,1,0,0.448,0.027,0.871,-0.00143,1.005,0.01,0.951,-0.04286,0.892,0.0,0.85571,-0.041,0.86429,0.00286,0.682,-0.05429,0.81000,-0.11,0.719,-0.085,0.84286,-0.05000,0.998,-0.066,1.195,-0.124,1.174,-0.10429,1.195,-0.047,0.442,-0.15143
0,1,0.0,0.0,0.0,0.0,0,0.0,0.0,0,0.0,0.0,0.0,-0.838,1,0.854,0.602,0,0.0,0.0,0.0,0,0,0,0,0.0,0,0.557,0.816,0.0,0,0,0.0,0,0.0
1,1.207,0.0,0.441,0.024,0.551,-0.089,0.50649,-0.04156,0.706,0.09610,0.44675,0.035,0.55844,-0.105,0.51688,-0.047,0.52727,-0.05,0.55325,-0.013,0.48571,-0.019,0.49091,-0.013,0.758,0.0,0.272,-0.03280,0.42,0.039,0.54545,-0.032,0.58961,-0.103
0,0.0,0.0,0.0,0.0,0,0.0,0.0,0.0,0,0,0.0,0.0,0,0,0.0,0,0,0.0,0.0,0,0.0,0.0,0.0,0.0,0.0,0,1,-1.442,0,0,0.0,0.0,0.0,0
1,1.244,0.0,1,0.386,1,0.255,0.321,1,0.162,0.91180,-0.115,0.695,-0.458,0.60793,-0.43820,0.323,-0.43663,0.16709,-0.22,0.00678,-0.233,-0.065,-0.234,-0.187,-0.115,-0.12744,-0.017,-0.10242,0.013,-0.052,0.015,-0.04142,0.025,-0.02017
0,1,0.0,0.0,0,0,0.0,1.206,1.435,-1.114,-1,0.0,0.0,1,-0.081,0.0,0.0,0,0.0,-1,1,0.804,0.688,1,-1.484,0.0,0.0,0.614,-1,0.0,0,0.0,0,0.629,1
1,1,0.0,0.87048,0.351,0.64099,0.883,0.419,0.86625,-0.042,1.312,-0.42173,0.796,-1.019,0.265,-1.078,0.151,-0.81136,-0.081,-0.67474,-0.38102,-0.38334,-0.518,-0.116,-0.854,0.15552,-0.66421,0.309,-0.704,0.52573,-0.187,0.302,-0.05938,0.658,0.165
0,1,0.0,0.0,0,0.0,0.0,0,0.0,-1,1.471,0,0.0,1,0.37333,-0.12000,-0.081,0.0,0.0,-1.396,-0.664,0.0,0.0,0.571,-0.896,0.0,0,1.361,0.22667,0.0,0.0,0,0,0.0,0
1,0.669,0.0,0.88179,0.498,0.74,0.941,0.118,0.94537,-0.24103,1.341,-0.319,0.914,-0.86443,0.269,-1.111,-0.07,-0.77356,-0.44707,-0.333,-1.063,-0.10237,-0.82217,0.276,-0.806,0.55984,-0.55910,0.385,-0.24433,0.568,0.09599,0.597,0.263,0.5,0.57656
1,1,0.0,0.32834,0.016,0.15236,0.21278,0.1,0.374,-0.334,0.836,-0.10312,0.137,-0.61352,0.173,-1.219,-0.072,-0.13117,-0.176,-0.30315,-0.505,-0.11409,-0.43,0.024,-0.22786,0.396,-0.06,0.33737,-0.11876,0.27657,-0.109,0.111,0.11,0.089,0.277
1,1,0.0,1.171,0.39121,0.777,0.604,0.12326,0.89402,-0.363,0.83578,-0.786,0.734,-0.86622,0.18,-0.856,-0.3,-0.8,-0.61894,-0.117,-0.87787,0.101,-0.759,0.647,-0.72454,0.722,-0.141,0.686,0.08718,0.66592,0.329,0.37542,0.892,-0.052,0.79444
1,1,0,0.681,-0.03490,0.59085,0.00481,0.60409,-0.09,0.692,0.006,0.62455,-0.058,0.566,0.096,0.72,-0.08424,0.78,0.09146,0.352,0.0,0.352,0.10108,0.315,0.037,0.65945,0.186,0.60463,0.014,0.394,0.027,0.61733,-0.007,0.629,-0.113
1,0.716,0.0,0.672,-0.029,0.70772,0.023,0.991,0.11,0.79228,0.07721,0.962,0.513,0.63787,0.005,0.70772,0.21691,1,0.073,0.827,0.05147,0.889,0.056,0.766,-0.136,0.836,-0.15809,0.61727,0.07124,0.332,0.126,0.619,0.07458,0.491,0.21691
1,1,0.0,0.902,0.18923,0.78157,0.017,0.906,0.02647,0.502,-0.10308,0.77538,0.11,0.73961,0.072,0.65,0.055,0.413,-0.103,0.415,0.107,0.733,0.046,0.709,0.088,0.60154,-0.07231,0.386,0.08767,0.55077,0.25692,0.53389,0.052,0.632,0.107
1,1,0.0,0.377,0.05375,1.157,0.002,0.824,0.00301,0.929,0.09901,0.75813,0.04102,0.81892,0.006,0.80738,0.008,0.899,-0.12447,0.776,-0.038,0.676,0.00909,0.74635,0.013,0.919,-0.054,0.779,0.01096,0.318,0.114,0.74,0.01190,0.595,0.014
1,1,0,0.5,0,0.38696,0.074,0.403,0.084,0.46957,-0.057,0.229,-0.142,0.612,0.028,0.752,0.034,0.35652,0.19565,0.557,0.114,0.443,-0.02609,0.283,-0.15,0.257,-0.007,0.41789,0.068,0.38696,0.023,0.35217,0.157,0.55,0.17391
1,0.516,0.0,0.769,0.081,0.78129,0.20656,0.566,0.231,0.476,0.41252,0.333,0.482,0.57898,0.408,0.638,0.58445,0.207,0.67861,0.29587,0.615,0.09599,0.68104,0.02066,0.472,-0.08748,0.911,-0.105,0.884,-0.256,0.484,-0.25516,0.524,-0.162,0.42467
1,1,0.0,1.087,0.09802,0.6,0.299,1.241,0.315,0.784,0.53020,0.971,0.393,0.56937,0.71942,0.642,0.74079,0.29452,0.82193,0.254,0.79777,0.072,0.766,-0.017,0.602,-0.175,0.75596,-0.263,1.036,-0.31713,0.463,-0.597,0.805,-0.42815,0.44534
1,1,0,0.852,0.13425,0.792,0.255,0.78896,0.43388,0.782,0.59975,0.54003,0.409,0.39699,0.76161,0.337,0.492,0.09134,1.073,-0.08,1.003,-0.167,0.481,-0.187,0.798,-0.40552,0.447,-0.421,0.42,-0.50314,0.374,-0.268,0.234,-0.48808,0.033
1,1,0,0.94631,0.219,1.118,0.447,0.85096,0.526,0.872,0.481,0.59215,0.73838,0.435,0.83614,0.30459,1.048,0.181,1.164,-0.006,0.93109,-0.181,0.966,-0.346,0.82492,-0.548,0.956,-0.718,0.66335,-0.67929,0.525,-0.838,0.42488,-0.874,0.256
1,1,0.0,0.91767,0.269,0.86090,0.35543,0.72873,0.443,0.601,0.69865,0.415,0.887,0.36100,0.999,0.15664,0.83558,0.005,1.052,-0.107,0.82,-0.275,1.02,-0.641,0.85,-0.629,0.738,-0.677,0.491,-0.529,0.27338,-0.65710,0.132,-0.64056,0.05394
1,1,0.0,0.389,0.161,0.827,0.519,0.6,0.52500,0.15000,0.163,0.13753,0.791,-0.108,0.342,0.0,0.452,-0.143,0.329,-0.56136,0.388,-0.361,0.203,-0.40533,0.07588,-0.38483,-0.03229,-0.33942,-0.12486,-0.236,-0.19714,-0.117,-0.294,-0.161,-0.27218
1,1,0.0,0.425,-0.391,0.501,0.55298,0.511,0.091,0.453,0.228,0.32781,0.284,0.50331,0.12252,0.921,0.235,0.71854,0.406,0.447,0.13907,0.702,0.368,0.68874,0.07285,0.51872,0.26653,0.49013,0.146,0.567,0.276,0.508,0.175,0.449,0.29942
1,1,0,0.53,0.119,0.74,-0.12144,1.206,0.112,0.71157,0.015,0.722,-0.07780,0.69070,0.072,0.58634,0.03985,0.645,-0.044,0.502,0.187,0.454,0.067,0.32068,0.052,0.628,0.247,0.401,0.17951,0.179,0.331,0.44141,0.18897,0.551,0.15180
1,1,0,0.84843,0.076,0.407,-0.026,0.77031,-0.02,0.566,-0.06620,0.814,-0.06,0.758,-0.065,0.64260,-0.087,0.39199,0.032,0.71254,0.016,0.67,-0.08039,0.53430,-0.116,0.555,-0.21,0.48659,-0.09128,0.514,-0.083,0.523,-0.075,0.42223,-0.058
1,1,0.0,0.63,0.079,0.96775,-0.005,1.127,-0.007,0.449,-0.04,0.649,0.018,0.96186,-0.012,0.795,-0.01671,1.412,0.006,0.91152,-0.113,1.196,-0.033,0.94636,-0.02591,0.98164,0.022,0.93772,-0.024,1,-0.05843,0.886,-0.03464,1.314,-0.03673
1,1.292,0.0,0.47938,-0.149,0.42784,-0.168,0.70103,-0.4,0.799,0.098,0.151,-0.185,0.49485,0.15979,0.45361,-0.063,0.415,0.078,0.279,-0.27320,0.54639,0.155,0.597,0.08247,0.732,0.144,0.53396,-0.12447,0.15464,-0.181,0.587,0.027,0.567,-0.51546
1,1,0.0,0.63510,-0.048,0.492,0.037,0.833,0.36028,0.707,-0.00462,0.768,0.08314,0.79446,-0.43418,0.762,0.54965,0.59584,0.109,0.41,0.246,0.4,-0.25404,0.70951,0.15359,0.739,0.254,0.972,0.146,0.61663,0.082,0.342,0.216,0.642,0.55
1,1,0,0.50112,-0.048,0.74,0.01348,0.58876,0.01573,0.761,0.02472,0.66742,-0.005,0.512,-0.024,0.368,0.00899,0.301,0.016,0.605,-0.072,0.56854,0.14157,0.57528,-0.033,0.46517,0.068,0.79,0.005,0.328,-0.034,0.718,0.09,0.315,-0.09
1,1.365,0.0,0.71521,-0.004,0.66667,-0.046,0.576,-0.064,0.77994,0.08091,0.856,0.09709,0.517,0.207,0.60194,-0.017,0.54369,-0.057,0.304,-0.084,0.936,0.094,0.52,0.21683,0.399,-0.061,0.547,0.0,0.31392,-0.06796,0.366,-0.10680,0.30421,-0.05178
1,1,0,0.674,0.131,0.553,0.03457,0.65185,0.08148,0.786,-0.00494,0.481,0.157,0.542,0.062,0.665,0.09630,1.135,-0.176,0.73827,-0.06,0.689,0.00988,0.5,0.083,0.417,-0.12840,0.63773,-0.018,0.76543,0.025,0.912,-0.093,0.588,-0.04691
1,1,0,0.432,-0.02712,0.865,0.039,0.293,-0.056,0.432,0.024,0.809,-0.068,0.751,-0.02034,0.361,0.102,0.493,0.11864,0.56949,-0.02373,0.53220,0.01,0.71525,-0.03390,0.769,-0.022,0.841,0.005,0.653,-0.00339,0.87,-0.034,0.50169,0.06780
1,0.922,0.0,0.607,0.053,0.32,0.05825,0.34951,0.0,0.784,-0.02427,0.58252,0.019,0.173,0.044,0.666,0.004,0.47087,-0.10680,0.43204,0.006,0.34951,0.05825,0.197,0.194,0.31068,-0.173,0.429,0.046,0.39320,0.2,0.26214,0.0,0.533,-0.01942
1,1,0,1.078,0.012,0.571,0.34100,0.83904,0.485,0.857,0.684,0.961,0.51879,0.55076,0.527,0.35,0.84,0.31800,0.786,0.37,0.662,0.07515,0.956,0.06338,0.604,-0.16489,0.361,-0.216,0.458,-0.16209,0.55805,-0.287,0.512,-0.231,0.37465
1,1.322,0.0,0.97905,0.109,0.514,0.299,1.007,0.48561,0.71760,0.693,0.302,0.73743,0.417,0.784,0.25140,1.213,0.04700,0.859,-0.15,0.79749,-0.188,0.552,-0.211,0.71676,-0.559,0.367,-0.57587,0.46040,-0.61899,0.30796,-0.578,0.269,-0.708,0.02968
1,1.385,0,0.99701,0.21677,1.194,0.413,1.027,0.349,0.351,0.78120,0.206,0.899,0.10107,0.83312,-0.052,0.66,-0.153,0.86,-0.43707,0.743,-0.55769,0.551,-0.65000,0.35534,-0.64658,0.189,-0.394,0.012,-0.724,-0.14,-0.792,-0.34,-0.47201,-0.35032
1,1,0,0.94331,0.19959,0.96132,0.40803,0.496,0.523,0.468,0.585,0.239,0.83230,0.134,0.89489,0.055,1.227,-0.339,0.841,-0.287,0.772,-0.50251,0.877,-0.892,0.405,-0.68851,0.256,-0.77097,0.15619,-0.475,-0.042,-0.75199,-0.121,-0.854,-0.34
1,1,0.0,0.982,0.407,0.80486,0.52821,0.58167,0.584,0.194,0.73,0.10797,0.937,-0.29,0.633,-0.394,0.82163,-0.296,0.527,-0.418,0.40368,-1.134,0.147,-0.81317,-0.052,-0.75273,-0.227,-0.911,-0.688,-0.683,-0.61446,-0.26389,-0.70835,-0.059,-0.71273
1,0.784,0.0,0.451,0.35157,0.67333,0.421,0.234,0.94353,-0.047,1.147,-0.22838,0.75334,-0.261,0.355,-0.656,0.292,-0.605,0.10591,-0.317,-0.06193,-0.975,-0.075,-0.347,-0.47592,-0.12897,-0.53620,0.07158,-0.347,0.31,-0.43478,0.219,-0.34,0.218,0.13297
1,1,0.0,0.29073,0.123,0.23308,0.143,0.051,0.329,0.16,0.133,0.046,0.21303,-0.052,0.12767,-0.06333,0.048,-0.06328,0.04097,-0.05431,0.013,-0.028,-0.00280,-0.02876,-0.017,-0.012,-0.009,-0.008,-0.013,-0.003,-0.013,0.00096,-0.012,0.004,-0.00647
1,0.845,0.0,0.82,-0.287,1,0.35338,0.937,-0.007,0.82519,0.149,0.50188,-0.27632,0.443,0.032,1.002,0.14662,0.598,-0.572,0.625,0.027,0.66917,0.20489,0.84774,-0.519,0.799,-0.053,0.779,-0.139,0.689,-0.13346,0.15602,-0.083,0.44767,-0.10309
1,1,0,0.984,0.079,0.72171,0.032,0.65829,0.08315,0.273,0.157,0.479,0.156,0.527,0.156,0.44747,0.13507,0.16,0.034,0.339,0.21,0.32835,0.15,0.29495,0.14638,0.26436,0.141,0.165,0.094,0.166,0.126,0.18767,0.149,0.245,0.13198
1,1.169,0.0,0.94080,0.11933,0.85738,0.014,0.768,0.01,0.853,-0.004,0.508,0.129,1.095,0.03027,1.182,0.03506,0.898,0.01943,0.80019,0.019,0.80862,0.069,1.175,0.035,0.77336,0.016,0.79058,0.051,0.85939,0.122,0.836,0.07090,0.885,0.07508
1,1,0.0,0.492,0.028,0.79946,0.18297,1.089,0.29292,0.89455,-0.098,0.88598,-0.014,0.90446,-0.26724,0.89410,0.177,1.023,-0.053,0.979,-0.009,0.975,-0.174,0.476,-0.25101,0.779,-0.088,1.181,-0.02908,0.78774,-0.06,0.843,0.21812,1.101,0.117
1,1.007,0.0,1.006,0.02549,0.98994,0.09792,0.812,0.12877,0.654,-0.09188,1.054,0.02482,1.088,-0.005,0.96110,0.118,1.226,0.024,0.782,0.02683,1.109,-0.062,0.541,0.0,0.71764,-0.012,0.97,0.02552,0.72435,-0.01073,1.008,0.061,0.72837,0.036
1,1,0.0,0.47337,0.259,0.076,-0.195,0.321,0.01006,0.45562,-0.04438,0.56509,0.01775,0.3,0.31,0.588,-0.057,0.55621,0.073,0.533,0.067,0.52767,0.02842,0.51183,-0.07,0.461,-0.025,0.461,0.023,0.423,0.363,0.449,-0.192,0.34615,-0.00296
1,1,0.0,0.59887,0.17,0.69868,-0.13936,0.528,-0.135,0.80979,0.02448,0.415,0.042,0.581,-0.052,1.176,-0.13748,0.51412,-0.145,0.785,-0.137,0.679,-0.003,0.33333,0.09,0.568,-0.33145,0.422,-0.148,0.683,-0.02072,0.272,-0.31262,0.85,-0.22034
1,1.153,0.0,0.628,-0.04,0.86412,-0.079,0.781,0,0.801,-0.058,0.71975,-0.176,0.74947,-0.072,0.465,-0.122,0.78132,-0.21231,0.61996,-0.123,1.185,-0.15711,0.515,-0.03397,0.864,-0.26115,1.03,-0.344,0.66242,-0.168,0.72611,-0.466,0.532,-0.24841
1,1,0.0,0.925,-0.096,0.689,0.04,0.84783,0.054,0.476,-0.022,0.77174,-0.05707,0.728,-0.093,0.67935,-0.00543,0.923,-0.20924,0.83424,0.03261,1.102,-0.082,0.885,-0.27989,0.849,-0.095,0.762,-0.10211,0.85870,-0.036,0.96,-0.146,0.79076,-0.004
1,1.235,0,0.919,-0.13,0.53755,0.184,0.72727,0.119,0.69565,-0.131,0.66798,-0.21,1.186,-0.19170,0.919,0.048,0.606,-0.00395,0.685,-0.11858,0.768,-0.303,0.83,-0.28656,0.824,-0.079,0.61847,-0.12041,0.761,-0.164,0.396,0.09,0.61067,-0.01383
1,0.82,0.0,0.46785,0.154,0.58980,0.007,0.742,0.081,0.47894,-0.13969,0.52993,0.01330,0.848,-0.16,0.67849,-0.039,0.666,-0.116,0.726,-0.069,0.47894,-0.19512,0.50776,-0.088,0.465,-0.241,0.44,-0.111,0.457,-0.02882,0.442,-0.11752,0.698,-0.04435
1,0.762,0.0,0.949,0.226,1.012,0.42881,0.312,0.63662,0.284,0.90502,0.09831,1.337,-0.22,0.89200,-0.28,0.77500,-0.65114,0.366,-0.953,0.45535,-0.525,0.268,-1.11,-0.104,-0.602,-0.19,-0.627,-0.45511,-0.743,-0.60858,-0.30512,-0.66700,-0.19312,-0.394
1,1,0.0,0.93147,0.29282,1.027,0.824,0.864,0.41,0.26203,0.92651,0.054,0.96748,-0.23237,1.024,-0.615,0.956,-0.73329,0.765,-0.865,0.226,-0.92254,0.062,-0.549,-0.105,-0.83192,-0.375,-0.65165,-0.69556,-0.398,-0.54,-0.081,-1.106,0.121,-0.94823
1,0.981,0.0,0.88241,0.362,0.954,0.57816,0.378,0.423,0.05717,1,-0.082,0.92118,-0.62403,0.761,-0.69767,0.39,-0.854,0.218,-1.28,-0.00775,-0.933,-0.244,-0.508,-0.44,-0.57242,-0.762,-0.372,-0.81876,-0.02979,-0.86841,0.208,-0.82127,0.002,-0.949
1,0.706,0.0,0.83479,0.28993,0.69256,0.47702,0.4,0.667,0.21991,1.025,-0.092,0.811,-0.18,0.77681,-0.447,0.58425,-0.546,0.408,-1.062,0.03939,-0.71225,-0.181,-0.58315,-0.529,-0.37199,-0.439,-0.232,-0.60863,0.05,-0.484,0.345,-0.48468,0.582,-0.325
1,1,0,0.585,0.387,0.917,0.805,0.49305,0.84266,0.221,1.04,-0.174,0.603,-0.594,0.83590,-0.696,0.334,-0.973,0.205,-0.768,0.036,-0.89824,-0.26173,-0.576,-0.54069,-0.648,-0.74735,-0.173,-0.934,0.07810,-0.87159,0.36021,-1.112,0.574,-0.60270
1,1.07,0.0,0.546,0.395,0.65541,0.57671,0.34962,0.70677,0.177,0.7,-0.21,0.51,-0.567,0.458,-0.68421,0.47744,-1.055,0.202,-0.531,-0.04887,-0.928,-0.162,-0.419,-0.53463,-0.318,-0.66014,-0.014,-0.862,0.223,-0.64428,0.43100,-0.273,0.64662,-0.30075
1,1,0,0.98455,-0.018,0.542,-0.058,0.908,-0.063,0.98720,0.02,0.95278,-0.02604,0.622,-0.082,1.075,-0.051,1.061,-0.09532,0.628,-0.135,0.849,-0.059,1.196,-0.08914,0.97352,-0.095,0.498,-0.12912,0.485,-0.14916,0.766,-0.15755,0.96778,-0.198
1,1.21,0.0,0.94052,-0.019,0.94170,0.008,0.904,-0.01,1.054,-0.014,0.94641,-0.03710,1.278,-0.01767,0.982,-0.03887,0.95465,-0.056,0.95230,-0.031,1.315,-0.02179,0.868,-0.059,0.84,-0.029,0.896,-0.031,0.90342,-0.07479,0.91991,-0.105,0.92,-0.07420
1,1.127,0.0,1.289,-0.182,0.91324,-0.002,0.689,-0.187,0.824,0.18265,1.158,0.003,0.574,-0.08447,1.19,-0.00228,0.86758,-0.088,0.97032,-0.282,0.761,0.10274,0.817,-0.05251,1.176,0.06849,0.699,-0.09252,0.97032,-0.13,0.85388,-0.08676,1.188,-0.318
1,1,0,0.346,-0.03390,1.399,0.106,0.35,-0.24,0.30508,-0.022,0.50847,-0.202,0.739,0.376,0.506,-0.35593,0.389,0.014,0.35,0.034,0.59322,0.35,0.648,0.051,0.263,0.15254,0.67287,-0.002,0.66102,-0.03390,0.461,-0.15254,0.983,-0.10169
1,0.903,0,0.285,-0.25000,0.623,0.22222,0.38889,0.16667,0.517,0.202,0.684,-0.11111,0.708,-0.124,0.58333,0.237,0.81,0.02778,0.278,-0.235,0.47222,-0.043,0.459,-0.035,0.216,0.063,0.383,-0.14256,0.19444,-0.13889,0.479,-0.143,0.057,-0.5
1,1,0,0.51207,1,0.613,0.703,0.71178,0.417,0.397,0.547,0.378,0.667,0.27,1.081,-0.181,0.546,-0.33081,1.209,-0.876,1.306,-0.618,0.918,-0.685,0.47894,-1,0.195,-1.399,0.09569,-1,-0.16713,-1.151,-0.55,-0.91903,-0.65557
1,1,0,0.52,0.49638,0.83550,0.58,0.63,0.631,0.35225,1.037,0.15,1.201,-0.074,0.901,-0.488,0.82223,-0.273,0.71161,-0.68358,0.67989,-0.569,0.24956,-0.864,0.025,-1.148,-0.29099,-0.969,-0.32792,-0.837,-0.162,-0.488,-0.413,-0.19609,-0.553
1,1.005,0,0.919,0.517,0.68,0.305,0.315,0.422,0.16470,0.521,-0.13012,0.633,-0.46177,0.78497,-0.339,0.575,-0.78470,0.136,-0.553,0.03928,-0.62041,-0.31351,-0.529,-0.48905,-0.445,-0.832,-0.062,-0.62691,0.124,-0.33,0.37093,-0.405,0.48319,-0.136
1,1.31,0.0,0.93658,0.416,0.445,0.65640,0.45571,0.731,0.156,1.243,-0.21775,0.96301,-0.356,0.852,-1.052,0.58045,-1.381,0.26020,-0.93641,-0.036,-0.664,-0.40949,-0.572,-0.67464,-0.36799,-0.702,-0.048,-1.322,0.274,-0.85762,0.54827,-0.964,0.857,-0.247
1,1.275,0.0,0.512,0.288,0.665,0.68420,0.291,0.93,-0.11108,0.614,-0.31605,1.296,-0.66616,1.079,-0.617,0.42314,-0.539,0.065,-1,0.031,-0.904,-0.66278,-0.46010,-0.78174,-0.121,-1.229,0.179,-0.85137,0.48904,-0.433,0.742,-0.46048,0.76066,-0.109
1,1.483,0.0,0.839,0.16195,1.212,-0.05558,0.799,0.01373,1.202,-0.12352,1,-0.008,0.599,-0.022,1,-0.043,1,-0.07157,1.315,0.062,1,-0.147,0.502,-0.028,1,-0.135,1.471,-0.06823,1,0.08299,0.708,-0.12,1.449,-0.077
1,0.676,0.0,0.95559,-0.002,0.677,-0.13244,1.166,-0.00461,0.866,-0.464,1.148,0.10368,0.828,-0.161,1.414,-0.02542,0.95853,-0.15518,0.84013,0.31,0.51,-0.16321,0.87492,-0.11,0.85741,-0.009,0.612,-0.02,0.82427,-0.012,1.072,-0.012,0.78761,-0.019
1,0.901,0.0,0.79378,0.376,0.836,0.742,0.594,0.68158,0.115,0.83548,-0.124,1.065,-0.529,0.484,-0.57165,0.454,-0.75436,0.16755,-0.907,-0.09856,-0.57695,-0.23503,-0.40637,-0.326,-0.167,-0.52540,0.009,-0.402,0.277,-0.38059,0.314,-0.117,0.315,-0.08036
1,1,0,0.555,0.361,0.68389,0.65128,0.402,0.674,0.08,0.90842,-0.29784,1.214,-0.42,0.535,-0.959,0.39309,-0.705,0.055,-0.81641,-0.296,-0.328,-0.671,-0.446,-0.865,-0.086,-0.996,0.17041,-0.71504,0.277,-0.57649,0.338,-0.36765,0.718,-0.13305
1,1.464,0,0.469,0.274,0.723,0.771,0.327,0.90824,-0.029,0.94415,-0.501,0.84605,-0.77660,0.624,-0.92819,0.296,-1.091,-0.119,-0.414,-0.645,-0.611,-0.76197,-0.144,-0.88591,0.21581,-1.263,0.621,-0.68593,0.74846,-0.40656,1.005,-0.095,0.541,0.27926
1,0.952,0,1,-0.24051,0.815,-0.266,0.87342,-0.10127,1.082,0.01,0.653,0.11392,1.321,0.06329,0.557,-0.054,0.703,-0.331,1.0,-0.017,0.93671,0.06329,0.716,0.296,0.62025,-0.341,0.556,-0.061,1.317,-0.073,0.53165,0.02532,0.503,-0.02532
1,1,0,0.451,0.008,1.056,0.023,0.82638,0.013,0.582,0.019,0.715,0.05882,0.79093,0.04731,0.74,0.05407,0.748,0.19328,1.232,0.037,0.375,0.072,0.86,0.103,0.769,0.08403,0.736,0.08296,0.346,0.018,0.64,0.08757,0.55330,0.08891
1,0.923,0,0.85013,0.021,0.909,0.014,0.92046,0.02180,0.502,0.062,0.674,0.15,0.539,0.038,0.582,0.05018,0.87339,0.016,1.026,0.0,0.89097,0.07047,0.974,0.103,0.83721,0.146,0.86923,0.129,0.619,0.093,0.85198,0.056,0.84258,0.10698
1,1,0,0.592,-0.01179,1,-0.002,0.516,-0.01,1.126,-0.019,1,-0.039,1,-0.029,0.989,-0.046,1.435,-0.047,0.956,-0.024,1,-0.041,1,-0.05039,0.79,-0.063,0.99842,-0.037,0.99400,-0.06304,0.954,-0.053,1.308,-0.06668
1,1,0.0,0.458,-0.03168,0.87525,0.067,0.89505,0.01386,0.92871,0.02772,1.05,-0.013,0.94059,-0.014,0.93,0.028,0.473,0.0,0.94257,0.009,0.783,0.00792,0.88713,-0.017,1.037,0.02376,1.123,0.024,0.67,0.002,0.949,0.062,0.842,0.02376
1,1.153,0.0,1.149,0.01773,0.576,-0.017,1.072,0.00709,0.84752,0.046,1,0.03546,0.913,0.013,0.97518,0.03546,1.389,-0.024,1.325,-0.032,0.86170,0.048,1,0.09220,0.90071,0.042,0.972,0.018,0.94681,0.024,0.885,0.013,0.694,0.02128
1,1,0,0.39394,-0.216,0.62655,0.014,0.376,0.065,0.63636,0.083,0.25,-0.21212,0.757,0.093,0.345,0.0,0.703,0.051,0.51515,0.042,0.78788,0.227,0.328,-0.16,0.509,0.06,0.46362,0.031,0.33333,-0.036,0.41856,0.06410,0.39394,0.327
1,1.23,0,0.833,0.35950,0.72014,0.523,0.471,1.08,0.08646,0.85893,-0.234,1.18,-0.598,0.655,-0.68714,0.56,-0.924,0.075,-0.69397,-0.13652,-0.611,-0.42207,-0.32537,-0.608,-0.02844,-0.589,0.15360,-0.629,0.396,-0.439,0.682,-0.245,0.266,0.01820
1,1,0,0.89563,0.377,0.351,0.69438,0.35916,1.209,-0.031,0.93345,-0.384,0.696,-0.576,0.477,-1.15,0.425,-0.86150,-0.066,-0.603,-0.261,-0.51778,-0.509,-0.349,-0.881,0.06911,-0.73856,0.445,-0.488,0.52414,-0.472,0.759,-0.232,0.60073,0.08660
1,1,0,0.90547,0.41113,0.607,0.74761,0.322,0.95905,-0.141,1.225,-0.691,0.83263,-0.79657,0.28,-0.619,0.109,-0.93001,-0.275,-0.929,-0.806,-0.41546,-0.932,-0.02250,-1.135,0.36318,-1.198,0.515,-0.39,1.24,-0.331,0.469,0.09800,0.444,0.381
1,1.213,0,1.285,1,0.404,0.057,0.192,0.92713,-0.27586,0.93596,-0.305,0.445,-0.697,0.36946,-0.545,-0.103,-0.281,-0.196,-0.571,-0.82512,-0.05419,-1.219,0.25616,-0.227,0.73792,-0.376,0.999,-0.041,0.951,1,0.394,0.00246,0.111,0.79790
1,0.967,0.0,1,0.51515,0.614,0.375,0.078,0.24,-0.32104,0.863,-0.511,0.48485,-0.342,0,-0.305,-0.12121,-0.35,-0.48485,-0.107,-0.669,0.513,-0.57576,0.512,-0.501,1.182,-0.199,0.566,0.12331,0.96970,0.69,0.238,0.36364,0.09091,0.33333
1,1.434,0.0,1.148,0,0.94817,-0.035,0.93598,-0.014,0.568,0.021,0.90244,0.02,0.93902,0.00915,1.308,0.002,1,0.026,0.92,-0.014,0.878,0.02439,1.281,0.05488,0.704,0.067,0.89666,0.02226,0.90854,0.008,0.778,0.045,0.581,-0.01220
1,1,0.0,0.82624,0.08156,1.126,-0.088,0.567,-0.021,0.92908,0.008,0.788,0.057,0.94681,-0.00709,0.612,0.0,1.154,0.253,0.795,-0.00709,0.511,0.00709,0.80496,0.089,0.995,0.11,1.156,0.08165,0.77660,0.085,0.92553,0.18085,0.533,0.0
1,1,0.0,0.74468,0.091,1.014,0.009,0.823,0.01471,0.87234,-0.014,0.758,0.10638,0.574,0.041,0.561,0.046,0.95745,0.07801,0.95035,0.04255,0.96,0.051,0.84931,0.05178,0.87234,0.11348,1.133,0.09,0.384,-0.05,1.107,0.075,0.966,0.038
1,1,0.0,0.963,0.038,0.568,0.00343,0.89210,0.005,0.86335,0.0,0.75,0.07453,0.562,0.011,0.616,0.01,1.12,-0.041,0.85714,0.031,0.84182,0.01603,0.83486,0.009,0.79503,-0.04348,0.82111,0.022,0.745,0.08696,0.781,0.02,0.887,0.032
1,1,0.0,1.18,0.00710,0.98579,0.01954,0.687,0.025,0.99290,0.008,1.321,0.02309,1.356,0.046,1.292,0.036,0.97869,0.02131,1.084,0.05684,0.886,0.04796,0.754,0.036,0.984,0.051,0.97540,0.041,0.793,0.061,0.99112,0.055,0.925,0.09947
1,1,0,1,0.01105,1.092,0.015,0.82,0.031,0.645,-0.018,1.0,-0.00221,0.98343,0.018,1,0.00884,0.97569,0.01,1.205,0.024,0.601,0.007,0.971,0.02099,0.97127,-0.005,1.123,0.021,0.993,0.016,0.98564,0.029,1.286,0.02762
1,1,0.0,1.489,-0.01342,1.296,0.01566,1.255,-0.00224,1,0.06264,1.421,0.066,0.651,0.02908,1.305,0.041,0.98881,0.02,0.75,0.024,0.716,0.09396,0.868,0.085,1,0.112,0.658,0.067,0.641,0.12,1,0.10067,1,0.086
1,0.922,0.0,0.88420,0.36724,0.852,0.67382,0.411,0.86399,0.02424,0.621,-0.35148,0.83713,-0.60316,0.531,-0.684,0.491,-1.168,-0.009,-0.836,-0.317,-0.374,-0.406,-0.27377,-0.932,0.01,-0.893,0.26028,-0.60678,0.65,-0.241,0.296,-0.21542,0.56286,0.025
1,1,0.0,0.90147,0.512,0.64131,0.892,0.30440,0.737,-0.20449,0.96534,-0.725,1.158,-0.81857,0.312,-1.357,0.053,-0.989,-0.163,-0.889,-0.853,-0.32354,-0.971,0.033,-0.779,0.44483,-0.82154,0.56,-0.648,0.89415,-0.159,1.005,0.20359,0.812,0.54852
1,0.811,0,0.362,0.079,0.15970,0.29308,0.145,0.966,-0.173,0.982,-0.181,0.26664,-0.63714,0.364,-0.97650,-0.003,-0.204,-0.285,-0.30522,-0.48886,-0.126,-1.239,0.09345,-0.28916,0.28307,-0.18560,0.442,-0.079,0.359,0.05614,0.283,0.236,0.129,0.136
1,1,0,0.344,0.43617,0.44681,0.921,0.031,0.85106,-0.393,0.917,-0.369,0.626,-0.794,0.086,-0.463,-0.373,-0.268,-0.71725,-0.027,-0.729,0.23292,-0.502,0.391,-0.696,0.74300,-0.214,0.74758,0.149,0.45185,0.59071,0.15,0.76764,-0.104,0.74356
1,0.74,0.0,0.282,0.05725,0.058,0.159,-0.081,0.49,-0.272,-0.195,-0.41985,0.05,-0.45420,0.088,-0.16412,-0.311,-0.143,-0.245,0.245,-0.17557,0.34012,-0.11953,0.236,-0.141,0.21645,0.256,0.03913,0.31092,-0.03817,0.26336,-0.199,0.172,-0.423,-0.33588
1,1,0.0,0.878,0.001,1,0,1.456,-0.00075,0.94721,0.02,0.966,0.027,0.97888,0.015,0.99170,0.02338,0.629,0.078,0.849,0.041,0.97738,0.031,1,0.06241,0.625,0.068,0.96,0.04,0.884,0.113,0.561,0.084,0.97247,0.08616
1,1,0,1.219,-0.07572,0.836,0.003,0.87514,-0.017,0.86821,-0.07514,0.904,-0.11734,0.84624,0.073,0.498,-0.077,1.084,0.06705,0.418,0.043,0.68,-0.02370,0.559,-0.06012,0.895,-0.024,0.76717,-0.033,0.847,-0.061,0.899,-0.04220,0.46,0.008
1,1,0.0,0.35346,-0.175,0.351,-0.02423,0.68195,-0.034,0.63,-0.038,0.61836,-0.10467,0.62099,-0.046,0.298,-0.066,0.283,-0.342,0.58213,0.041,0.49736,-0.079,0.443,-0.08989,0.471,-0.008,0.48,-0.09038,0.35588,-0.137,0.459,-0.044,0.28943,-0.06
1,1,0.0,0.76046,0.009,1.167,0.00258,0.519,0.00384,0.875,0.02304,1.038,0.093,1.024,0.00744,0.548,0.011,0.684,-0.051,0.76531,0.054,0.632,0.01148,0.75071,0.01232,0.77138,-0.004,1.019,0.017,0.838,0.012,0.565,0.01484,0.648,0.01525
1,1,0.0,0.77,-0.01366,0.97404,0.07,0.297,0.385,0.477,-0.002,0.551,-0.14071,0.485,-0.549,0.267,0.783,0.76776,0.21,0.78552,0.155,0.47541,-0.554,1.093,0.00683,0.60656,0.06967,0.68656,0.187,0.87568,0.046,0.633,0.24590,0.094,0.634
1,1,0.0,1.1,0.08298,0.73739,-0.217,0.817,-0.06,0.90441,-0.054,1.043,0.13130,0.81197,0.072,0.79307,-0.058,1.464,-0.025,0.96639,0.06618,1.035,0.009,0.545,0.06618,0.519,-0.038,0.925,0.002,0.698,0.12815,0.86660,-0.147,0.90546,-0.049
1,0.565,0.0,0.95113,0.003,0.95183,-0.02723,1.07,-0.017,1.096,0.018,0.581,0.04,0.634,0.057,1.341,-0.016,1.277,0.00140,0.94834,0.06038,1.029,0.08412,0.93124,0.144,1.047,0.013,0.93522,0.032,0.93159,0.08168,0.94066,-0.0,1.142,0.04712
1,1,0,0.94701,-0.00034,0.919,-0.032,0.95177,-0.035,0.95584,0.02446,0.52,0.02,0.819,0.052,0.898,-0.015,0.875,0.02004,1.288,0.01393,1.007,0.07677,1.055,0.071,0.93988,0.03193,0.558,0.013,1.088,0.031,1.172,0.005,0.488,-0.00577
1,1,0.0,0.535,-0.02,1.09,-0.017,0.95691,-0.048,0.704,0.001,0.634,-0.037,0.482,-0.019,0.90608,-0.06,0.703,-0.00884,0.865,-0.12928,1.189,0.013,1.331,-0.03,0.91050,-0.02099,0.89147,-0.07760,0.82983,-0.111,0.96022,-0.056,0.87403,-0.16243
1,1,0.0,0.84710,0.13533,0.73638,-0.062,0.87873,0.065,0.597,-0.096,0.758,0.034,0.80668,-0.005,0.545,-0.01,0.85764,-0.04569,0.843,-0.049,0.534,-0.138,0.684,0.04394,0.512,-0.13,0.81147,-0.025,0.676,-0.00703,1.092,-0.06678,0.532,-0.06151
