1,0.97,0,0.99539,-0.071,0.85243,0.022,0.629,-0.37708,1,0.033,0.85243,-0.262,0.302,-0.429,0.703,-0.572,0.97,-0.499,0.862,-0.417,0.56971,-0.29674,0.36946,-0.36,0.421,-0.556,0.418,-0.46168,0.21266,-0.43,0.254,-0.54487,0.222,-0.295
0,1,0.0,1,-0.18829,0.887,-0.224,-0.078,-0.773,0.808,-0.052,0.463,-0.371,0.34432,-0.617,-0.71,-0.951,0.05499,-0.62237,0.29,-1,-0.162,-0.629,-0.111,-0.35734,-0.249,-0.339,-0.269,-0.167,-0.19040,-0.059,-0.16626,-0.036,-0.13738,-0.02447
1,1,0,1,-0.03365,1.246,0.005,1.23,-0.12062,0.88965,0.013,0.73082,0.048,0.644,0.00827,0.631,0.004,0.844,-0.136,0.813,-0.115,0.556,-0.27,0.43385,-0.12062,0.705,-0.503,0.795,-0.22145,0.452,-0.206,0.711,-0.261,0.623,-0.38238
0,0.994,0,1.339,-0.344,1,1,0.463,-1.267,0.0,0,0.0,0.0,0.0,0,-1.054,0.143,0.524,-0.441,-1.301,-0.672,-0.69975,1.199,0,0.0,1,1.338,0.611,1,0.969,-0.164,0.25682,0.82,-0.32382,1
1,0.507,0.0,1.293,-0.022,0.94140,0.06531,0.92106,-0.23255,0.77152,-0.196,0.311,-0.174,0.465,-0.008,0.34395,-0.385,0.57,-0.27,0.45107,-0.137,0.063,-0.279,0.018,-0.52879,0.024,-0.65158,0.097,-0.722,0.033,-0.825,-0.05707,-0.59573,-0.064,-0.65697
0,1,0.0,0.025,-0.00592,-0.063,-0.11949,-0.005,-0.063,0.142,0.081,0.053,-0.038,0,0,-0.04572,-0.188,-0.004,-0.128,-0.137,-0.05414,0.01838,0.04,0.009,0.01,0.028,-0.01535,-0.043,0.09223,-0.07859,0.007,0.0,0.0,-0.00039,0.173
1,1,0.0,0.97588,-0.07,0.88,-0.204,0.92806,-0.314,0.909,-0.145,0.927,-0.463,0.639,-0.608,0.74628,-0.724,0.745,-0.887,0.37852,-0.73641,0.36324,-0.76562,0.199,-0.79753,0.257,-0.81634,0.175,-0.82510,0.052,-0.82395,-0.031,-0.96,-0.123,-0.849
0,0,0.0,0.0,0.0,0.0,0.0,1,-1.351,0.0,0.0,-0.788,-0.505,0.0,0,0,0.0,1,1.18,-1,-0.955,0.0,0,0.0,0,0.596,0.811,0.976,1.126,0.0,0.0,1,1,0,0
1,1.249,0,0.798,-0.07198,1.259,-0.14333,0.63,-0.21313,1,-0.281,0.894,-0.43569,1.025,-0.519,1.005,-0.507,0.762,-0.35257,1.204,-0.66020,0.385,-0.596,0.389,-0.417,1.025,-0.65440,0.482,-0.714,0.25435,-0.63919,0.583,-0.848,0.244,-0.73420
0,1,0.0,-0.026,-0.119,0,0.0,0.0,0,0.11470,-0.26810,-0.489,-0.422,0.0,0.0,-0.402,0.38602,-0.385,0.225,0.543,0.206,0,0.0,0,0,-0.186,-0.01326,0.255,-0.013,0.0,0.0,0.122,0.326,-0.08208,0.38065
1,1,0.0,1.099,0.037,1,-0.18388,1.082,-0.287,1,-0.43107,1.355,-0.295,0.96232,-0.428,0.90711,-0.504,0.989,-0.43,0.761,-0.796,0.446,-0.602,0.843,-0.415,0.55867,-0.81,0.47211,-0.86500,0.461,-0.809,0.30996,-0.573,0.119,-0.89158
0,1,0,0.687,-0.453,1,-0.526,0.798,-1.303,0.952,0.36217,1,-0.384,1.38,0.656,1,-1.315,1,-0.297,1,-0.616,1.212,1,0.508,1,1.396,-0.45,1.0,-0.811,0.912,-0.744,1.21,-1.446,1,-1
1,1,0.0,1.451,-0.103,1.014,-0.10169,1.127,-0.15197,1,-0.19277,0.94055,-0.444,0.683,-0.341,0.93719,-0.423,0.94486,-0.384,0.584,-0.43383,1.122,-0.47308,1.102,-0.68,0.64,-0.515,0.677,-0.742,0.7,-0.422,0.867,-0.64537,0.64,-0.67226
0,1,0.0,1,-1.278,1,0.22280,0.641,-0.401,0.609,-0.12090,0.855,0.511,1,0.05,1,-0.097,0.625,-1,1.417,-1.289,0.807,0.15803,0.555,0.694,0.769,-0.122,0.906,0.244,1.489,-0.66494,1,1.109,1.147,-0.18826
1,1,0,1,0.068,1,0.03420,1.265,-0.054,1.289,0.112,1,0.171,0.87,0.20328,1.402,0.071,0.667,0.154,0.903,0.27087,1.206,0.612,1,0.41750,1.24,0.294,1.27,0.382,0.681,0.631,0.546,0.245,1,0.46712
0,1,0.0,0.264,-1.102,0.876,0.226,-0.03520,-0.554,1.091,-1,0.43685,-1.178,0,0.0,-0.516,-0.42,-0.407,0.03623,1.306,-1,0,0.0,0.0,0.0,-0.212,0.92236,0.556,0.26501,0.0,0,0.613,0.331,0.0,0
1,1,0,1.1,0.06468,0.684,-0.012,0.97811,0.029,0.96112,0.02,0.99274,0.04,1.181,0.148,1.298,0.054,0.88809,0.11120,0.865,0.062,0.456,0.145,0.893,0.117,1.192,0.147,0.79476,0.094,0.79110,0.15379,0.885,0.178,0.92,0.12015
0,0,0.0,0.0,0.0,-1,-0.943,0.69,1,-1.231,1,-0.847,0.541,1,-1.186,1.298,0.63,-1.205,-1,-1.194,0.658,0.523,-0.571,-0.728,1,-1,0.879,1,-1,-1.146,1.336,-0.561,-0.559,1,-1
1,1.019,0,0.62,0.02528,0.449,0.04,0.352,0.18761,0.08776,0.505,0.872,0.09,0.62099,0.148,0.649,0.10976,0.58373,0.254,0.14395,0.597,0.446,0.176,0.546,0.142,0.48838,0.23724,0.472,0.322,0.331,0.253,0.40663,0.255,0.962,0.33036
0,0.0,0.0,1,-1.44,0,0,0,0.0,1,0.896,1,-0.571,-1.003,1.483,0.0,0,-1.045,0.554,1,1.275,-1,0.839,1,0.583,-1,1.471,1,0.502,1.361,-0.779,0.993,0.845,0.587,0.907
1,1,0,0.708,-0.004,1.131,-0.09834,0.533,-0.07649,1.273,-0.10605,1.212,-0.11073,0.51,-0.573,0.599,-0.179,1.211,-0.216,0.579,-0.251,0.91693,-0.53,0.96060,-0.49,0.654,-0.40372,0.82681,-0.331,0.75784,-0.475,1.032,-0.422,0.763,-0.45039
0,0,0.0,0.502,1,0,0,0,0.0,-1,-0.952,0.0,0,0.0,0.0,-0.852,-0.669,-1,-1,-1,0.828,-1.33,1.094,0,0.0,0.0,0.0,1.424,-1.296,-0.629,1,-0.505,1.014,-1.227,1.3
1,1.267,0,0.96071,0.048,1.232,0.057,1,0.104,1.266,-0.031,0.686,0.021,0.83250,-0.031,1.088,0.09831,0.76544,0.003,0.75206,-0.05295,0.65961,-0.114,0.86,-0.05929,0.726,-0.046,0.846,-0.019,0.408,-0.01,0.51310,-0.0,0.714,-0.00182
0,0.0,0,-1.208,1.095,0,0,0.0,0,-0.544,1.143,1.066,1.332,0,0.0,0.0,0,1.167,-0.969,-1.093,0.767,0.779,1,0,0.0,-0.704,-1,0.63,-1,0.698,1.024,-0.66,1,0.0,0
1,1,0.0,1.43,-0.071,1,0.023,0.903,-0.05131,0.899,-0.01707,1,-0.11726,0.84493,-0.061,1.003,-0.04,0.938,-0.108,0.864,-0.289,0.94910,-0.31558,0.80852,-0.31654,0.555,-0.425,0.803,-0.4,0.48,-0.463,0.443,-0.26284,0.846,-0.467
0,1,0.0,1.159,0.848,1.181,-1,0.996,-0.657,1,-0.956,0.952,-1,1,-1.154,1.145,-1,1.107,-1,1,-1.11,1.099,-0.423,1.248,-1,1,-0.603,1,-0.511,0.885,-1.267,1.373,-1.007,1.365,-1
1,1,0.0,1.1,-0.08,1.061,-0.133,0.966,-0.901,0.729,0.391,0.84,-0.41382,0.88486,-0.31736,0.977,-0.23433,1.087,-0.62180,0.144,-1.071,0.90284,0.065,0.328,-0.767,0.55389,-0.458,0.475,-0.469,0.40650,-0.89674,0.32984,-1.065,-0.176,-1
0,0,0.0,-0.653,-1.321,0.0,0.0,-1,0.963,1.228,-0.394,0.0,0,0.0,0.0,0.0,0,1.288,-0.79,-1,-1,1,-1,0.0,0.0,1,-0.991,-1.444,1,-0.687,-1.126,0.0,0.0,-1,1
1,1,0,1.442,0.125,1.296,0.2,0.97,-0.13308,0.98172,0.387,1,0.245,1.161,0.59113,0.76,0.612,1,0.82777,0.861,0.95099,0.967,1.013,0.86,1.261,0.754,1,1.221,1,0.714,1.481,0.699,1.203,0.265,1
0,0,0,-1.19,-0.953,0.652,1.153,1,-0.741,-1,1.031,1,-0.547,-0.885,-1.223,0.0,0.0,0.808,1.018,-1.233,-0.933,1.275,-0.91,1,-1,1.477,1,1,-1.389,1,-1.294,-0.576,1,1,-0.754
1,1.25,0.0,1.048,-0.153,0.999,-0.181,0.718,-0.278,1.081,-0.101,0.616,-0.313,1,-0.238,1,-0.112,1,-0.38606,1,-0.547,1,-0.35519,1,-0.493,0.785,-0.654,1.041,-0.443,1,-0.75820,1,-0.75761,0.877,-1.11
0,0.961,0,1.476,-1,1.339,1,1.054,-1,1.301,-1,0.65,-1.199,1.37,-0.018,1,-1.235,1.156,1,1.23,-1.014,1,1.122,1,-0.754,0.0,0.0,1.348,1,1.184,-0.986,0.969,1,1.267,1
1,1,0,0.88208,-0.125,1.24,-0.065,0.92100,-0.16450,1.229,-0.203,1.097,-0.473,0.445,-0.31463,0.601,-0.35924,0.802,-0.258,0.574,-0.358,0.578,-0.47153,0.653,-0.702,0.61297,-0.377,0.694,-0.54629,0.414,-0.304,0.642,-0.57377,0.344,-0.58086
0,1.094,0,0.838,-0.034,0.265,-0.122,1.296,-0.078,1.165,-0.10236,1,-0.102,0.58965,1.076,0.83726,-1.252,0.49,-0.258,0.80760,-0.204,-0.314,0.92730,0.51933,0.077,0.65493,-0.194,0.982,-0.561,0.63811,-0.21901,0.928,-0.55,-0.23186,-1.18
1,1,0,0.8,-0.15899,0.887,0.2,0.478,-0.76,0.89,-0.332,1.049,-0.553,0.469,-0.083,0.48,0.149,1,0.321,1,0.34,0.96354,-0.01891,1.123,-0.91338,1.479,0.138,1,-0.135,1.1,-0.143,1,0.53372,1,-0.558
0,1,0,0.646,-0.596,1.351,1,1,-0.922,0.686,-0.485,0.53,-0.505,0.594,-0.877,1,0.73393,0.139,0.70982,0.967,0.879,1.181,0.85268,1.126,-1,1,1.008,1.366,-0.067,0.95982,-0.36250,1.182,0.771,1.057,0.39
1,1,0.0,1.4,0.005,0.966,-0.01209,0.775,-0.028,1,-0.101,0.97839,-0.06256,1.276,-0.041,0.997,-0.07917,0.92561,-0.13665,0.665,-0.204,0.775,-0.092,0.872,-0.13565,0.89469,-0.169,1.161,-0.091,0.709,-0.216,0.527,-0.20101,0.83867,-0.225
0,0,0,1,1.355,0.558,-1.022,0.0,0.0,0.0,0.0,-0.689,-1,0.0,0.0,0.0,0,-1,1,0.639,0.655,-1,0.984,-1,1.412,1.205,-1,1.092,0.534,-1.259,1.292,1.255,1,0.0,0
1,0.789,0.0,0.977,0.059,0.778,0.012,0.94705,0.08,1.322,0.012,0.91911,0.071,0.975,0.12067,0.92048,0.06211,0.574,0.152,0.83744,0.181,0.926,0.11849,1.046,0.14222,0.704,0.123,0.465,0.13282,0.66387,0.166,0.70925,0.119,0.42,0.11447
0,0.967,0.0,1,0.014,1.442,0.04861,0.642,0.07143,0.61745,-0.687,0.91036,0.101,1.164,0.272,1.133,0.157,0.719,0.15189,1,0.572,0.65850,0.211,0.804,0.16516,0.286,0.117,0.591,0.083,0.285,0.147,0.328,0.14677,1,1
1,1,0.0,0.798,0.071,1,0.20746,1.303,0.26281,0.826,0.32213,0.86773,0.356,0.952,0.665,0.875,0.339,0.47,0.829,0.57619,0.399,0.4,0.848,0.249,0.524,0.417,0.957,0.27712,0.538,0.193,0.70682,0.14,0.72688,0.06990,0.71444
0,0.609,0,-0.667,-1,1,1.005,0.906,-0.14375,0,0.0,-1.127,1.065,1.146,1.289,0.147,-1.451,-0.555,-0.625,0.08750,-1.489,1,-0.646,-1,0.989,-1,-1.304,1.255,-1,-1,-1.147,1,1.014,0.0,0.0
1,1.459,0.0,0.90932,0.068,0.86528,0.188,1.402,0.16598,0.698,1.005,0.70207,0.502,0.116,0.628,0.379,0.313,0.444,0.721,0.286,0.161,0.494,0.54462,0.301,0.55826,0.24856,0.56527,0.18626,0.73,0.12635,0.56101,0.059,0.714,0.067,0.67739
0,1.151,0.0,-0.9,-1,0.554,0.453,1,-1.038,1,-0.23393,0.613,1.221,1,-0.347,1,-1,1,0.177,0.774,-1.081,1,-0.044,-0.84286,1,0.358,0.85714,1.173,1.144,1.178,-1.427,0.753,-0.516,1.225,-1.306
1,1,0.0,0.749,-0.075,0.687,-0.11,0.98663,-0.187,0.99374,-0.342,0.99,-0.336,0.92651,-0.37965,0.614,-0.43796,0.84922,-0.431,0.87433,-0.57075,0.692,-0.653,0.866,-0.89,0.783,-1.003,0.573,-0.956,0.61010,-0.75353,0.783,-1.018,0.49195,-0.432
0,0,0,0.0,0.0,0.0,0.0,0,0,0.514,1.228,1,0.719,0.0,0.0,0.0,0,-0.37500,-1.096,-0.541,-1.103,0.0,0.0,0.0,0,-0.63,-1,-1.146,-1,-0.523,0.571,1.205,0.0,0,0
1,1,0,1,-0.03730,1.002,-0.104,0.99601,-0.065,1.02,-0.09931,0.98941,-0.13814,1.401,-0.297,0.535,-0.192,1.195,-0.254,0.90581,-0.32152,0.791,-0.48,0.87874,-0.311,0.86213,-0.638,0.524,-0.356,0.846,-0.434,1.041,-0.268,0.975,-0.595
0,1,0,0.54,-0.02685,-0.993,0.271,-0.36393,0.485,0.685,-0.391,1.396,-0.036,-0.29020,-0.005,-0.454,0.104,0.611,-0.414,1,-0.50424,-0.239,-0.291,-0.371,0.37361,0.761,-0.46734,0.52208,-0.389,1,-0.515,-0.123,0.113,-0.048,0.41913
1,1,0.0,0.98166,0.009,0.829,-0.03818,1.212,-0.069,0.68,-0.103,0.99004,-0.059,1.148,-0.11102,0.746,-0.12790,1.366,-0.068,0.818,-0.19200,0.917,-0.116,0.86257,-0.27,1.284,-0.19689,0.81813,-0.166,0.47,-0.23864,0.76911,-0.34,0.954,-0.127
0,1.296,0.0,0.0,0,0.502,0.592,0.0,0,0.157,-0.629,0,0.0,0.0,0.0,-1,-0.22414,-0.63,-1.082,0.543,0.322,0.0,0,0.362,0.35668,-0.90302,0.571,1,-0.505,-1,1.001,0.0,0.0,0,0
1,1,0,0.92,-0.156,0.442,0.024,0.93421,-0.00267,0.711,0.132,0.81121,-0.015,0.88559,0.54991,1.13,-0.807,0.75000,-0.198,0.791,-0.20104,0.736,1.274,0.58,-0.218,0.90066,-0.02778,1.361,-0.007,0.832,-0.421,1.214,-0.326,0.93323,-0.011
0,0,0.0,1,1.208,1,-0.767,0.0,0.0,0.0,0.0,1,1,1.332,1,-0.671,-1,1,-1.143,-0.508,1.176,0.0,0.0,0.66,-1.233,1,-1.318,0.779,0.597,-1,-0.845,0,0.0,0.0,0
1,1,0.0,1,0.524,0.544,1.221,1.199,1.372,-0.243,1.182,-0.83152,1.464,-0.815,1,-1,0.474,-0.698,-0.851,-1.314,-0.452,-1,-1.146,-0.585,-1,0.90014,-0.969,1.356,-1,1.066,-1,1,-0.244,1.2,0.34845
0,1.145,0,-0.67935,-1,-1,1.373,0.771,0.63317,0.03515,-1,-1.418,-1,1,1.43,1.3,-0.673,-1.099,1,0.931,1.169,0.716,-0.603,-0.657,-0.952,-0.209,0.899,1.159,-1,-0.565,-1.248,-0.956,0.657,1,0.202
1,1.343,0.0,0.95659,0.08143,0.97487,-0.031,0.978,-0.094,0.505,-0.058,0.943,0.01279,0.95436,-0.16795,1.013,-0.19497,1.263,-0.381,1.043,-0.331,0.505,-0.27316,1.042,-0.152,0.99899,-0.454,0.87244,-0.34586,1.256,-0.30619,0.828,-0.43,0.904,-0.485
0,1.051,0,0.08333,-0.233,-0.821,1.288,-1.321,1,0.95,0.47173,-0.551,-0.62723,-0.707,-1,-0.591,0.58,-0.018,0.586,-0.42113,-0.325,-0.74628,-1.061,-1,-0.46801,-0.769,0.355,0.88,-1.341,-1.228,-0.562,-1.326,-1,-1,0.592
1,1,0.0,0.516,-0.013,0.62,-0.063,0.963,-0.06682,0.583,-0.052,0.653,0.56173,0.806,-0.12738,1,-0.14522,1,0.32407,1.085,-0.187,1.434,-0.264,0.939,-0.138,1,-0.655,0.87280,-0.207,0.82920,-0.131,0.78479,-0.18,0.546,-0.212
0,0,0,-0.699,0.548,1,-1,-0.905,1.191,0.0,0.0,1,1,-1.062,-0.18750,0.721,1,-1,-0.575,1.124,-0.563,-1.07,-1,0.747,0.518,0.864,-1.33,0.525,1,1,0.895,0.0,0.0,-1.331,-0.973
1,1,0.0,1.469,0.058,1.169,0.039,1.315,0.134,1.252,-0.025,0.567,0.07033,0.674,0.132,0.85,0.071,0.90896,0.20119,0.96741,0.197,1.479,0.12,0.90784,0.16410,0.91667,0.199,0.88423,0.23571,0.88568,0.273,1.004,0.228,0.616,0.31166
0,0.534,0,0.095,-0.9,-1,0.555,0.0,0.0,0.0,0.0,-1,0.993,0,0,-0.804,-0.509,0.80521,0.36146,0.39,0.076,0,0,-1,-0.207,-1.201,1.374,0.748,1,-0.525,0.66,0.0,0,0.0,0.0
1,1,0.0,1,0.107,1.243,0.12197,1,0.282,1.131,0.09237,0.94930,0.141,0.912,0.231,0.985,0.305,0.806,0.148,0.83656,0.349,0.509,0.275,0.462,0.481,0.76193,0.458,0.68452,0.284,0.62764,0.46031,0.56791,0.315,0.773,0.744
0,0.619,0.0,0.012,-0.246,0.0,0.0,0,0.0,0.0,0.0,0,0,0,0.0,0.127,-0.661,0.22813,0.995,1.288,-0.292,0.0,0,0.08333,-1,-0.096,-0.241,0.691,-0.76667,-0.518,0.18854,0.0,0.0,1,-0.27292
1,1,0.0,0.687,0.088,0.934,0.16334,0.94616,0.33347,1.059,0.248,0.874,0.243,0.84250,0.649,1.047,0.49225,0.881,0.686,0.481,0.56977,0.676,0.569,0.754,0.891,0.48311,0.79,0.43317,1.012,0.289,0.539,0.448,0.66844,0.22101,0.78685
0,0.936,0,0.39,1.034,0.20833,-1,1,0.546,0.624,0.31,-0.891,1,-0.087,0.793,0.014,0.049,-0.711,-0.789,0.175,-0.03289,0.32675,-0.43860,-1,1,0.80921,-1.399,1.239,-0.041,0.954,1.316,0.155,-0.931,0.538,1
1,1,0,0.925,-0.41457,0.983,0.557,0.87060,0.226,1,-0.09925,0.772,0.445,0.729,-0.156,0.77,0.01,1.356,-0.50126,0.576,-0.346,0.61,-0.234,1.131,-0.156,0.93593,0.10678,0.617,-0.091,1,-0.27387,0.308,0.202,0.344,-0.05402
0,0.654,0.0,0.84783,0.055,1.121,0.395,1,-1.235,0.66,0.114,1.076,0.154,1,0.742,1.044,0.444,0.944,0.02,0.58424,-0.534,1.072,0.63496,0.981,0.26585,0.91033,-0.33333,0.791,0.218,0.37681,-0.01947,1,0.166,0.677,0.37409
1,1,0,1,0.38,1,0.03,1.181,0.071,1.167,0.04317,0.852,0.234,1,0.07,0.505,0.043,1.374,-0.24598,1.198,-0.08668,1.177,0.04150,0.727,0.27376,0.54,-0.238,0.96414,-0.027,1.296,0.296,1.413,-0.324,0.599,-0.07329
0,0.0,0.0,0.509,-1,1.277,-0.944,1.074,-1.429,0.829,-0.525,1,1.063,1,1,0.709,-0.553,1,1,1.341,0.745,0.61,1,1,-0.91,0.618,-1.461,1,-1.037,1,0.349,0.0,0,1.419,-1
1,0.891,0.0,1.288,0.731,0.81309,0.724,0.43019,1,0.284,0.80541,-0.43872,1,-0.896,0.77092,-0.942,0.40268,-0.237,-0.58634,-0.873,-0.451,-0.417,-0.441,-0.37671,-1.212,0.41366,-1.177,0.271,-1.023,0.25773,-1.088,1.316,-0.509,1.458,0.031
0,0.579,0,1,0.589,1.433,-1,1,-1.252,0.627,1.052,1.045,1,1,1.348,0.767,-1.176,1,0.727,1,1,0.667,1.285,0.659,1,0.567,0.779,1.432,0.414,0.0,0.0,1,-0.622,1.012,-1
1,1,0.0,0.968,0.047,1,0.197,0.848,0.26968,0.53,0.364,1.193,0.28778,1,0.425,1.042,0.31674,0.892,0.436,1,0.654,1.044,0.431,1.259,0.437,0.89593,0.433,0.89502,0.71374,0.85611,0.812,0.74389,0.773,0.727,0.876
0,0,0.0,1,-1.128,1.152,1,-1.435,-0.777,1,-0.502,0.0,0.0,0.0,0,-1,1,0.95,-1.282,1,-0.692,-1.088,1,1,-1.017,1,-1.317,0.821,-0.874,-1,-1.49,0.0,0.0,1.43,-1.407
1,1,0.0,0.96087,0.057,0.96760,0.282,0.96026,0.152,0.689,0.427,1.274,0.517,0.86265,0.578,0.82820,0.353,0.578,0.69065,0.69003,0.631,0.54473,0.629,0.48339,0.766,0.287,0.985,0.371,1.214,0.301,0.86061,0.123,0.86835,0.068,1.036
0,1,0,0.665,0.315,0,0,-0.385,0.69841,0.0,0.0,0,0.0,0.0,0.0,0.20635,-0.246,0.284,0.24,0.46429,0.545,0.0,0,0,0.0,0.793,0.385,0.434,0.674,0.0,0.0,0.0,0.0,0,0
1,1,0.0,1.055,0.05070,1.294,0.137,1.155,0.19498,1,0.163,1.381,0.436,0.977,0.38261,0.94575,0.281,0.89126,0.745,0.75906,0.545,0.798,0.729,0.79578,0.534,0.66643,0.654,0.576,0.86,0.61,0.72684,0.566,0.71689,0.294,0.678
0,0,0,1,1.226,0,0,1.147,-0.746,0.785,-1.125,0.749,1,0.838,0.727,1,-1.427,0.994,1.024,1.145,0.619,0.701,-1.464,-1,-1.246,1,-1.255,1,-1.467,1.019,1,0.0,0.0,0.823,-1
1,1,0,1.427,0.046,1,0.08,1.061,0.12,1,0.27921,0.98703,0.347,0.92745,0.37639,0.91118,0.328,0.773,0.688,0.593,0.7,0.79400,0.395,0.537,0.489,0.686,0.59723,0.386,0.508,0.369,0.721,0.395,0.658,0.5,0.62658
0,0,0.0,0.673,1,1.061,-1.243,0.575,1,1,0.591,1.276,1,1,0.51,0.545,1,1.358,-1.432,-1.147,1,-1.093,1.455,-0.53,1,1.203,-0.759,1.177,0.629,-0.793,1,-1,-0.635,-1.471,1
1,1,0.0,0.655,0.265,0.671,0.491,0.916,0.72973,1,1.316,0.849,0.72,0.509,1.265,1,0.845,1.229,1,1.152,1,0.74468,1.282,0.641,1,0.354,1.403,0.475,1,0.10819,1,-0.122,1.218,-0.81383,0.711
0,0,0.0,1.401,1,0.698,-1,0.893,1.001,-1,1,0,0.0,1.22,1.081,0.0,0.0,0,0.0,-1.313,0.831,-1.289,0.504,1.346,1,0.631,-0.778,1,0.938,1.32,1,1,-0.885,-1,0.968
1,1,0.0,0.712,-0.033,1,0.756,0.665,0.126,0.565,0.146,1,-1,0.766,-0.478,1.382,-0.084,1,0.04895,1.234,-0.829,1.462,-0.343,0.541,-1.144,1.388,-0.39,1.486,-0.81372,1,-1,1,-0.78555,1.117,-0.48252
0,0,0.0,0.905,-1,1,0.595,0.839,1.208,0.691,1,0.81,1.029,0.807,-1.434,1,-0.591,0.77,0.611,0.798,-1.194,1.134,1.175,1,1,1.171,-1,1,0.93,1,-1,1.415,0.591,1.494,-1
1,0.539,0,0.92277,0.059,1.117,0.16251,0.89702,0.298,0.84111,0.326,0.78801,0.32,0.767,0.46983,0.374,0.56476,0.694,0.839,0.346,0.64924,0.39903,0.695,0.467,0.952,0.124,1.091,0.18765,0.73885,0.13,1.028,0.033,0.459,-0.056,0.795
0,1,0.0,0.878,-0.183,1.086,0.305,0.437,0.333,0.25795,0.552,0.775,-0.096,0.01060,0.44523,0.013,0.516,0.222,0.331,0.10567,0.343,0.054,0.30745,-0.001,0.24936,-0.042,0.111,-0.04314,0.122,-0.04779,0.11,-0.04585,0.085,-0.04013,0.04586
1,1.486,0,0.937,-0.02811,0.377,-0.05178,0.80621,0.017,0.85947,0.02515,0.646,0.08728,0.662,0.08,1.053,0.038,0.78550,-0.338,0.487,-0.009,0.43,0.066,0.233,-0.235,0.627,0.02811,0.61009,-0.06637,0.313,-0.21154,0.626,-0.196,0.522,0.016
0,1,0.0,0.521,-0.038,0.97464,0.04328,0.688,1,0.331,0.15299,0.286,0.105,0.61567,-1.092,0.649,0.475,0.66791,-0.095,0.46642,-0.11567,0.781,0.145,1.182,0.328,0.334,0.174,0.277,0.14630,0.352,-0.02612,0.39118,0.078,0.201,0.136
1,1.252,0.0,0.67547,0.067,0.568,-0.105,0.77358,0.03774,0.799,-0.04528,0.386,0.01,0.751,-0.141,0.646,-0.029,0.725,0.114,0.61887,-0.041,0.75849,-0.167,0.73962,-0.14717,0.55,-0.083,0.73886,-0.056,0.66792,0.02,0.646,0.03774,0.566,0.00755
0,0.748,0.0,0.952,-0.045,0.89241,0.046,1.484,0.61,0.506,-0.05909,0.48182,-0.126,1.195,0.09559,0.811,1.237,0.50455,0.21818,0.946,0.055,0.534,-0.30000,0.98636,-1,0.627,0.325,0.56982,0.13,0.42273,0.099,0.437,0.179,0.555,1
1,1,0.0,0.57647,-0.008,0.491,0.0,0.336,0.072,0.244,-0.065,0.707,0.206,0.312,0.114,0.395,-0.05490,0.58039,0.015,0.50196,0.0,0.283,0.041,0.504,0.08235,0.49804,0.004,0.48601,0.10039,0.416,0.08235,0.45098,0.23,0.43137,0.228
0,1,0,0.521,0.091,0.377,0.113,0.224,0.274,-0.019,0.44318,0.04517,0.516,-0.259,0.485,-0.071,0.395,0.02727,0.28,-0.24,0.12727,-0.147,0.05078,-0.192,0.36364,-0.18,-0.066,-0.09971,-0.07114,-0.952,-0.665,-0.02916,-0.079,-0.00526,-0.093
1,1.465,0,0.845,-0.151,1,0.36373,0.778,0.19206,1.217,0.078,1.246,-0.04292,0.527,0.355,0.77897,0.238,0.69206,0.696,0.853,0.39056,0.628,0.27575,1,0.258,0.733,0.72,0.481,0.522,0.933,0.353,0.234,0.70923,0.574,0.54185
0,1.195,0.0,0.455,-0.118,-0.31745,-0.651,-0.08961,-0.402,1.089,0.062,0.89514,-0.00763,-0.121,0.657,-0.248,-0.356,0.676,-0.168,0.77979,-0.146,-0.06959,0.50810,-0.319,0.909,0.78932,-0.037,0.433,-0.25288,1.038,-0.14109,-0.174,-0.553,-0.18494,-0.59867
1,0.753,0,0.991,-0.24783,0.655,0.024,0.372,0.38261,0.628,0.18261,0.5,0.279,0.57826,-0.154,0.369,0.534,0.38696,-0.42609,0.335,-0.318,0.331,0.09,0.359,-0.03845,0.217,-0.153,0.612,-0.04264,0.447,-0.031,0.728,-0.25217,0.481,0.14783
0,1,0,-0.525,0.173,-0.362,0.608,0.52012,-0.156,0.31889,-0.06811,0.153,-0.086,0.601,0.08978,0.56347,-0.167,0.16409,0.358,0.33746,0.042,0.701,0.097,-0.629,-0.409,1.114,0.815,0.511,-0.40116,-0.143,0.11,0.017,0.55820,0.52632,-0.059
1,0.988,0.0,0.29202,0.101,0.338,0.122,0.51783,-0.00509,0.52632,0.211,0.664,-0.236,0.256,-0.065,0.611,0.03905,0.81664,-0.276,0.42445,-0.052,0.176,0.06621,0.147,-0.192,0.54,-0.04,0.50369,-0.048,0.34635,0.09847,0.901,-0.025,0.268,-0.03226
0,1.429,0.0,0.79157,0.246,0.0,0,0.845,0.051,0.21,1,0.564,0.701,-0.02439,0.53215,0.22,0.133,-0.02661,0.866,-0.50998,1.084,-0.119,0.237,-0.42572,0.161,-1.081,0.80710,-0.34146,0.88248,-0.709,0.69401,-1.494,0.151,0.0,0.0
1,1,0.0,0.90116,0.16607,1.093,0.242,0.72990,0.677,0.635,0.72997,0.57,0.81152,0.24412,0.826,0.06438,0.85038,-0.143,0.87396,-0.31,1.15,-0.387,0.973,-0.316,0.283,-0.601,0.228,-0.71844,0.283,-0.852,0.11218,-0.637,-0.058,-0.727,-0.28
1,1,0.0,0.564,0.158,0.82683,0.46259,0.71771,0.356,0.282,0.886,0.342,1.16,0.065,0.732,-0.156,0.751,-0.334,0.863,-0.52145,0.79525,-0.978,0.49508,-0.51,0.33537,-0.85376,0.17849,-0.593,-0.017,-0.834,-0.148,-0.67289,-0.195,-0.59943,-0.67
0,1,0,-1.014,-0.634,0,0.0,0.738,-0.552,0.60586,0.32899,-0.903,-0.421,0.0,0.0,0.0,0,0.667,-0.26710,0.36482,-0.768,0.97068,-1.099,-0.737,-1.285,1.042,-0.395,-0.735,-1,-0.622,-0.727,1,-1,0.0,0.0
1,1,0.0,1.059,0.059,1.147,0.027,0.78575,0.043,0.333,0.09948,0.87,0.272,0.878,0.053,0.914,0.046,0.58,-0.067,0.616,0,0.882,0.131,0.608,0.12185,0.67016,0.12,0.64158,0.13608,0.865,0.17539,0.567,0.14697,0.57455,0.15114
0,0.863,0.0,1,-1,0.0,0,0.77941,-0.998,0.971,0.55147,-0.575,-0.57,0.0,0.0,0.0,0.0,0.542,-0.542,0.581,-0.898,0,0,0.127,-1,-1,-1.435,-1.233,-1.217,0.668,-1,0.914,-0.941,0,0
1,0.707,0,0.546,0.017,1.299,-0.03142,1,-0.028,1.266,-0.053,1.158,-0.047,0.99173,-0.09002,1,-0.173,1,-0.11,0.98310,-0.106,1.462,-0.2,1.448,-0.19272,0.564,-0.21,1.163,-0.112,0.659,-0.191,0.96436,-0.22561,0.936,-0.23296
0,0,0.0,0.0,0.0,0.0,0,0,0.0,0.0,0.0,0.0,0.0,0,0.0,0.0,0,0.0,0,0.0,0.0,0,0,0,0,0.0,0.0,1.055,-1.155,0.0,0.0,0.0,0.0,0,0
1,1,0,0.95704,-0.157,0.538,-0.104,1.221,-0.18242,1.081,0.08460,1.153,-0.01124,0.517,-0.207,1,-0.32,1.08,-0.311,0.98678,-0.262,1.145,-0.27165,0.677,-0.444,0.573,-0.212,0.88793,-0.362,0.81428,-0.232,0.886,-0.238,0.69531,-0.515
0,1,0.0,0.28409,-0.39,0,0.0,0.973,-1,0.30682,0.95833,0.429,0.068,0.273,-0.868,0.0,0.0,0.59091,-0.268,0.379,-0.834,0.0,0.0,0.0,0,0.182,0.17803,0.683,-0.23864,0.062,-0.318,0.16288,-1.0,0.0,0
1,1,0.0,0.94490,-0.629,1.243,-0.041,0.825,-1.025,0.85,0.66942,1.147,-0.10104,1.358,-0.066,1.123,-0.105,1,-0.17681,1.061,-0.138,1.455,-0.179,1,-0.397,0.575,-0.353,1,-0.477,1,-0.36931,0.754,-0.259,1,-0.44739
0,1.152,0.0,0.0,0,0.0,0.0,0.0,0,0,0.0,0.62195,1.01,0.0,0.0,0.0,0.0,0.36585,-1.019,0.56098,-1,0.0,0,0.0,0,0.0,0,0.711,0.10976,0,0.0,0.0,0.0,0.0,0.0
1,0.59,0,0.627,0.00526,0.77,-0.11313,0.878,-0.165,1.388,-0.049,1.267,-0.099,1.147,0.02966,1.223,-0.269,0.93881,-0.12977,0.87,-0.109,1.097,0.001,0.87836,-0.05882,0.476,-0.192,0.87579,-0.17806,1.17,-0.115,0.578,-0.326,0.76586,-0.27794
0,1,0.0,0.141,0.061,0,0,0.0,0.0,0.455,1.017,0.462,1,0.0,0.0,0.0,0.0,0.37162,-1,0.176,-1,0.0,0.0,0,0.0,-0.215,-1,1,-1,0.394,-0.165,0.0,0.0,0.0,0
1,1,0.0,0.905,-0.739,1.336,-0.73371,0.689,-0.97450,1,-0.421,1,-0.137,0.62890,-0.86402,1.208,-0.342,0.503,-0.79603,0.76771,-0.915,1.161,-1.177,0.802,-0.607,0.925,-1.124,0.53777,-0.77986,1.162,-0.611,0.93,-1.415,0.30445,-0.526
0,1,0,0.747,-0.62879,0.0,0,0.0,0.0,0.715,0.528,1.148,-0.151,0.0,0,0,0.0,0.496,-0.119,0.84091,-1.39,0.807,-1,0.0,0.0,0,0,1.038,-0.93939,-0.158,-0.93182,0.0,0.0,0.0,0.0
1,1,0.0,1.069,0.19310,0.80920,0.41149,0.541,0.752,0.54559,1.005,0.36705,0.69,0.112,1.024,-0.057,0.86284,-0.17241,0.75785,-0.346,0.51,-0.364,0.525,-0.381,0.544,-0.849,0.279,-0.86,0.06,-0.57241,-0.07816,-0.54866,-0.241,-0.326,-0.385
0,1,0.0,0.251,-0.726,0,0.0,1,-1.019,0.90000,0.925,0.522,0.64000,0.0,0,0.0,0.0,0.682,-0.275,1.249,-1,0,0.0,0.0,0.0,0.277,0.722,1,0.324,0,0.0,0.0,0,0.0,0
1,0.575,0.0,1,0.23395,0.992,0.384,0.766,0.96,0.452,0.84222,0.31,0.535,0.05,0.516,-0.126,0.91404,-0.34168,0.9,-0.475,0.686,-0.64527,0.44614,-1.032,0.414,-0.382,0.029,-0.897,-0.11943,-0.461,-0.28183,-0.464,-0.44505,-0.37432,-0.53319
0,0.721,0.0,1.342,0.528,-0.71,1,-0.271,0.626,0.05405,0.29730,-0.247,-0.10241,-0.03,-0.08970,0.015,-0.03403,0.007,-0.003,0.002,0.001,0.0,0.00075,-0.00003,0.0,-0.0,0.0,-0.00001,0.0,0,0,0.0,0,0.0,0.0
1,0.903,0.0,0.21429,-0.09524,0.178,0.063,0.231,0.209,0.23810,0.08,0.6,0.02381,0.313,-0.067,0.452,-0.03,0.28571,-0.118,0.407,0.04762,0.228,0.0,0.111,-0.11905,0.473,-0.04762,0.22109,-0.028,0.19048,0.0,0.16997,-0.02034,0.184,-0.014
0,1,0,1.147,-0.09,0.752,0.04918,0.57377,-0.01639,0.905,0.01639,0.449,-0.031,0.716,0.0,0.68852,-0.1,0.246,-0.14754,0.364,-0.131,0.6,0.025,1.31,-0.29508,0.31148,-0.454,0.289,-0.29,0.287,-0.018,0.146,-0.44262,0.48,-0.06557
1,0.734,0.0,0.98182,0,1.077,0.019,0.573,0.05,0.80000,0,0.69091,0.039,0.79343,0.105,0.412,0.07,0.62727,0.176,0.68182,0.134,0.91,0.182,0.459,0.147,0.71,0.22727,0.949,0.15088,0.724,0.02727,0.371,0.16465,0.839,0.167
0,0.691,0,0.237,0.271,-0.745,0.11342,-0.16628,-0.76378,0.881,0.01190,0.82143,0.575,-0.67230,0.19,-0.337,-0.546,0.68,0.16,0.54762,0.081,-0.747,0.44961,-0.47651,-0.522,0.175,0.844,0.51971,0.535,0.514,0.539,-0.633,-0.206,0.25441,-0.671
1,1,0.0,0.86889,-0.098,1,-0.03,1,-0.036,0.87778,0.001,0.858,-0.06444,0.809,-0.104,1,-0.191,0.872,0.07,0.88000,-0.036,1,-0.11526,0.74,-0.18667,0.827,0.048,1.38,-0.112,0.564,-0.079,0.708,-0.15609,0.611,-0.497
0,1.35,0.0,0.294,-0.158,0.58182,-0.106,0.242,-0.642,0.42,-0.03636,0.29091,-0.05455,0.357,0.269,0.457,-0.585,0.139,-0.01818,0.537,0.05455,0.104,0.49091,0.639,0.16364,0.32727,0.123,0.418,-0.07027,0.246,-0.053,0.12727,-0.339,0.159,-0.29091
1,1,0,1,-1.03,1.225,0.75472,0.328,-0.061,0.587,0.0,1,-0.00054,0.349,0.07547,0.407,-0.079,0.975,-0.001,0.37,0,0.566,0.107,1.076,-0.001,1,0.79245,1.26,-0.002,0.914,-1.163,0.983,0.312,0.43396,-0.11321
0,0.737,0.0,0.916,0.917,-0.76190,-0.267,0.247,-0.175,0.565,-0.176,-0.352,0.069,0.336,0.0,0.28571,-0.07143,-0.548,0.51163,0.23810,0.014,0.615,0.061,0.084,-0.26190,-0.598,-0.10234,0.24889,-0.381,0.988,0,-0.66667,-0.04762,0.217,0.02381
1,1,0.0,0.43750,0.039,0.687,-0.156,0.487,0.0,0.498,-0.091,0.497,0,0.29167,0.10417,0.384,0.019,0.43750,-0.22917,0.258,-0.22917,0.473,0.113,0.25000,0.221,0.279,-0.18750,0.269,-0.117,0.31,-0.08333,0.503,-0.46,0.33333,-0.033
0,1.277,0,1.341,1.132,0.0,0.0,0,0.0,0.0,0.0,0.426,-0.89098,-0.51504,0.45489,-0.95489,0.28571,0.924,0.829,0.0,0.0,0.0,0.0,0.354,0.20301,-1,-0.618,1.063,-1.177,0.61,1,0,0,0.0,0.0
1,1.088,0,1.226,0.047,1.352,0.13030,1.28,0.238,0.84881,-0.506,0.805,0.845,0.489,0.306,0.418,0.37988,0.66145,0.40844,1.047,0.346,0.56,0.476,0.308,0.288,0.381,0.339,0.34374,0.43221,0.90330,1,0.142,0.417,0.18632,0.37191
0,0.589,0.0,0.59840,0.40332,0.82809,0.80521,1.089,0.70709,0.923,-0.10984,1.05,0.07981,0.639,-0.869,0.676,0.88444,0.95452,-0.05206,0.503,0.227,0.98484,-0.727,1.019,-0.711,0.223,-0.431,0.703,0.219,0.656,0.306,0.546,0.81007,0.596,0.365
1,1,0,1.371,0.091,0.968,-0.013,0.98313,0.031,1.157,-0.105,0.729,-0.02716,0.621,-0.03096,1.044,-0.05343,1,-0.05179,0.93840,0.011,0.528,-0.072,1.232,-0.061,0.777,-0.15675,1.389,-0.062,0.90978,0.017,1.017,-0.131,0.468,-0.06888
0,1,0.0,0.0,0.0,-0.233,0.85388,0.0,0,0.907,-1,1.408,0.315,-0.319,-0.652,-0.261,0.725,0.94155,0.135,0,0,0.0,0.0,-0.208,-0.914,0.0,0,1,-0.941,0,0.0,0.057,0.61881,0.0,0
1,1,0,1.134,0.00876,0.546,0.00843,1.354,-0.008,1.291,-0.034,0.6,-0.051,0.707,-0.015,0.752,-0.02,1.099,-0.01175,1.182,0.00025,1,-0.02612,0.896,-0.069,0.779,-0.051,0.99188,-0.023,0.681,-0.014,1.266,-0.03855,0.98420,-0.04112
0,1,0,0,0.0,0.98919,-0.282,0.18919,-0.073,0.0,0.0,1.339,0.079,1,-0.208,1.016,0.07027,1,-0.127,0.0,0.0,0.957,-0.21081,1.235,-0.412,0.0,0.0,0.951,-0.122,0,0,1.408,-0.25946,0.428,-0.103
1,1,0.0,0.64122,0.018,0.34146,-0.031,0.52751,0.045,0.286,0.152,0.382,0.044,0.187,0.04878,0.29268,0.0,0.36585,0,0.31707,0.08,0.26829,0.15,0.147,0.056,0.225,0.082,0.233,0.057,0.216,0.05504,0.191,0.0,0.192,0.07317
0,0.701,0.0,1,1,1.145,-1.103,0.0,0,0.0,0.0,1.49,1.023,1,-1.024,1.226,0.785,1,-1.147,0.0,0.0,0.0,0.0,1,-0.27778,0,0.0,1,-1.427,0.727,0.823,0.994,-1,0,0
1,1.455,0.0,0.34694,0.241,0.249,0.204,0.40816,0.20408,0.443,0.504,0.234,0.497,0.175,0.55102,0.0,0.324,-0.06122,0.585,-0.20408,0.386,-0.303,0.307,-0.187,0.246,-0.61224,0.22449,-0.46579,0.154,-0.59184,0.18367,-0.34694,0.0,-0.396,-0.202
0,0.545,0.0,0.0,0,1,-0.701,0.0,0.0,0.0,0.0,0.51,1.177,1,-0.363,0.548,0.23288,1,-1,0.0,0.0,0.0,0.0,0.711,1,0,0,1.416,-1.203,0.0,0,1.229,-1,0.0,0
1,1,0,1.15,0.42,1.153,0.37500,0.468,0.683,0.639,0.77941,0.19118,0.88971,-0.015,0.67,-0.251,0.772,-0.191,0.949,-0.576,0.406,-0.73529,0.275,-0.615,0.081,-0.487,-0.12500,-0.876,-0.24131,-0.726,-0.42647,-0.26,-0.629,-0.28676,-0.56618
0,0.722,0,-1.374,0.371,0.154,0.107,-0.845,-0.70984,-0.155,0.403,-0.698,0.995,-0.818,0.33987,-0.657,-0.014,-0.98039,-0.83007,-0.79,-0.54248,-0.04575,-1.096,0.94118,-1.301,-0.968,-0.467,0.74385,0.081,-1,0.047,0.246,0.032,-0.40201,-0.48241
1,1,0.0,0.359,-0.10000,0.369,0.0,0.33333,-0.13333,0.292,0.151,0.403,0.01667,0.381,0.095,0.70000,-0.08,0.658,0.235,0.41667,-0.023,0.454,0.20000,1.023,0.0,0.166,0.199,0.354,0.051,0.40000,0.05,0.46667,0.03333,0.41667,-0.045
0,1,0,-0.216,0.40000,-0.312,0.097,-0.202,-0.04444,0.037,-0.09,0.027,0.022,-0.011,0.033,-0.01586,-0.001,-0.00093,-0.01,0.003,-0.002,0.00138,0.003,-0.00114,0.001,-0.00069,-0.0,0.0,-0.00043,0.0,0.0,0.0,0.0,-0.00008,0.00002
1,1,0.0,1,-0.286,0.64865,0.358,0.932,-0.24324,0.898,0.263,1.014,-0.27027,0.701,0,0.355,-0.036,0.17,-0.21622,0.71833,-0.163,0.743,0.075,1.084,0.147,0.466,-0.29730,0.386,-0.22163,0.309,-0.309,0.72973,-0.72,0.39,-0.24324
0,1.06,0.0,0.733,-0.03516,-1,-0.33203,-1.319,-0.01563,0.918,0.01172,0.93359,-0.027,-1.191,0.203,-1.062,-0.00391,1.284,-0.044,0.92188,-0.02734,-0.94,0.108,-1.374,0.19,1.152,-0.003,0.82041,0.177,0.606,-0.062,-1,-0.159,-1.056,-0.34375
1,1,0.0,0.882,0.02254,0.89,-0.012,0.994,0.012,1.437,-0.024,0.96936,0.003,0.95665,-0.018,0.691,-0.00405,0.594,-0.027,1.12,0.01792,0.93584,-0.04971,0.93815,-0.02370,0.568,-0.04451,0.561,-0.02,1.219,0.027,0.77,-0.037,0.919,0.00809
0,0.942,0.0,1.331,-0.05529,0.518,-0.905,0.374,-0.119,0.36111,-0.16,1,-0.23,0.16667,-0.11111,1,-0.34660,0.924,-0.213,0.688,-0.455,0.0,-0.131,1.42,-0.50333,0.605,-0.27778,1,-0.399,1.191,-0.27778,0.563,-0.546,0.575,-0.65935
1,1,0.0,0.31034,-0.10345,0.24138,-0.10345,0.259,-0.06897,0.055,-0.035,0.037,-0.028,0.022,-0.031,0.007,-0.01482,0.003,-0.00893,0.001,-0.003,-0.00003,-0.002,-0.0,-0.00166,-0.0,-0.001,-0.0,-0.001,-0.0,-0.0,-0.0,-0.00012,-0.00008,-0.0
0,0.551,0,0.831,-0.07843,0.72549,0.0,0.60784,-0.07843,0.62745,-0.072,0.68627,-0.11765,0.952,-0.076,0.709,-0.097,0.536,-0.063,0.719,-0.113,0.718,-0.147,0.66667,-0.344,0.274,-0.191,0.52409,-0.22,0.689,-0.282,0.43137,-0.165,0.666,-0.27451
1,1,0.0,0.365,0.16667,0.285,0.291,0.14,0.23966,0.07766,0.11,0.011,0.197,-0.02367,0.088,-0.03685,0.06317,-0.03766,0.048,-0.046,0.019,-0.028,0.004,-0.012,-0.002,-0.01,-0.005,-0.00621,-0.006,-0.00294,-0.00520,-0.001,-0.00408,0.0,-0.004
0,1,0.0,-0.35,0.085,0.06250,0.0,0.0,0.09,0.62500,0.06250,0.18750,0.0,-0.038,0.09375,0.067,0,0.114,-0.161,0.43750,-0.551,0.0,-0.08,0,0.0,0.03125,-0.446,0.022,0,-0.986,0.04,-0.03125,0.0,0.0,0.113
1,1,0.0,1,-0.01081,1.292,-0.026,0.654,-0.045,1.309,-0.01622,0.98919,-0.044,1.085,0.124,0.687,-0.06486,0.894,0.094,0.692,-0.003,1,0.061,1.42,0.06,0.97838,0.121,1.443,0.01251,0.956,-0.037,1,0.03,1,-0.07027
0,0.546,0.0,0.607,0.052,1,0.119,1.399,1.35,0.91473,-0.01,1.102,0.031,1,0.27153,1,1,0.817,0.04651,1.252,0.109,1,0.50670,0.816,-1.333,0.999,0.04,1,0.71613,0.84496,0.056,1.195,0.534,0.931,0.753
1,1,0,0.90374,-0.012,0.969,0.08021,1,0.016,0.93048,0.008,0.953,-0.012,0.669,0.0,0.925,0.078,1.225,0.032,1.034,0.05,0.96791,0.015,1.255,-0.02,0.96257,0.05348,0.644,0.042,0.87701,0.007,0.823,0.09091,0.716,0.06417
0,0.791,0.0,-0.226,0.352,0.286,0.10000,0.148,0.332,0.184,0.486,0.39,-0.432,0.103,0.27500,-0.09500,0.212,-0.08750,0.222,-0.283,0.31408,-0.593,-0.052,0.29908,0.33176,-0.58000,-0.257,0.361,-0.281,-0.642,0.18500,-0.27104,-0.23,0.40445,0.03050
1,1.47,0,0.60000,0.017,0.946,0.085,0.817,0.049,0.70000,0.0,0.63333,0,0.80000,0.0,1.052,0.0,0.70000,0.086,0.659,0.10000,0.995,-0.039,0.971,0.0,0.469,0.13333,0.65932,0.055,0.896,0.13333,0.741,0.113,0.63333,0.153
0,1,0,0.05866,-0.00838,0.041,0.006,0,-0.008,0.00559,-0.034,0.024,-0.042,-0.004,0.071,0.06425,-0.035,0,0.05,-0.06425,0.046,-0.045,0.017,0.036,-0.00559,0.004,0.005,0.063,-0.009,0.044,-0.004,0.048,0.0,0.04749,-0.03352
1,1,0.0,0.94653,0.31,0.47,0.738,0.47564,0.82455,0.01267,1.049,-0.222,0.444,-0.592,0.324,-0.859,0.368,-0.66455,0.07208,-0.688,-0.275,-0.52475,-0.44000,-0.455,-0.334,-0.04119,-0.579,0.143,-0.322,0.531,-0.41901,0.635,-0.29,0.358,-0.05980
0,1,0.0,0.036,0.015,-0.02586,0.066,0.01437,0.038,-0.046,0.00862,0.019,-0.06609,-0.027,0.027,-0.107,-0.035,-0.09483,0.08046,-0.04023,0.05172,0.02011,0.029,-0.029,-0.01149,0.032,-0.008,0.012,0.023,0.026,0.01149,0.027,0.007,-0.054,-0.004
1,1.099,0.0,0.519,-0.01084,0.423,0.01084,0.80000,0.00197,0.58,0.013,0.798,-0.007,0.87,0.03251,0.85123,0.01675,0.531,-0.005,0.96,-0.035,0.56,0.035,0.991,0.069,0.839,-0.01,0.78041,0.007,0.669,-0.05025,1.204,0.02956,0.79015,0.00788
0,1,0,0.051,0.022,0.005,0.0,0.026,-0.029,0.02140,-0.047,-0.042,-0.01284,0.01427,-0.033,0.0,-0.03281,-0.054,-0.035,-0.01712,0.053,0.015,0.00428,0.058,-0.021,0.04,0.01854,0.036,0.01569,0.01,0.005,-0.014,-0.01854,-0.02,0.01997
1,1,0.0,0.47090,0.196,0.42328,0.409,0.372,0.435,0.021,0.545,-0.03,0.324,-0.34127,0.31217,-0.603,0.401,-0.51587,0.06878,-0.659,-0.14,-0.149,-0.14550,-0.178,-0.38095,-0.209,0.002,0.02,-0.31739,0.15873,-0.21693,0.187,-0.334,0.176,0.028
0,1,0.0,0.08696,0.009,0.133,-0.044,0.10526,-0.08238,0.12586,-0.06178,0.163,-0.01144,0.12357,0.07780,0.14645,-0.168,0.29062,-0.034,0.18993,0.09,0.112,0.0,0.086,-0.002,0.086,-0.139,0.069,0.02,0.117,-0.078,0.102,-0.079,0.128,-0.087
1,1.231,0,0.541,0.377,0.48263,0.777,0.21572,0.77514,-0.55941,0.572,-0.896,0.416,-0.854,0,-0.62706,-0.31079,-0.38391,-0.858,-0.189,-0.878,0.576,-0.63620,0.644,-0.37660,0.715,-0.069,0.394,0.321,0.422,0.852,0.02742,0.674,-0.221,0.549
0,1,0,0.023,0.006,0.04090,-0.009,0.02116,0.01,0.009,0.034,0.003,0.001,0.02,-0.03103,-0.01975,0.068,-0.04090,0.017,-0.029,-0.006,0.04372,-0.033,0.023,0,0.0,-0.014,0.014,-0.014,0.006,-0.016,-0.01693,-0.02398,0.005,0
1,1,0,1.28,0.00075,0.838,-0.059,0.651,-0.062,0.84317,0.09037,0.86258,0.082,1.256,-0.041,0.739,0.029,1.034,-0.072,1.193,-0.14190,1.043,0.009,0.90515,0.016,0.601,-0.015,0.718,-0.03678,0.577,-0.094,0.73936,-0.01942,0.658,-0.09186
0,1,0.0,0.673,-1,1.432,1.123,-1,0.834,1.203,-1,1,-1.061,-0.793,-0.591,-0.759,1,1.177,1,0.635,1,-0.629,0.53,1.243,-1,1.147,-0.545,1,1.093,1.455,0.575,-1.276,1,-1.12,1
1,1,0.0,0.435,0.39252,0.276,0.389,0.102,0.98903,-0.305,0.88744,-1.121,0.49980,-0.653,0.138,-0.471,-0.381,-0.433,-0.371,-0.19260,-0.788,0.403,-0.80496,0.802,-0.35230,0.77814,-0.168,0.71698,0.21343,0.37830,0.495,0.276,0.726,-0.137,0.656
0,1,0.0,0.995,0.692,1.313,0.323,0.586,-1.265,0.831,1.346,0.022,0.031,1.316,0.504,0,0.0,1.374,-1,1,1,0.968,1.401,0.31250,1,1,1.32,1,0.698,1.289,0.59,-0.735,1,0,0
1,1,0.0,1.321,0.276,0.355,0.672,0.013,0.722,-0.49020,0.734,-0.82353,0.526,-0.532,0.11765,-0.685,-0.33333,-0.64706,-0.68627,-0.327,-1.261,0.251,-1,1.004,-0.72549,0.706,-0.21569,0.92874,0.302,0.393,0.702,0.269,0.90196,-0.175,1.007
0,1,0,0.0,0,-0.93,-1.029,-1,0.798,0.0,0.0,-1,1,1.171,0.77,0.769,-1.202,0,0,0.0,0.0,-1.175,-1.434,-1,0.591,0.595,0.354,1,-1.292,0,0.0,-0.839,-1.134,-0.591,1
1,0.528,0,0.24,0.44444,0.647,0.90763,-0.255,1.143,-0.33333,0.88889,-1.306,0.33333,-0.807,-0.161,-1.038,-0.272,-0.66667,-0.929,0.375,-1,-0.22222,-1.083,1.081,-0.22222,0.252,0.0,0.484,0.604,0.823,0.915,0.22222,0.596,-0.758,1
0,0.0,0.0,0.0,0.0,0,0.0,0.0,0.0,0,0,0,0,0,0,0.0,0.0,0.0,0.0,0,0.0,0.0,0,0.0,0,0.0,0,1.288,0.0,0.0,0,0.0,0.0,0.0,0.0
1,1,0,0.959,0.0,0.585,0.0,0.736,0.721,0.75000,0,1.27,0.12094,0.89067,0.211,0.922,0.16228,0.938,0.232,0.944,0.463,0.764,0.0,1.214,-0.25000,0.5,0.294,0.399,0.158,0.764,0.25000,0.69635,0.276,0.453,0.30293
0,0,0.0,-1,0.721,1,1.085,0.0,0,1,-0.71,1.07,-1.191,1.392,-0.574,-0.924,-1,0,0.0,-0.905,-0.982,0.0,0,0.0,0.0,-1.42,-1,0.525,-1.063,1.331,1,-0.699,-1,0.0,0
1,1,0.0,1,0.0,1,0.0,0.66667,0.1,1.124,-0.099,1.14,-0.082,1.211,-0.216,0.826,0.0,0.548,0.0,1,-0.061,0.77778,-0.066,0.66667,-0.11111,0.661,0,0.90347,-0.05352,1,0.058,0.837,-0.148,0.648,0.0
0,0.0,0.0,0,0.0,0.0,0.0,0.0,0.0,0.0,0,0.0,0,-0.75,-1.324,0.0,0,1.237,0.75000,0,0,0,0.0,-1.416,1,0.0,0.0,1.22,-1,-1,-0.888,0.893,0.993,0.0,0
1,1,0.0,1.32,0.521,0.763,-0.395,0.551,0.09091,1,-0.126,0.525,0.0,1,-0.297,1,-0.227,1,0.082,1,0.0,0.942,-0.243,1.462,0.068,1,-0.11,0.976,-0.03,0.526,0.45455,0.608,-0.27273,1,-0.18182
0,1,0.0,0.62121,-0.624,0,0.0,0.0,0.0,0.34470,0.28788,0.42803,0.39394,-0.07576,0.381,0.375,0.192,-0.53788,0.32955,0.175,-0.217,0.026,-0.53409,-0.62,0.187,0.263,-0.141,0.178,-0.557,0.316,0.231,0.18182,-0.015,0.212,-0.257
1,1,0.0,0.543,0.11765,0.687,0.304,0.619,0.284,0.94,0.041,1,0.345,1,0.162,1.322,0.445,1,-0.068,1,-0.16,1,0.387,1,0.495,1,-0.11765,1.201,0.20225,0.858,0.044,1.384,0.35294,1.42,0.225
0,1,0.0,0.0,0.0,-1,-0.62766,1.027,0.51064,0.065,-0.23404,-1.123,-0.517,0.128,-0.361,1.38,-0.654,0,0.0,0.435,-0.099,-0.299,1,0.251,-0.70745,0.0,0.0,-0.19149,-0.46809,-0.302,-0.48936,0.602,1.19,-0.67553,0.246
1,1,0.0,0.91667,0.213,0.686,-0.154,0.496,0.25000,0.87500,-0.077,0.91667,0.032,1.176,0.089,0.533,0.0,0.477,0.04167,1.217,0.08333,0.66667,-0.058,0.699,0.161,0.862,-0.12500,0.83796,0.077,0.674,0.256,0.891,0,0.474,0.04167
0,0.986,0.0,0.134,-0.231,0,0,0.0,0.0,0,0.0,0.0,0.0,0.13,-0.19071,0.0,0,0,0.0,0.0,0.0,0.0,0,-0.05128,-0.09,0.097,0.051,0.193,-0.10897,0.12500,0.09615,0.028,-0.04808,0.209,0.144
1,1,0.0,1.044,-0.08183,1,-0.11326,0.99246,-0.274,1,-0.408,0.96662,-0.339,1.231,-0.47265,0.793,-0.48170,0.545,-0.329,0.926,-0.463,0.82450,-0.62,0.749,-0.391,0.362,-0.96296,0.537,-0.85669,0.383,-0.568,0.297,-0.996,0.365,-0.664
0,0.61,0.0,1.167,1,-1,1,-1.181,-0.51,0.244,0.143,0.326,0.043,0.324,0.053,0.186,0.34649,0.37,-0.059,0.22807,0.55,0,0.0,-0.351,-0.16228,0.745,-0.66667,1.494,-1,1,-0.359,0.35088,0.297,1.185,0.07895
1,1,0.0,1.132,0.26,0.828,0.00369,0.52,-0.274,0.89919,-0.134,1.02,-0.264,0.658,-0.39,0.71492,-0.19,0.47194,-0.821,0.43,-0.305,0.61041,-0.463,0.53176,-0.32681,0.337,-0.769,0.314,-0.48390,0.112,-0.39143,0.148,-0.51329,0.236,-0.46603
0,0,0.0,-1,0.894,0.942,-0.711,0,0.0,0.0,0,1,-1,1,1,0.0,0,0.659,-1,0.0,0.0,0,0.0,1.052,0.589,-1.243,1,1.379,-0.779,-0.579,0.767,-0.606,-1.348,0.0,0.0
1,0.634,0,0.995,-0.176,0.96419,-0.128,1.247,-0.166,0.677,-0.348,0.526,-0.28909,0.70302,-0.49639,0.63338,-0.311,0.438,-0.72,0.2,-0.481,0.40506,-0.381,0.33509,-0.59691,0.162,-0.772,0.049,-0.59589,-0.041,-0.394,-0.019,-0.54074,-0.076,-0.47898
0,1.152,0.0,-0.821,-1,-0.605,1.259,0.777,-1,0.541,0.659,0,0,0.29,-1.451,0.848,1.044,0,0,1,0.95,1,1,0.0,0,-1.038,1,0.167,-1.128,1.43,-1.326,0.676,-1,0.55,0.724
1,1,0,0.591,0.43460,0.508,0.914,0.09916,1.152,-0.542,0.761,-0.5,0.559,-0.93882,0.215,-1.143,-0.202,-0.765,-0.73,-0.25105,-0.943,0.16245,-1.217,0.517,-0.66878,0.74895,-0.193,0.77937,0.104,0.64135,0.638,0.403,0.587,-0.003,0.69409
0,0.697,0.0,1,1,0.0,0,1.448,-0.707,-1,-1.17,1,0.554,1,-1,0,0.0,0.951,-1.099,1,1.08,0.0,0.0,0.658,-0.601,-1,-1,1.462,1.076,-0.546,1.118,-1,1.04,0.0,0.0
1,1,0,1,0.616,1.155,1,1.086,1,-0.309,1,-1.35,0.882,0.0,1,-1,0.656,-1.235,0,-1.243,-0.834,-1,-0.886,-1,-0.493,-0.402,-1.436,0.197,-1.055,1.061,-1.123,0.0,-1,1.381,-0.601
0,0,0.0,-1.464,1,-1.216,-1,0.0,0,-1.231,1.103,1,-0.727,-0.838,-1.253,-0.994,1,0,0,-1.019,-0.746,-1,1.294,0.0,0.0,0.573,-1.125,1.238,1,1,-0.619,1.246,1.147,0.0,0
1,0.749,0.0,1.427,0.051,1,0.212,1,0.22108,1.427,-0.128,1.467,0.39495,0.665,0.321,0.825,0.729,-0.471,1,1.226,0,0.872,0.942,1.145,0.701,1.034,1.114,1,0.683,1,0.208,1,1,1,1
0,0,0,-1,-1.358,0,0.0,0.0,0.0,0.0,0.0,0,0,0,0.0,0.575,-1,0.0,0.0,-1.123,-1.493,0.0,0,1.276,1.12,1,-1.061,1,-0.834,0.0,0.0,0.0,0.0,0.0,0
1,1.416,0.0,0.551,-0.07896,0.58264,-0.157,-0.13129,-0.21384,0.2,0.022,0.38096,-0.317,0.425,-0.227,0.026,-0.18947,0.249,-0.29441,0.15196,-0.372,0.06,-0.346,0.06556,-0.192,0.03004,-0.137,-0.0,-0.127,-0.018,-0.21129,-0.059,-0.191,0.01336,-0.161
0,1,0.0,0,0.0,0.0,0.0,0.0,0.0,0.0,0.0,1,-0.33333,0.16667,0.26042,0.0,0,0,0,0.0,0.0,-0.198,-0.2,-0.16667,0.90625,-0.72,0.5,0.041,1.051,-0.302,-1.289,-0.121,-0.312,-0.154,-0.591
1,1.117,0.0,0.831,0.046,0.99363,0.072,0.96142,0.14756,1.312,-0.191,0.66026,0.76,0.80426,0.334,0.73781,0.146,0.722,0.28714,0.401,0.29304,0.689,0.393,0.45582,0.28476,0.278,0.154,0.178,0.315,0.191,0.311,0.31,0.108,0.18086,0.19083
0,1.292,0.0,1,-0.112,-0.595,-0.591,-1.144,-0.905,1,0.31746,0.977,0.709,-1,-1.175,-0.81,1.494,0.47364,1.486,0.766,0.611,0.928,-0.503,-1.434,-1,0.573,0.36508,1,1,1,0.719,-1.462,-0.32540,-0.665,0.72831
1,1,0,1.355,-0.00190,0.562,0.233,1.047,-0.40129,0.555,0.129,0.807,0.09061,0.99676,0.114,0.481,0.061,0.675,-0.25324,0.461,-0.111,1.025,0.306,0.606,-0.044,0.84547,-0.02589,1.068,-0.02302,1.023,0.123,0.78317,-0.117,0.85841,-0.087
0,1,0.0,0.846,-0.759,1,1.437,1.148,1,1.239,-0.5,1,1.392,0.937,1,1,0.571,0.0,0,1.365,1.342,1.203,1.288,0.804,-1,1.328,1.195,1,0.422,0.633,-0.75000,-0.75000,1.085,1.211,0.755
1,0.943,0.0,1,0.126,1,-0.744,0.725,-0.1,1,0.15414,1.392,0.295,0.98120,-0.086,1.062,0.087,0.743,-0.2,0.492,-0.186,0.97400,0.03728,0.669,0.055,1,-0.017,0.98,-0.04597,0.91165,0.056,1.486,-0.127,0.96523,-0.11717
0,0.738,0.0,0.36876,-0.54,-1.214,-0.982,-0.07661,1,1.251,0.95041,0.74597,-0.312,-1.085,-0.945,-0.099,1.42,0.346,0.43,0.31755,-0.27461,-0.082,-0.20188,-0.07,0.06895,0.04,0.039,0.039,-0.011,-0.004,-0.01672,-0.011,0.001,0.00015,0.00325
1,1,0,0.897,0.21,0.624,-0.153,0.605,-0.07653,0.675,-0.07398,0.70217,0.201,0.597,0.02105,0.516,0.019,0.895,-0.192,1.016,0.04,0.699,0.003,0.78,0.30804,1.211,-0.105,1,-0.00394,0.712,0.044,1,-0.18750,1.07,-0.05740
0,0.0,0.0,0.0,0,0.0,0.0,0.0,0.0,0,0.0,0,0.0,1,1,1,1,0.992,-1.22,0.0,0.0,0.648,0.704,1,-1.316,0.896,1,1,0.0,1.282,0.903,1.095,-1.324,0,0
1,0.526,0.0,0.763,-0.28428,1,-0.141,0.939,-0.35094,1.416,-0.273,1.224,-0.299,1.042,-0.244,0.992,-0.58899,0.525,-0.828,0.59623,-0.543,0.36,-0.98,0.54465,-1.276,0.369,-0.404,0.346,-0.76054,0.26352,-0.78239,0.101,-0.73145,0.13994,-0.70000
0,0.669,0,0.0,0.0,0.0,0.0,0.0,0,-0.454,-0.734,0,0.0,1.09,-1,0.0,0,-1.251,-1,-1.426,-0.875,1,-1.462,-0.60000,-1.077,1.053,1.104,-1,-0.20000,0.952,-0.611,0,1.215,0.0,0
1,1.201,0.0,1.031,0.09091,1.309,-0.063,0.77273,0.0,1,0.0,0.95455,0.0,1.465,0.05,0.90909,-0.028,1,0.0,0.945,0,0.595,0.09091,0.534,0.047,0.78,0.04545,1.32,0.02897,1.313,0.055,0.835,-0.09091,0.86364,0.041
0,0.0,0.0,0.0,0.0,-0.524,1.316,0.98,1,-0.94,-1,0.0,0,-1,-1,-0.956,-0.31250,-0.74,-1.356,1.292,-1.027,0.538,-1,0.0,0.0,1.195,-1,-0.654,-1.123,0.0,0.0,1,-1,0,0
1,0.936,0.0,0.719,-0.108,0.97059,0.238,0.82353,0.063,0.91176,-0.02941,0.926,-0.096,0.97059,0.14706,1.39,0.02941,1.034,0.0,1,0.0,1.07,0.11765,0.72,0.02,0.591,0.027,1.235,0.024,0.576,-0.11765,0.97059,0.057,0.91176,0.073
0,0.823,0.0,-1.412,0.7,-1,0.11,0.28354,1,-0.944,0.669,-1,-0.77,1,1.367,-1,-0.265,0.393,-0.732,1.114,1,-0.31402,-1.225,-1,-1,1.217,-1.268,-1,-0.038,0.969,-1,-0.928,-0.318,0.098,1.163
1,1,0.0,0.349,-0.055,0.423,0.017,0.839,0.02615,0.715,-0.05263,0.507,0,0.998,0.064,0.53,0.05756,0.84211,0.521,1.235,0.072,0.813,0.07631,0.38,0.08141,0.451,0.258,0.518,0.111,0.3,-0.21053,0.499,0.09534,0.57418,0.09719
0,1,0,-0.008,-0.364,0.0,0.0,-0.01923,1.47,0,0.0,0.0,0.0,0,0.0,0.0,0.0,0.0,0,0.386,0.567,-0.35256,0.74359,-0.34615,-1.159,0.0,0.0,-0.61538,-0.51282,0.0,0.0,0.0,0.0,0,0.0
1,1,0.0,1.277,0.45455,1,0.337,0.963,0.579,0.509,-0.09091,1.461,0,0.81818,-0.515,0.63636,0.387,1,-0.431,0.944,-0.27273,0.483,-0.252,1.063,0.064,1,-0.048,0.879,0.08867,1.341,0.52,0.891,0.388,1.073,0.27273
0,0.0,0.0,-1,-1,1.052,-0.711,-0.648,1.079,0,0.0,1,-1.379,0.659,-1.088,0,0.0,0,0.0,0.0,0.0,-1.243,0.606,0.942,-1.052,-1,0.578,0.891,1,0,0.0,0.767,0.5,0,0
1,1,0.0,0.49,0.09091,0.396,0.123,0.276,0.184,0.63636,0.0,0.36364,-0.061,0.258,-0.117,0.379,-0.011,0.63636,-0.132,0.651,0.0,0.21,-0.09091,0.3,0.214,0.36364,-0.09091,0.34442,-0.01768,0.391,0,0.256,0.0,0.363,-0.01832
0,1,0.0,-1,-0.622,0.0,0.0,-1,0.64516,-1.096,1.326,0.0,0,0,0.0,0.0,0.0,0.0,0.0,0.0,0,-1,-1.452,0.0,0.0,0.311,0.172,0.737,0.738,0.0,0,0,0,0,0.0
1,1,0.0,1.451,0.125,1,0.653,1,0.71429,1.317,-0.145,1.277,-0.144,1.282,0.036,0.95,0,0.42857,-0.117,1.407,0.03617,1.224,-0.28571,1,0.0,0.28571,-0.28571,0.724,0.06,1.101,0.06,1.106,0.382,0.541,0
0,0,0.0,0.863,1.205,1,-0.811,1,1.118,1.2,1,1,1,0.707,-1.076,0.896,0.601,1,-0.752,0.79,-1.217,0.546,1.462,1,0.554,0.702,-1,1.319,1.112,1.448,1.372,1,0.658,1,1
1,1,0,0.828,0.46972,0.53945,0.82161,0.14,0.991,-0.445,1.238,-0.73939,0.836,-0.92099,0.178,-1.218,-0.312,-0.603,-0.684,-0.277,-0.82881,0.107,-0.606,0.641,-0.606,0.624,-0.24843,0.759,0.1,0.52798,0.277,0.25974,0.698,-0.076,0.57552
0,0,0,1.231,-1.381,1.019,0.656,1,-0.882,1.238,0.838,1.253,-1.023,1.216,-1,0.977,-0.99,1.125,1,0.85,1.267,1,1.088,0.969,-0.573,0.927,1.294,1,1.205,1,1,0.619,1,1,-1
1,1.255,0.0,1.136,0.043,0.89266,0.196,0.95,0.19791,0.624,0.36526,0.671,0.40198,0.76221,0.604,0.66586,0.48360,0.858,0.376,0.355,0.598,0.555,0.555,0.624,0.55684,0.25,0.55274,0.3,0.38,0.327,0.53448,0.118,0.488,0.11573,0.46571
0,0.0,0.0,1,1,0.701,-0.872,1,-0.745,0.825,1,0.0,0.0,0.754,-1.061,0.0,0.0,0,0.0,0.0,0.0,-1,1.183,1,1,0,0,1.123,1,0.0,0.0,-1,-0.655,0.0,0.0
1,0.545,0.0,0.93537,0.092,0.553,0.25359,0.85705,0.38779,0.79039,0.47127,0.549,0.475,0.785,0.75000,0.649,0.915,0.239,0.454,0.293,0.85952,0.161,1.052,0.00494,1.207,-0.07361,1.16,-0.309,0.854,-0.475,0.71454,-0.421,0.457,-0.298,0.55835
0,0,0.0,1,-1,-1.316,1,-1,1,0.72,1.265,1,1,-1.01,-1.097,-1.401,-1.403,1.218,0.655,0.715,-0.916,-1,-1.282,-0.849,-1,0.59,0.0,0.938,-1.416,1.152,-1.289,-1,1.241,-0.509,1
1,0.778,0.0,0.80627,0.13069,0.727,0.36,0.447,0.19038,0.36923,0.45577,0.44793,0.46439,0.158,0.427,0.284,0.37115,0.147,0.655,-0.09808,0.702,-0.03462,0.577,-0.051,0.529,-0.14,0.354,-0.19940,0.37,-0.189,0.175,-0.267,0.222,-0.194,0.31154
0,0,0,1.319,-1.322,1,1,0.661,-1.323,1.429,1,1,-0.926,0.902,0.963,1.096,-1.265,0.529,-0.603,0.873,1,1,1.437,1,-1,0.898,-1,1.038,-1.263,1.074,1.112,0.557,-0.74,1.012,1
1,0.758,0.0,1.002,0.13082,0.94120,0.271,0.872,0.341,0.89009,0.375,0.85550,0.575,0.72298,0.52284,1.025,0.497,0.424,0.908,0.458,0.828,0.467,0.687,0.199,1.057,0.254,0.76210,0.183,0.78541,0.088,0.80439,-0.032,0.77702,-0.10289,0.74242
0,0,0.0,0.0,0,1,0.991,0.0,0.0,1,1.057,0,0,1.459,-0.509,0,0.0,0.0,0.0,0.0,0.0,0,0.0,0,0,0.0,0.0,0.892,-1,0.0,0.0,-0.822,1.138,0,0.0
1,0.949,0.0,0.92308,0.126,0.714,0.157,1.04,0.36790,0.383,0.774,0.662,0.742,0.43270,0.483,0.31705,0.67697,0.19128,0.934,0.04686,0.929,-0.12064,0.76969,-0.106,0.871,-0.165,0.456,-0.536,0.625,-0.46799,0.545,-0.613,0.40732,-0.551,0.35095
0,0.0,0.0,0,0.0,0.748,0.534,1.014,0.637,0.0,0.0,0.0,0,-1.427,-1,0.0,0,-0.74,-1,0,0,0,0.0,1.055,0.77,0.0,0,0.605,0.771,0,0,-0.731,1,0.0,0.0
1,1.336,0.0,1.215,0.494,0.924,0.69431,0.29148,0.604,-0.06726,0.988,-0.328,0.686,-0.347,0.56502,-0.73,0.26906,-0.78940,-0.08205,-0.809,-0.357,-0.309,-0.55605,-0.198,-0.739,0.083,-0.61055,0.302,-0.48392,0.291,-0.265,0.47029,-0.125,0.42152,0.064
0,0,0.0,0.637,-0.643,0.922,0.888,0.657,1.343,1.469,1.235,1.185,1,1,-1,1.494,1.255,1,1,1,-1.383,0.583,-1,0.731,-0.987,0.897,-1,1,0.647,1.355,-1,1.467,0.818,1.437,1
1,1,0.0,1.07,-0.396,0.80151,0.10278,0.832,0.15266,0.685,0.075,0.841,0.296,1.028,0.37,0.68798,0.32925,0.47,0.246,0.458,-0.02,0.57399,0.524,0.53120,0.522,1.15,0.57549,0.495,0.48200,0.12473,0.604,0.34,0.422,0.439,0.49831
0,0.0,0.0,0.0,0,0.0,0.0,0,0,0.0,0.0,0.0,0.0,0,0.0,0,0,0.0,0,0.0,0,0.0,0.0,0.0,0.0,0,0.0,1,1.435,0,0.0,0,0.0,0.0,0.0
1,1,0.0,1.209,0.00892,1.049,-0.003,1.33,0.005,1.201,0.02,0.849,0.03530,1.318,0.04719,0.98625,0.01858,0.94277,0.093,0.908,-0.006,1.287,0.046,0.96358,0.07098,0.817,0.08101,1.358,0.051,1.054,0.005,0.706,0.092,1,-0.00260
0,0,0,1.091,1.384,-0.633,-1.235,-1,-1,0.0,0,0,0.0,-1.129,-1.497,0,0.0,0.0,0.0,0.0,0.0,-0.762,1.261,1.383,1,0,0,1.264,-1.025,0.0,0,-0.832,-1,-0.537,-1.068
1,1.075,0.0,0.737,-0.154,0.636,0.01513,0.71063,0.033,0.652,0.01282,0.311,0.031,0.69050,0.036,0.813,0.05058,1.003,0.052,0.63403,-0.055,0.59,0.099,0.931,0.07381,0.84033,0.106,0.84,0.08304,0.338,0.06760,0.758,0.135,0.54632,0.09346
0,0.925,0.0,0.418,1,0.91973,-1.016,0.81773,0.04348,0.517,0.10702,0.796,0.448,0.945,0.127,0.732,0.095,0.93478,-0.25084,0.592,0.18729,0.64883,0.24582,0.4,0.49,1.068,-0.666,1.217,0.246,0.891,0.423,1.451,-0.091,0.56522,0.23913
1,1,0.0,0.748,-0.07778,1,-0.29630,0.641,-1.163,0.80000,0.035,0.644,-0.38,1,-0.095,0.797,-0.723,0.49259,0.021,0.728,-0.05926,1.31,-0.206,1.285,0.22037,0.429,-0.311,0.92148,-0.24549,0.809,0.014,0.47,-0.281,0.981,-0.57037
0,1.41,0.0,0.41,0.182,0.41245,0.058,0.17,0.24125,0.343,0.13230,0.19455,0.274,0.337,0.394,0.08949,0.134,-0.024,0.216,0.05058,0.272,0.228,0.09728,0.089,0.306,-0.015,0.28482,-0.033,0.164,-0.14786,0.14786,-0.056,0.171,-0.19066,0.28794
1,0.737,0.0,0.32,-0.03,0.801,-0.032,0.539,-0.008,0.53968,0.03373,0.61706,0.057,0.466,-0.027,0.431,0.015,0.937,0.017,0.60317,0.01587,0.47817,-0.033,0.388,0.029,0.5,0.03968,0.434,-0.01237,0.61706,-0.147,0.68849,-0.01389,0.824,-0.039
0,0.995,0.0,0.06404,-0.15271,-0.05,0.041,0.065,-0.026,-0.02,0.195,0.06404,0.0,0.083,-0.135,0.036,0,0.01,-0.02956,-0.12808,-0.20690,0.071,0.01478,0.06897,0.037,0.109,0.082,0.15,-0.04926,-0.065,-0.07,0.04433,0.063,0.091,-0.10837
1,0.519,0,0.817,0.11,0.656,-0.081,0.856,0.01678,0.802,0.00224,0.71029,0.15772,0.71588,-0.003,0.576,0.06600,0.769,-0.112,0.68680,-0.109,0.752,-0.018,0.731,0.063,0.71253,-0.09508,0.69845,-0.015,0.811,0.063,0.78859,-0.031,0.579,-0.036
0,1.412,0.0,0.207,0.204,0,0.0,-0.167,-0.92,0.0,0.0,0.07,-0.071,0.0,0.0,0,0.0,0,0.0,0.0,0,0.00759,0.68101,-0.295,0.197,-0.103,0.35696,0.05570,-0.919,0.0,0,0.06329,-1.018,0,0
1,1,0.0,0.887,-0.00857,1.076,-0.029,0.697,-0.02,0.851,-0.166,0.78,-0.10932,0.705,0.008,0.779,-0.168,1.039,-0.06109,1.288,-0.034,0.763,-0.14577,1.044,-0.177,0.90139,-0.139,0.482,-0.14903,0.84352,-0.122,0.88424,-0.18542,0.91747,-0.16827
0,1,0.0,0.235,-0.494,0.0,0.0,0.0,0,0.626,0.51042,0.548,0.013,0.0,0.0,0,0.0,0.142,-0.378,0.459,-0.18333,0,0,0.0,0.0,0.98750,-0.40833,-1.197,-0.976,-0.175,-0.75625,0,0.0,0.0,0
1,1.427,0.0,0.88853,0.01631,1.044,0.017,0.467,0.01,0.92,-0.10223,0.701,-0.08428,0.93040,-0.01033,0.986,-0.08918,0.866,-0.05057,0.723,-0.047,1.143,-0.132,0.88907,-0.151,0.82980,-0.14138,0.86453,-0.144,0.769,-0.147,0.829,-0.142,0.767,-0.179
0,1,0.0,0.0,0.0,1.07,0.12889,0.785,-0.026,0.0,0,1,-0.552,1,0.249,0.57,-0.042,1,-0.474,0,0.0,1.255,-0.024,1,-0.156,0.0,0.0,1.167,-1,0,0.0,1,0.16,1.076,-0.09556
1,0.869,0.0,0.81143,0.03714,1.041,-0.001,0.466,0.00714,1.058,-0.057,1.13,0,0.511,-0.06714,1.014,0.002,0.636,-0.05429,0.792,-0.11857,0.76857,-0.105,1.011,-0.055,1.05,-0.101,0.81598,-0.08669,0.476,-0.10429,0.651,-0.05000,0.436,-0.09
0,0.954,0.0,0,0,0,0,0.0,0.0,0.0,0.0,0.0,0.0,-0.823,1.154,0.818,0.55172,0,0.0,0,0.0,0,0.0,0.0,0,0,0.0,1,0.555,0.0,0.0,0.0,0.0,0,0.0
1,1,0.0,0.49870,0.013,0.272,-0.101,0.259,-0.026,0.50130,0.09610,0.24,0.042,0.55844,-0.11948,0.381,-0.02,0.596,-0.048,0.55325,-0.013,0.48571,-0.03377,0.49091,-0.01,0.59221,0.0,0.299,-0.043,0.216,0.017,0.606,-0.05455,0.558,-0.114
0,0,0,0.0,0.0,0,0,0,0.0,0.0,0.0,0.0,0.0,0,0.0,0.0,0.0,0,0.0,0.0,0.0,0.0,0,0.0,0.0,0,0.0,1.189,-1.021,0,0,0.0,0.0,0.0,0
1,1,0.0,0.62,0.5,1,0.375,0.146,0.575,0.16851,0.592,-0.173,0.423,-0.36,0.686,-0.58,0.508,-0.43663,0.212,-0.36676,0.005,-0.26477,-0.095,-0.118,-0.13,-0.083,-0.12744,-0.019,-0.111,0.01033,-0.07036,0.02224,-0.025,0.02249,-0.021
0,0.661,0.0,0,0.0,0,0.0,1.112,0.591,-1,-1.319,0.0,0.0,1,-0.14,0,0,0,0.0,-1,1.437,0.794,1.192,0.926,-1,0.0,0,1.429,-0.529,0,0.0,0.0,0.0,1,1.323
1,1.173,0.0,0.87048,0.385,0.64099,0.915,0.283,1.102,-0.03933,1.232,-0.42173,0.713,-0.747,0.381,-0.81049,0.22735,-0.81136,-0.106,-0.794,-0.38102,-0.38334,-0.663,-0.165,-1.037,0.161,-0.639,0.365,-0.52,0.711,-0.29897,0.56239,-0.085,0.372,0.16645
0,1,0,0,0.0,0.0,0,0.0,0.0,-1,1.073,0.0,0.0,1.459,0.298,-0.12000,-0.109,0,0.0,-1,-1.268,0.0,0.0,1.138,-1.147,0.0,0,0.892,0.233,0.0,0,0.0,0,0.0,0
1,1,0.0,1.018,0.464,0.648,0.737,0.141,0.94537,-0.136,1.095,-0.62526,0.71257,-0.86443,0.172,-1.229,-0.06,-0.855,-0.44707,-0.459,-0.73285,-0.10237,-1.0,0.139,-0.647,0.684,-0.447,0.998,-0.24433,0.72478,0.09599,0.769,0.252,0.34,0.57656
1,1,0.0,0.282,0.019,0.083,0.259,0.14919,1.011,-0.25706,0.64,-0.10312,0.19380,-0.622,0.297,-1.28,-0.077,-0.13117,-0.14329,-0.183,-0.434,-0.065,-0.634,0.021,-0.22786,0.27942,-0.051,0.33737,-0.076,0.398,-0.078,0.15078,0.13296,0.101,0.16
1,1,0.0,0.83427,0.39121,0.468,1.042,0.105,0.688,-0.33221,0.916,-0.70086,0.689,-0.86622,0.117,-0.84442,-0.339,-0.495,-0.315,-0.204,-0.87787,0.067,-0.484,0.381,-0.991,1.024,-0.212,0.83008,0.06,0.768,0.49079,0.249,0.471,-0.03983,0.79444
1,0.987,0.0,0.931,-0.03490,0.59085,0.004,0.811,-0.067,0.63177,0.00963,0.784,-0.07461,0.67028,0.04,0.62936,-0.08424,0.67509,0.06,0.866,0.0,0.519,0.135,0.322,0.046,0.912,0.169,0.515,0.02019,0.51384,0.051,0.887,-0.009,0.358,-0.09146
1,1,0.0,0.786,-0.02,0.874,0.021,1.008,0.175,0.768,0.112,0.81434,0.43934,0.63787,0.00551,0.872,0.294,1,0.087,0.723,0.046,0.567,0.04228,0.583,-0.25000,0.72978,-0.15809,0.444,0.052,0.441,0.123,0.338,0.063,0.60294,0.21691
1,1,0.0,0.787,0.233,0.739,0.013,1.13,0.038,0.546,-0.15,0.77538,0.111,0.73961,0.068,0.72322,0.048,0.68615,-0.068,0.608,0.16308,0.66233,0.074,0.897,0.08041,0.699,-0.088,0.58803,0.125,0.55077,0.25692,0.589,0.081,0.554,0.09322
1,1,0.0,0.68317,0.061,0.497,0.002,0.84341,0.004,0.772,0.071,0.75813,0.037,0.81892,0.00585,1.099,0.005,0.871,-0.072,0.452,-0.033,1.009,0.00909,0.877,0.013,0.831,-0.046,0.70824,0.01096,0.62235,0.11598,0.749,0.01190,0.832,0.017
1,1,0.0,0.5,0.0,0.45,0.144,0.49130,0.067,0.53,-0.038,0.534,-0.12609,0.45652,0.04783,0.641,0.023,0.35652,0.19565,0.46,0.14783,0.465,-0.02609,0.411,-0.147,0.428,-0.011,0.446,0.09,0.485,0.03913,0.245,0.204,0.44783,0.22
1,1,0.0,0.597,0.116,0.78129,0.20656,0.422,0.333,0.69320,0.41252,0.95,0.50122,0.57898,0.726,0.62,0.56,0.487,0.67861,0.437,0.562,0.103,0.981,0.02066,0.66,-0.077,0.513,-0.11925,0.505,-0.18226,0.56015,-0.194,0.327,-0.25,0.636
1,1,0.0,1.342,0.09802,1,0.23,0.98390,0.463,1.122,0.322,0.685,0.898,0.608,0.71942,0.55311,1.075,0.2,0.499,0.204,1.088,0.122,0.462,-0.01734,1.039,-0.15144,0.75596,-0.283,0.69187,-0.31713,0.542,-0.362,0.76,-0.42815,0.595
1,1,0.0,0.89410,0.112,0.805,0.31543,0.78896,0.267,0.563,0.848,0.54003,0.471,0.39699,0.828,0.24266,0.688,0.063,0.824,-0.064,0.41,-0.20201,0.907,-0.408,0.62610,-0.541,0.396,-0.267,0.399,-0.556,0.281,-0.421,0.19172,-0.48808,0.05972
1,1,0.0,1.113,0.2,0.514,0.487,0.85096,0.274,0.409,0.372,0.761,0.786,0.48698,0.83614,0.30459,0.581,0.105,0.706,-0.007,0.93109,-0.185,1.23,-0.33023,0.515,-0.544,0.87,-0.634,0.66335,-0.67929,0.52564,-0.667,0.42488,-0.81210,0.266
1,0.935,0,0.91767,0.18198,1.052,0.426,0.668,0.401,0.478,0.69865,0.537,0.923,0.36100,0.893,0.15664,0.83558,0.002,0.559,-0.099,1.026,-0.255,0.831,-0.43087,0.922,-0.295,0.53886,-0.387,0.244,-0.376,0.313,-0.65710,0.13667,-0.505,0.05394
1,1,0.0,0.867,0.225,0.341,0.38112,0.503,0.553,0.184,0.22273,0.187,0.439,-0.052,0.44545,0.0,0.48636,-0.189,0.29,-0.377,0.36818,-0.36591,0.141,-0.315,0.083,-0.444,-0.038,-0.33942,-0.12486,-0.364,-0.19714,-0.251,-0.17,-0.11894,-0.27218
1,1,0.0,0.717,-0.427,0.85430,0.55298,1.121,0.079,0.286,0.195,0.346,0.211,0.50331,0.12252,0.567,0.19868,0.71854,0.586,0.327,0.167,0.65232,0.325,0.882,0.07285,0.533,0.26653,0.49013,0.15,0.46,0.28574,0.293,0.212,0.516,0.303
1,1,0.0,1,0.122,0.989,-0.112,0.757,0.102,0.942,0.007,0.475,-0.07780,0.684,0.12524,0.58634,0.023,0.53131,-0.03416,0.638,0.16888,0.701,0.07211,0.181,0.071,0.703,0.212,0.648,0.17951,0.14,0.348,0.44141,0.106,0.292,0.15180
1,1.198,0,1.209,0.066,0.811,-0.021,0.919,-0.03299,0.391,-0.053,0.59582,-0.042,0.67260,-0.037,0.526,-0.084,0.479,0.043,1.041,0.01394,0.371,-0.058,0.53430,-0.08453,0.519,-0.324,0.613,-0.09128,0.52613,-0.08537,0.44277,-0.071,0.623,-0.09808
1,1,0,1,0.076,1.138,-0.00482,0.607,-0.007,0.732,-0.024,1,0.013,0.895,-0.01436,0.916,-0.02,0.98497,0.008,0.501,-0.068,0.95016,-0.023,1.041,-0.022,0.98164,0.017,0.93772,-0.033,0.712,-0.05843,0.533,-0.03464,1.308,-0.044
1,1,0.0,0.646,-0.181,0.42784,-0.141,0.761,-0.346,0.737,0.07216,0.26289,-0.118,0.427,0.124,0.652,-0.11856,0.42268,0.06186,0.586,-0.221,0.54639,0.191,0.42268,0.08,0.369,0.19588,0.53396,-0.112,0.08,-0.375,0.602,0.05,0.586,-0.51546
1,0.614,0.0,0.917,-0.055,0.86,0.02968,0.61432,0.42,0.394,-0.004,0.366,0.08314,0.559,-0.564,0.72517,0.553,0.786,0.148,0.63510,0.111,0.718,-0.25404,0.902,0.15359,0.685,0.296,0.906,0.17704,0.61663,0.076,0.66316,0.19841,0.525,0.36721
1,1,0.0,0.663,-0.021,0.61124,0.01348,0.322,0.01573,0.644,0.02472,0.66742,-0.003,0.851,-0.039,0.528,0.00899,0.326,0.02472,0.575,-0.07416,0.682,0.139,0.46,-0.031,0.372,0.04944,0.77,0.00824,0.615,-0.021,0.804,0.084,0.712,-0.08090
1,1,0,0.436,-0.00647,0.845,-0.04207,0.547,-0.03,0.528,0.043,0.402,0.121,0.64725,0.15858,0.812,-0.027,0.318,-0.034,0.624,-0.10032,0.869,0.088,0.39159,0.178,0.573,-0.042,0.381,0.00040,0.299,-0.068,0.671,-0.10680,0.30421,-0.05178
1,1,0,0.558,0.10370,0.77037,0.018,0.366,0.073,0.312,-0.004,0.395,0.074,0.59753,0.036,0.591,0.101,0.884,-0.217,0.73827,-0.10864,0.494,0.00988,0.571,0.08148,0.769,-0.093,0.63773,-0.02451,0.89,0.014,0.34,-0.046,0.327,-0.04691
1,1,0,0.507,-0.02,0.67119,0.026,0.696,-0.04407,0.325,0.03729,0.981,-0.107,0.744,-0.023,0.779,0.098,0.698,0.069,0.56949,-0.014,0.359,0.007,0.71525,-0.019,0.705,-0.048,0.57262,0.005,0.58644,-0.002,0.58983,-0.02712,0.552,0.06780
1,1.442,0.0,0.49515,0.09709,0.177,0.077,0.34951,0.0,0.286,-0.02427,0.621,0.031,0.33495,0.04854,0.538,0.003,0.47087,-0.062,0.648,0.003,0.34951,0.062,0.18932,0.24,0.31068,-0.15049,0.435,0.037,0.427,0.222,0.17,0.0,0.37379,-0.015
1,1,0.0,0.98822,0.02187,0.739,0.34100,0.83904,0.372,0.74706,0.657,0.689,0.463,0.695,0.60179,0.514,0.392,0.454,0.575,0.28379,0.396,0.058,0.832,0.059,0.71284,-0.16489,0.919,-0.16556,0.337,-0.118,0.827,-0.229,0.635,-0.312,0.37465
1,1,0.0,0.97905,0.15810,0.543,0.445,1.109,0.48561,0.691,0.64888,0.529,0.778,0.475,0.841,0.27,1.122,0.04700,0.85475,-0.09,0.79749,-0.331,0.947,-0.421,0.71676,-0.675,0.552,-0.57587,0.243,-0.61899,0.32,-0.593,0.18345,-0.703,0.026
1,0.845,0,0.99701,0.21677,0.91966,0.689,0.76902,0.613,0.564,0.994,0.371,0.802,0.115,0.83312,-0.06827,1.024,-0.214,1.007,-0.322,0.314,-0.55769,0.384,-0.65000,0.352,-0.365,0.173,-0.685,0.016,-0.696,-0.183,-0.54615,-0.22949,-0.47201,-0.328
1,1.433,0.0,0.678,0.102,0.857,0.40803,1.174,0.615,0.56687,0.693,0.462,1.055,0.14939,0.89489,0.05167,0.781,-0.353,0.83939,-0.42811,0.621,-0.50251,0.5,-0.693,0.50428,-0.68851,0.30912,-1.066,0.209,-1.003,-0.028,-0.75199,-0.201,-0.772,-0.326
1,1,0.0,1.146,0.28082,0.437,0.699,0.403,0.717,0.414,0.425,0.088,0.617,-0.243,0.89335,-0.306,1.004,-0.58835,0.355,-1.039,0.40368,-0.937,0.18888,-0.608,-0.033,-0.55,-0.26883,-0.522,-0.495,-0.46422,-0.61446,-0.26389,-0.451,-0.08937,-0.71273
1,1,0.0,0.89835,0.371,0.67333,0.825,0.6,1.289,-0.035,0.80510,-0.124,0.75334,-0.25137,0.373,-0.306,0.406,-0.677,0.078,-0.47359,-0.06193,-1.136,-0.069,-0.223,-0.47592,-0.12897,-0.289,0.055,-0.387,0.207,-0.477,0.36586,-0.182,0.367,0.13297
1,1,0.0,0.391,0.087,0.322,0.248,0.03759,0.394,0.12030,0.26316,0.058,0.21303,-0.061,0.109,-0.093,0.07907,-0.073,0.051,-0.05431,0.01408,-0.04166,-0.00280,-0.02,-0.012,-0.012,-0.013,-0.012,-0.01475,-0.00280,-0.007,0.001,-0.008,0.002,-0.008
1,0.818,0,0.859,-0.35526,1,0.35338,0.75376,-0.007,0.871,0.163,0.50188,-0.27632,0.482,0.06391,0.643,0.145,0.72368,-0.362,1.137,0.04511,0.649,0.132,1.234,-0.485,0.42,-0.049,0.373,-0.059,0.716,-0.13346,0.099,-0.12218,0.402,-0.092
1,1,0.0,0.83609,0.095,0.72171,0.066,0.576,0.119,0.23888,0.12961,0.43837,0.145,0.545,0.177,0.551,0.13507,0.224,0.033,0.48158,0.226,0.471,0.196,0.419,0.187,0.218,0.208,0.287,0.14314,0.26429,0.16137,0.178,0.168,0.101,0.13198
1,1.291,0.0,0.981,0.166,1.222,0.01038,0.85124,0.01546,0.446,-0.002,0.84459,0.108,0.83289,0.03027,0.694,0.038,0.8,0.026,0.80019,0.035,0.739,0.056,0.865,0.05352,0.77336,0.032,1.11,0.091,0.966,0.067,0.77863,0.069,0.77269,0.07508
1,1,0.0,1.304,0.04,0.902,0.2,1.369,0.29292,1.203,-0.075,1.166,-0.019,0.90446,-0.234,1.181,0.19964,0.515,-0.059,1.168,-0.00991,1.192,-0.34024,0.928,-0.25101,0.86661,-0.12,0.85967,-0.036,0.78774,-0.054,0.445,0.21812,1.127,0.09193
1,1,0.0,0.74916,0.026,0.74,0.09792,0.746,0.069,0.74313,-0.09188,1.023,0.029,0.97921,-0.00469,1.142,0.071,0.809,0.03756,0.71026,0.025,0.712,-0.067,0.633,0.0,0.771,-0.017,1.037,0.02552,0.72435,-0.01073,1.143,0.162,0.782,0.032
1,1,0.0,0.384,0.266,0.06,-0.18343,0.394,0.013,0.256,-0.04,0.56509,0.026,0.44675,0.27515,0.961,-0.058,0.55621,0.12426,0.397,0.17,0.52767,0.04,0.51183,-0.10651,0.438,-0.035,0.46514,0.047,0.746,0.231,0.284,-0.133,0.204,-0.00296
1,1,0,0.779,0.14689,0.746,-0.093,0.788,-0.188,0.55,0.027,0.50471,0.017,0.67420,-0.027,1.013,-0.194,0.51412,-0.24482,0.65,-0.12,0.728,-0.00377,0.33333,0.049,0.784,-0.325,0.373,-0.16837,0.368,-0.018,0.53861,-0.387,0.67420,-0.153
1,0.537,0,0.967,-0.039,0.505,-0.064,0.81953,0.0,0.723,-0.07643,0.976,-0.181,0.468,-0.11677,0.8,-0.203,0.455,-0.218,0.61996,-0.10191,0.458,-0.15711,0.89384,-0.037,0.84926,-0.26115,0.659,-0.162,0.425,-0.261,0.72611,-0.334,0.846,-0.24841
1,1,0.0,0.895,-0.049,0.83424,0.078,1.015,0.04076,0.77174,-0.02174,0.77174,-0.075,0.457,-0.07,0.391,-0.006,0.88043,-0.20924,0.534,0.026,0.504,-0.088,0.891,-0.158,1.199,-0.18750,0.83705,-0.056,0.85870,-0.03261,0.49,-0.134,0.842,-0.007
1,1,0,0.74704,-0.116,0.275,0.199,0.823,0.075,0.69565,-0.062,0.66798,-0.23518,1.075,-0.132,0.975,0.056,0.63043,-0.004,0.734,-0.11858,0.593,-0.17,0.66403,-0.28656,0.475,-0.072,0.456,-0.081,0.358,-0.163,0.43,0.06917,0.571,-0.01383
1,1,0.0,0.46785,0.086,0.58980,0.008,0.56,0.06,0.288,-0.07,0.619,0.013,0.882,-0.126,0.67849,-0.036,0.376,-0.17,0.551,-0.04656,0.47894,-0.19512,0.343,-0.095,0.41463,-0.20177,0.554,-0.11455,0.319,-0.02882,0.53659,-0.161,0.594,-0.047
1,1.32,0,0.81,0.27475,0.72125,0.42881,0.61559,0.63662,0.385,0.511,0.13,0.813,-0.20097,0.511,-0.332,0.837,-0.685,0.797,-0.699,0.236,-1.035,0.114,-1.009,-0.08079,-0.78334,-0.316,-0.89,-0.45511,-0.656,-0.741,-0.28,-0.361,-0.19312,-0.75597
1,1,0.0,0.86,0.282,0.79917,0.457,0.876,0.692,0.17,0.92651,0.043,0.548,-0.234,0.534,-0.617,0.81018,-1.035,0.62385,-0.975,0.343,-0.92254,0.035,-1.381,-0.19838,-0.595,-0.573,-0.356,-0.69556,-0.41223,-0.873,-0.13590,-0.93953,0.107,-0.94823
1,1,0,0.88241,0.367,0.923,0.68,0.293,0.701,0.038,1,-0.053,0.92118,-0.62403,0.513,-0.767,0.258,-0.971,0.393,-1,-0.00775,-0.491,-0.404,-0.84,-0.45478,-0.57242,-0.642,-0.411,-0.71,-0.022,-0.477,0.25392,-1.171,0.002,-0.81686
1,0.976,0,0.431,0.299,0.697,0.47702,0.379,0.68381,0.21991,0.722,-0.075,0.85011,-0.223,1.138,-0.474,0.721,-0.859,0.31291,-0.67,0.03939,-0.96,-0.08,-0.633,-0.387,-0.37199,-0.762,-0.16950,-0.472,0.119,-0.336,0.25164,-0.48468,0.35,-0.35339
1,1,0.0,0.92870,0.437,0.76168,0.62349,0.376,0.84266,0.243,0.95193,-0.13956,1.092,-0.417,0.65,-0.83,0.498,-1.11,0.475,-0.91814,0.064,-0.961,-0.345,-1.068,-0.771,-0.386,-0.74735,-0.22323,-1.005,0.078,-0.704,0.36021,-0.827,0.3,-0.60270
1,0.57,0.0,0.586,0.31456,0.373,0.581,0.191,0.70677,0.217,0.465,-0.152,1.058,-0.41729,0.401,-0.608,0.567,-0.74725,0.19492,-0.72180,-0.041,-0.493,-0.164,-0.724,-0.695,-0.26577,-0.66014,-0.015,-0.949,0.22708,-0.64428,0.553,-0.51206,0.64662,-0.239
1,0.596,0,0.98455,-0.023,1.176,-0.04104,1.094,-0.07635,1.312,0.018,0.828,-0.02604,0.98500,-0.056,0.99382,-0.097,0.929,-0.117,0.97264,-0.12224,0.99294,-0.042,1.302,-0.113,0.97352,-0.049,0.558,-0.077,1.206,-0.091,0.745,-0.084,1.135,-0.18800
1,1,0.0,0.593,-0.008,0.599,0.01,0.94994,-0.008,0.95878,-0.01060,1.034,-0.03710,0.97173,-0.015,0.97055,-0.052,1.281,-0.04064,0.529,-0.04711,0.94229,-0.019,0.464,-0.04417,0.544,-0.028,0.627,-0.059,0.654,-0.071,1.061,-0.07244,0.827,-0.061
1,1,0.0,0.624,-0.081,0.91324,-0.00228,0.725,-0.18,0.98630,0.128,0.677,0.00228,0.527,-0.086,1.145,-0.003,0.7,-0.108,0.909,-0.21233,1,0.114,0.587,-0.05251,0.92466,0.06849,0.94043,-0.129,1.278,-0.136,1.097,-0.08676,1.414,-0.118
1,0.5,0.0,0.572,-0.051,0.94915,0.08475,0.52542,-0.244,0.336,-0.018,0.50847,-0.079,0.64407,0.168,0.83051,-0.215,0.506,0.01695,0.769,0.03390,0.59322,0.363,0.549,0.034,0.40678,0.166,0.855,-0.003,0.66102,-0.048,0.658,-0.098,0.736,-0.10169
1,1,0.0,0.33333,-0.162,0.44444,0.235,0.522,0.103,0.246,0.073,0.5,-0.088,0.327,-0.049,0.58333,0.298,0.55556,0.02778,0.182,-0.159,0.47222,-0.05556,0.629,-0.022,0.515,0.08333,0.31,-0.18,0.182,-0.18,0.379,-0.14809,0.084,-0.5
1,1,0.0,0.51207,1,1.323,0.285,0.71178,0.80833,0.5,0.405,0.418,1.074,0.157,1,-0.23,1,-0.437,1.462,-0.877,0.603,-0.52674,0.667,-0.895,0.432,-1,0.196,-1.437,0.09569,-1.038,-0.186,-0.898,-0.42226,-0.91903,-0.607
1,1,0.0,0.75564,0.359,1.063,0.737,0.464,0.72063,0.362,0.714,0.17,1.324,-0.141,0.99,-0.551,0.465,-0.52742,0.71161,-0.518,0.67989,-0.826,0.24956,-0.79147,0.02995,-0.98988,-0.28,-0.825,-0.31,-0.856,-0.206,-0.32,-0.60454,-0.213,-0.62956
1,0.908,0.0,0.617,0.544,0.72113,0.58385,0.45625,0.896,0.135,0.82732,-0.13012,0.86947,-0.368,1.051,-0.589,0.52070,-0.893,0.212,-1.2,0.033,-0.656,-0.31351,-0.631,-0.48,-0.544,-0.67796,-0.05054,-0.703,0.14690,-0.45911,0.475,-0.199,0.431,-0.175
1,1,0.0,0.606,0.427,0.75254,0.542,0.495,0.614,0.145,1.134,-0.288,0.96301,-0.769,0.83397,-0.78751,0.58045,-0.93104,0.212,-1.142,-0.06418,-0.491,-0.401,-0.333,-0.824,-0.407,-0.84951,-0.066,-0.91221,0.27330,-1.186,0.633,-0.69613,0.395,-0.253
1,1.014,0.0,0.92436,0.223,0.76,0.985,0.285,0.718,-0.11108,0.76527,-0.269,0.691,-0.362,0.78766,-0.492,0.313,-0.809,0.09585,-0.745,0.03191,-0.908,-0.66278,-0.46010,-0.498,-0.13486,-0.601,0.152,-0.85137,0.698,-0.70247,0.69886,-0.355,0.877,-0.096
1,0.543,0,1,0.187,0.687,-0.048,0.994,0.016,1,-0.12352,0.538,-0.017,1,-0.023,1,-0.043,1.156,-0.066,0.888,0.05900,0.663,-0.051,1.294,-0.022,0.88,-0.22978,1.326,-0.096,1,0.1,1,-0.14194,1.368,-0.07439
1,1,0.0,1.232,-0.001,0.632,-0.119,0.615,-0.007,1.112,-0.51171,0.852,0.088,1,-0.14247,0.551,-0.02542,0.95853,-0.215,0.535,0.61739,1.185,-0.145,0.87492,-0.08495,1.281,-0.024,0.83,-0.01769,0.82427,-0.015,0.80634,-0.029,0.459,-0.013
1,1,0,0.87,0.25,0.662,0.645,0.602,0.491,0.175,1.132,-0.142,0.832,-0.305,0.72328,-0.812,0.578,-0.732,0.16755,-0.784,-0.141,-0.57695,-0.23503,-0.502,-0.549,-0.17437,-0.672,0.01523,-0.48707,0.19030,-0.23,0.443,-0.23199,0.34572,-0.098
1,1,0.0,0.88085,0.505,0.982,0.945,0.266,1.067,0.05832,0.90842,-0.29784,0.86490,-0.716,0.744,-0.76,0.39309,-1.205,0.069,-0.949,-0.24017,-0.674,-0.50022,-0.438,-0.667,-0.094,-0.715,0.17041,-0.923,0.565,-0.415,0.56626,-0.536,0.364,-0.13305
1,1,0.0,0.89589,0.39286,0.743,0.71804,0.27,0.819,-0.065,0.94415,-0.493,1.138,-0.681,0.744,-0.856,0.358,-1.219,-0.15315,-0.76064,-0.523,-0.664,-0.76197,-0.164,-0.514,0.21581,-1.128,0.625,-0.495,0.74846,-0.372,0.487,-0.088,0.76862,0.27926
1,1,0.0,1.497,-0.24051,1.235,-0.20253,0.932,-0.1,1.117,0.015,1.091,0.11392,0.496,0.071,0.84810,-0.03797,0.527,-0.394,1.104,-0.01266,0.93671,0.048,1.163,0.35,0.755,-0.264,0.84637,-0.05540,1.277,-0.06329,0.695,0.035,0.529,-0.02532
1,1,0,1.104,0.00840,1.2,0.01659,0.82638,0.02469,1.246,0.01681,0.901,0.052,1.184,0.028,0.77441,0.05407,0.907,0.145,0.737,0.05,0.71285,0.07122,0.741,0.09,0.891,0.077,0.93,0.116,0.588,0.015,0.473,0.08,0.506,0.08891
1,1,0.0,0.85013,0.011,0.889,0.01456,0.639,0.027,0.92765,0.053,1.181,0.11370,0.91161,0.059,0.90738,0.062,0.87339,0.02842,0.582,0,1.244,0.045,1.15,0.112,0.83721,0.12,0.86923,0.05,0.811,0.094,0.782,0.091,0.573,0.075
1,1.138,0.0,1,-0.01179,1,-0.004,1.414,-0.01,1,-0.016,0.755,-0.037,1.036,-0.017,0.99828,-0.03087,0.99528,-0.032,0.99314,-0.031,1,-0.038,0.866,-0.068,0.537,-0.03,1.174,-0.039,0.99400,-0.053,0.99057,-0.067,0.98971,-0.039
1,0.791,0.0,0.89505,-0.03168,0.87525,0.05545,1.047,0.02,0.989,0.016,0.931,-0.013,0.549,-0.01584,0.979,0.02,0.93663,0.0,0.94257,0.019,0.90495,0.007,0.88713,-0.016,0.89307,0.015,0.89002,0.018,0.955,0.003,0.559,0.026,0.49,0.02376
1,1,0,0.90071,0.013,0.604,-0.02,0.789,0.009,0.471,0.05674,1.323,0.042,0.721,0.007,1.065,0.03546,0.788,-0.019,0.89716,-0.035,0.593,0.07801,1.231,0.09220,1.03,0.061,0.647,0.019,0.94681,0.02482,0.778,0.01,0.93617,0.02128
1,1,0.0,0.39394,-0.24242,0.62655,0.017,0.319,0.061,0.63636,0.09091,0.146,-0.21212,0.651,0.15152,0.39394,0.0,0.592,0.062,0.385,0.038,0.921,0.18182,0.323,-0.118,0.596,0.05929,0.489,0.085,0.168,-0.03030,0.435,0.039,0.21,0.266
1,0.887,0,0.86689,0.431,0.777,0.854,0.37201,1.1,0.051,0.85893,-0.24118,0.86121,-0.51763,0.79,-0.826,0.413,-0.779,0.051,-0.69397,-0.13652,-0.375,-0.42207,-0.32537,-0.53,-0.036,-0.791,0.15360,-0.384,0.175,-0.324,0.562,-0.202,0.276,0.022
1,1,0.0,0.989,0.37917,0.386,0.915,0.507,0.95,-0.035,0.858,-0.38875,0.783,-0.67274,0.62078,-0.82680,0.171,-0.906,-0.03,-0.417,-0.316,-0.424,-0.575,-0.152,-0.791,0.06911,-0.732,0.33531,-0.62296,0.506,-0.42086,0.903,-0.17343,0.60073,0.088
1,1,0.0,0.864,0.41113,0.383,0.914,0.29921,0.95905,-0.13342,0.97820,-0.623,0.79,-0.683,0.394,-0.96631,0.191,-1.114,-0.203,-0.71863,-0.653,-0.275,-0.85205,-0.02250,-0.93788,0.518,-0.466,0.68,-0.906,1.011,-0.208,0.842,0.139,0.75495,0.401
1,0.522,0.0,1,1.203,0.36700,0.034,0.12993,1.013,-0.244,0.666,-0.31527,0.37,-1.044,0.365,-0.507,-0.08867,-0.224,-0.34236,-0.46552,-1.17,-0.05419,-0.93596,0.197,-0.159,0.73792,-0.237,0.737,-0.06831,0.93,1,0.322,0.002,0.255,0.501
1,1,0.0,0.808,0.51515,0.354,0.33333,0.086,0.366,-0.396,1.07,-0.45455,0.553,-0.73,0.0,-0.57576,-0.12121,-0.391,-0.481,-0.09091,-0.922,0.592,-0.57576,0.57576,-0.42424,1.135,-0.531,0.656,0.109,0.49,0.759,0.24242,0.36364,0.094,0.374
1,1,0,1.12,0.0,0.753,-0.017,0.712,-0.01220,1.303,0.01829,0.90244,0.01829,0.834,0.006,1.014,0.00305,1.167,0.02744,0.717,-0.01,0.759,0.02439,0.921,0.072,0.579,0.063,1.126,0.013,0.90854,0.00915,0.614,0.05488,1.044,-0.007
1,1,0,0.82624,0.045,1.077,-0.065,0.54,-0.014,0.92908,0.013,0.80142,0.104,1.157,-0.00709,1.217,0.0,0.912,0.298,0.95035,-0.009,0.91489,0.008,0.7,0.042,1.211,0.189,1.12,0.111,0.77660,0.054,0.545,0.18085,0.92553,0
1,1.016,0,0.74468,0.072,1.031,0.00982,0.523,0.014,0.463,-0.01418,0.798,0.123,0.534,0.017,1.192,0.03382,0.962,0.059,1.282,0.057,0.85597,0.04743,0.717,0.045,1.106,0.11348,0.83429,0.05,0.669,-0.03546,0.52,0.042,0.80774,0.07173
1,1,0,0.972,0.028,1.2,0.00343,1.175,0.004,0.86335,0.0,0.899,0.07453,0.483,0.006,0.86303,0.012,0.947,-0.06211,0.803,0.02484,0.84182,0.009,0.469,0.014,0.79503,-0.028,1.018,0.014,0.81988,0.08696,0.585,0.012,0.401,0.016
1,1.375,0,1.16,0.00710,1.085,0.01954,0.751,0.01,1.275,0.01,0.95737,0.02309,0.486,0.039,1.464,0.031,0.97869,0.031,0.98579,0.038,0.565,0.067,0.94494,0.05506,1.233,0.023,0.996,0.039,0.94849,0.079,0.99112,0.087,0.924,0.09947
1,0.893,0.0,0.775,0.008,0.65,0.01105,1,0.023,1.335,-0.01436,1.051,-0.001,0.779,0.02320,0.596,0.005,0.97569,0.00773,1.27,0.01657,1.47,0.00663,0.98122,0.022,0.997,-0.009,0.608,0.01600,0.97901,0.017,1.253,0.014,0.98674,0.031
1,1,0.0,0.575,-0.01342,1,0.01566,1,-0.00224,1.481,0.089,0.91,0.024,0.535,0.032,1.192,0.06,0.863,0.02,1.437,0.03579,0.659,0.119,0.714,0.069,0.794,0.10067,0.99989,0.071,0.99105,0.091,1,0.133,1,0.133
1,1.265,0.0,0.969,0.467,0.67123,0.791,0.239,0.832,0.02424,0.93182,-0.35148,0.83713,-0.884,0.595,-0.744,0.456,-0.83285,-0.006,-0.997,-0.32963,-0.472,-0.486,-0.284,-0.68126,0.006,-0.69774,0.275,-0.60678,0.602,-0.43383,0.392,-0.285,0.476,0.02823
1,1,0.0,0.954,0.476,0.64131,0.75725,0.30440,0.782,-0.155,1.107,-0.55483,0.835,-0.81857,0.50949,-0.494,0.138,-1.306,-0.398,-0.695,-0.65461,-0.352,-1.244,0.053,-0.882,0.355,-0.732,0.795,-0.55231,0.89415,-0.18725,0.87893,0.297,0.519,0.539
1,1,0,0.32789,0.158,0.115,0.29308,0.157,0.823,-0.297,0.91993,-0.132,0.172,-0.623,0.304,-1.062,-0.004,-0.23227,-0.23,-0.29,-0.48886,-0.191,-0.882,0.053,-0.241,0.28307,-0.18560,0.422,-0.147,0.412,0.029,0.21443,0.20540,0.13376,0.365
1,1.427,0,0.65845,0.278,0.256,0.91,0.05319,0.85106,-0.25,1.001,-0.413,0.51,-0.84211,0.07111,-0.82811,-0.221,-0.321,-0.827,-0.035,-0.454,0.19,-0.571,0.56663,-0.381,0.404,-0.18645,0.618,0.164,0.45185,0.59071,0.208,1.045,-0.159,0.74356
1,1,0.0,0.19466,0.08,0.04198,0.326,-0.152,0.405,-0.099,-0.212,-0.373,0.031,-0.386,0.068,-0.16412,-0.405,-0.113,-0.303,0.18702,-0.24,0.392,-0.092,0.28626,-0.139,0.115,0.24692,0.03913,0.425,-0.03817,0.26336,-0.113,0.177,-0.30153,-0.33588
1,1,0.0,0.974,0.00075,1.203,0.0,0.98982,-0.0,0.622,0.02394,1.306,0.024,0.861,0.03073,1.425,0.021,0.927,0.072,0.93552,0.05279,0.901,0.038,1,0.06241,1.381,0.08107,1.299,0.108,1.406,0.075,1.358,0.08126,0.97247,0.057
1,1,0,0.592,-0.064,1.149,0.00231,0.87514,-0.014,0.558,-0.061,0.72832,-0.171,0.548,0.053,0.83121,-0.041,0.725,0.094,1.113,0.06358,0.86763,-0.021,0.934,-0.06012,0.631,-0.034,0.793,-0.02731,0.472,-0.056,0.865,-0.04220,0.78439,0.016
1,1,0,0.513,-0.12,0.928,-0.023,0.672,-0.03574,0.396,-0.067,0.719,-0.10467,0.62099,-0.079,0.833,-0.08,0.521,-0.16,0.832,0.04992,0.725,-0.112,0.46241,-0.08989,0.45008,-0.00564,0.299,-0.129,0.495,-0.127,0.32232,-0.071,0.28943,-0.119
1,1,0,0.76046,0.015,1.17,0.003,0.918,0.004,0.464,0.019,1.073,0.087,0.6,0.009,0.747,0.00854,0.863,-0.099,0.76531,0.03881,0.446,0.012,0.969,0.01232,0.832,-0.002,0.70886,0.01375,0.66161,0.008,0.66298,0.01484,0.718,0.021
1,1.074,0.0,0.683,-0.01366,1.458,0.086,0.686,0.50137,0.683,-0.003,0.828,-0.165,0.524,-0.48907,0.211,0.58743,0.971,0.31831,0.887,0.11339,0.553,-0.44945,1,0.008,0.532,0.06967,0.68656,0.17088,0.609,0.071,0.55328,0.314,0.152,0.665
1,0.913,0,0.625,0.095,0.73739,-0.14706,0.808,-0.05567,1.354,-0.057,0.89391,0.166,0.81197,0.06723,0.79307,-0.078,1,-0.019,1.411,0.065,1.294,0.01,0.833,0.05,0.843,-0.061,0.891,0.00123,1.188,0.12815,1.034,-0.154,0.573,-0.04307
1,1,0.0,0.578,0.00419,1.334,-0.019,0.93438,-0.01920,0.557,0.01606,0.867,0.045,0.908,0.102,0.94625,-0.008,0.789,0.001,0.94834,0.088,0.92670,0.117,0.524,0.10087,0.867,0.018,1.393,0.044,0.995,0.106,0.94066,-0.00035,1.222,0.04712
1,1,0,0.94701,-0.00034,1.153,-0.03227,0.665,-0.027,0.589,0.035,1.276,0.01766,1.161,0.04688,0.921,-0.008,0.658,0.022,0.653,0.011,0.91406,0.07677,0.828,0.063,0.93988,0.035,0.775,0.02542,1.229,0.019,0.614,0.00442,1.25,-0.006
1,1.376,0,0.90608,-0.019,1.148,-0.01989,0.614,-0.021,0.879,0.001,0.955,-0.03315,1.017,-0.011,1.031,-0.049,1.174,-0.005,1.186,-0.12928,0.88729,0.01215,0.904,-0.013,0.568,-0.02099,0.504,-0.069,0.82983,-0.153,0.98,-0.03757,0.87403,-0.16243
1,1,0.0,0.504,0.082,0.882,-0.06151,0.87873,0.08260,0.88928,-0.09139,0.453,0.047,0.754,-0.004,0.866,-0.01054,0.935,-0.027,0.558,-0.022,1.077,-0.075,1.001,0.047,0.989,-0.099,0.451,-0.04822,0.963,-0.00703,0.694,-0.06678,0.85764,-0.06151
