1,1,0,0.669,-0.04,0.85243,0.012,0.83398,-0.37708,0.781,0.04,0.747,-0.122,0.655,-0.354,0.708,-0.38223,0.898,-0.436,0.731,-0.438,0.393,-0.222,0.36946,-0.546,0.419,-0.51171,0.41078,-0.246,0.281,-0.419,0.291,-0.424,0.18641,-0.45300
0,1,0,1.371,-0.187,1.088,-0.321,-0.10868,-0.962,0.722,-0.04549,0.549,-0.67743,0.34432,-0.881,-0.51685,-1.029,0.037,-0.757,0.335,-0.758,-0.13151,-0.272,-0.18056,-0.429,-0.26,-0.26569,-0.111,-0.18401,-0.134,-0.121,-0.23,-0.076,-0.069,-0.021
1,0.919,0.0,1.072,-0.036,1,0.00485,1,-0.123,0.502,0.012,0.73082,0.071,0.793,0.005,0.54591,0.004,0.83775,-0.13644,0.996,-0.044,0.70887,-0.272,0.258,-0.145,0.57528,-0.531,0.542,-0.22145,0.365,-0.098,0.853,-0.254,0.315,-0.38238
0,1,0.0,1,-0.299,1,1,0.676,-0.955,0,0.0,0.0,0.0,0.0,0.0,-1.3,0.206,0.54094,-0.312,-1.198,-0.54467,-0.453,0.741,0.0,0.0,1.462,0.90695,0.282,1.425,1,-0.194,0.283,1.176,-0.32382,1
1,1,0.0,0.949,-0.015,0.724,0.058,0.92106,-0.23,0.77152,-0.16399,0.332,-0.20275,0.489,-0.006,0.414,-0.27457,0.634,-0.187,0.443,-0.17813,0.034,-0.389,0.013,-0.52879,0.023,-0.34,0.13290,-0.585,0.035,-0.321,-0.044,-0.845,-0.04608,-0.65697
0,1,0,0.033,-0.00592,-0.102,-0.065,-0.007,-0.173,0.14706,0.06637,0.03786,-0.056,0.0,0.0,-0.05,-0.15540,-0.003,-0.052,-0.147,-0.062,0.021,0.045,0.02,0.011,0.035,-0.017,-0.025,0.108,-0.077,0.00732,0.0,0,-0.00039,0.12011
1,1,0.0,0.815,-0.06,0.94601,-0.274,0.92806,-0.368,0.5,-0.275,0.79766,-0.337,0.595,-0.645,0.871,-0.61436,0.62,-0.68086,0.232,-0.924,0.36324,-0.583,0.46,-0.845,0.138,-0.465,0.13659,-0.628,0.04606,-0.732,-0.055,-0.646,-0.13832,-0.80975
0,0.0,0.0,0.0,0.0,0,0.0,0.596,-1.187,0,0,-1,-1,0.0,0.0,0.0,0,1,0.597,-1.2,-1,0,0.0,0.0,0.0,1,1.222,1.472,0.589,0.0,0.0,0.767,1,0.0,0.0
1,0.818,0.0,0.57,-0.07198,0.584,-0.14333,1,-0.27,0.621,-0.313,1.249,-0.231,1.09,-0.40668,1.235,-0.382,1.143,-0.354,0.84537,-0.66020,0.765,-0.458,0.935,-0.702,0.85106,-0.552,0.57577,-0.665,0.162,-0.63919,0.405,-0.493,0.38895,-0.73420
0,1.24,0,-0.013,-0.054,0,0.0,0.0,0.0,0.11470,-0.149,-0.516,-0.357,0,0.0,-0.33656,0.207,-0.192,0.15018,0.708,0.22115,0.0,0.0,0.0,0.0,-0.14803,-0.017,0.20645,-0.013,0.0,0,0.16595,0.254,-0.059,0.19
1,0.792,0.0,1.066,0.091,0.635,-0.236,1.464,-0.137,0.751,-0.43107,1.253,-0.596,0.928,-0.51874,0.548,-0.59017,0.594,-0.933,0.69876,-0.70997,0.66,-0.84,0.63081,-0.80544,0.664,-0.89128,0.657,-0.723,0.234,-0.83675,0.30996,-0.91,0.148,-0.89158
0,1,0.0,1.129,-0.54210,0.775,-0.526,1.085,-0.583,1,0.36217,0.893,-0.41119,1,1.004,1.026,-0.596,1,-0.169,1,-1.239,0.65,1.342,1,0.727,1.057,-0.52,1.057,-0.941,0.816,-0.746,1,-0.794,0.62,-1
1,1,0.0,1.263,-0.16316,1,-0.10169,0.661,-0.15197,1,-0.286,0.556,-0.307,0.577,-0.326,0.496,-0.37,0.94486,-0.313,0.844,-0.574,0.773,-0.564,1.048,-0.477,0.84080,-0.47137,0.564,-0.325,0.939,-0.68794,0.987,-0.67,0.853,-0.67226
0,1.397,0.0,1.173,-0.915,1,0.284,0.85492,-0.39896,1.177,-0.12090,1,0.338,0.902,0.083,1.088,-0.201,1.008,-0.946,1.352,-1,0.906,0.15803,1,0.66,0.724,-0.245,0.845,0.363,1.322,-0.376,0.937,0.88428,1,-0.18826
1,1.459,0,1.122,0.054,1,0.036,1.268,-0.05563,1.147,0.117,0.719,0.19651,0.758,0.162,1.028,0.164,0.908,0.054,0.991,0.27087,0.892,0.44758,0.978,0.333,1,0.20033,1.428,0.306,0.939,0.48641,1,0.37,1,0.384
0,1.33,0.0,0.621,-0.481,1.216,0.369,-0.041,-1.184,0.564,-1,0.282,-1,0,0.0,-0.826,-0.34265,-0.37681,0.048,1.067,-0.528,0,0.0,0.0,0.0,-0.154,0.752,0.39752,0.26501,0,0,1.087,0.133,0.0,0
1,0.763,0.0,0.728,0.06468,0.683,-0.007,0.724,0.019,0.612,0.032,0.99274,0.07808,0.89323,0.063,0.801,0.051,0.762,0.11120,0.673,0.124,0.861,0.136,0.83668,0.14442,0.627,0.1,0.79476,0.13638,0.802,0.219,0.594,0.15930,0.82,0.12015
0,0,0.0,0.0,0.0,-1,-0.888,0.663,1,-1.289,0.829,-1.402,0.994,1.153,-0.543,1,1,-0.672,-0.509,-1,1,1,-1,-0.924,1,-0.687,0.88,1.294,-1.096,-1,0.538,-0.852,-1.368,1.149,-1.326
1,1,0.0,0.427,0.035,0.388,0.05031,0.57197,0.158,0.078,0.462,0.63621,0.112,0.557,0.14285,0.517,0.071,0.378,0.148,0.14395,0.509,0.299,0.253,0.51420,0.338,0.48838,0.319,0.46167,0.309,0.638,0.25306,0.297,0.255,1.437,0.33036
0,0.0,0.0,0.604,-1.162,0.0,0.0,0.0,0.0,1.216,1,0.946,-1,-0.71875,1.096,0.0,0.0,-1.103,0.97,1.034,1,-1.456,1,1,0.594,-1,1.428,1,0.848,1,-1,0.875,1.12,1,1.232
1,1.458,0.0,0.579,-0.008,1,-0.141,1.143,-0.11,1,-0.147,1.078,-0.11073,0.824,-0.573,1,-0.15616,0.996,-0.341,0.902,-0.337,0.91693,-0.569,1.369,-0.638,0.81874,-0.309,0.82681,-0.42231,0.545,-0.537,0.904,-0.40575,0.74354,-0.378
0,0,0.0,1,1.271,0,0,0.0,0.0,-1.345,-1.321,0.0,0.0,0,0.0,-0.586,-1,-1.316,-1.384,-1.103,0.913,-1.304,1,0,0,0.0,0.0,1.308,-0.722,-1.254,0.922,-1,1.129,-1.091,1
1,1.46,0.0,0.96071,0.07,0.748,0.023,1.497,0.113,0.90169,-0.033,1.103,0.02580,0.83250,-0.078,0.934,0.09831,0.637,0.003,0.75206,-0.062,0.758,-0.07905,0.64158,-0.064,0.509,-0.07705,0.595,-0.02205,0.49664,-0.009,0.647,-0.0,0.457,-0.001
0,0,0.0,-0.812,0.633,0,0,0.0,0,-1,1,1.44,0.884,0.0,0.0,0.0,0,1.193,-1,-1.335,0.964,0.917,1.401,0.0,0.0,-1,-1.394,1,-0.913,0.588,0.958,-0.562,1.342,0.0,0
1,1.348,0,0.779,-0.06182,1,0.02942,0.608,-0.074,1.254,-0.013,1,-0.101,0.712,-0.057,0.62,-0.046,0.978,-0.096,0.65731,-0.252,0.822,-0.22,0.677,-0.293,0.84932,-0.34838,0.72529,-0.198,0.78,-0.38576,0.807,-0.16,0.896,-0.39487
0,1,0.0,1,0.771,0.852,-1.252,1.184,-1.283,1.442,-1,1.23,-1.191,0.595,-1.278,1,-1.003,1.181,-1.359,1.168,-0.78,1,-0.687,1,-1.408,1.415,-1.236,1,-1,1,-1,1.071,-1.241,1.047,-1
1,1,0.0,1.218,-0.115,0.657,-0.185,0.757,-0.57,0.961,0.423,1.18,-0.41382,0.599,-0.31736,0.768,-0.324,0.81051,-0.476,0.12245,-0.993,0.90284,0.07,0.62357,-0.78547,0.428,-1.196,0.48136,-1.297,0.40650,-0.844,0.32984,-1.352,-0.16,-0.662
0,0.0,0,-1.156,-1.262,0.0,0.0,-1,1.465,0.702,-0.37500,0,0.0,0,0.0,0,0.0,0.521,-1,-1,-1.15,0.819,-0.848,0.0,0,0.829,-1.446,-1.179,1.021,-1.046,-1.384,0.0,0,-0.734,1
1,1,0.0,1.255,0.086,1,0.096,0.916,-0.186,0.923,0.432,1,0.403,0.625,0.595,0.861,0.573,1.244,0.729,1.366,0.95099,1,1.445,0.98042,1,0.942,1.118,0.83899,0.706,0.74822,1,0.64358,0.637,0.752,1.251
0,0.0,0,-1,-1.47,1.426,0.935,0.993,-0.579,-0.692,1.09,0.688,-1,-0.847,-1,0.0,0.0,1,1,-0.955,-1,0.603,-1,0.608,-1,1.349,1.304,0.556,-0.939,1,-0.956,-0.833,1,1.358,-0.739
1,1,0.0,1.079,-0.211,1,-0.218,1,-0.181,0.671,-0.07514,1,-0.17,1.398,-0.26161,1,-0.324,1.068,-0.222,1.367,-0.608,1.473,-0.35519,1.071,-0.759,0.865,-0.325,0.769,-0.711,1.048,-0.75820,1.242,-0.75761,0.906,-0.84437
0,1,0.0,0.627,-1,1,1,1.393,-0.989,0.516,-1.256,1.155,-0.884,1.32,-0.027,1,-1.464,1,1.272,0.837,-1.058,1.079,1.2,0.864,-1,0.0,0,0.706,1,0.888,-0.79141,0.676,1.493,1,0.985
1,1,0,0.88208,-0.189,0.93408,-0.061,0.92100,-0.183,1.1,-0.182,1.117,-0.31809,0.666,-0.203,0.623,-0.35924,0.80681,-0.33632,0.979,-0.271,0.617,-0.544,0.641,-0.50085,0.793,-0.651,0.629,-0.411,0.273,-0.492,0.7,-0.57377,0.485,-0.542
0,1,0.0,0.984,-0.024,0.46,-0.154,0.978,-0.09473,1.317,-0.065,1.215,-0.159,0.58965,1.134,0.788,-0.987,0.967,-0.17863,0.80760,-0.363,-0.25914,1.112,0.389,0.059,0.65493,-0.197,0.93124,-0.318,0.63811,-0.321,0.811,-0.87354,-0.23186,-0.889
1,1,0.0,1.067,-0.174,0.641,0.175,0.83443,-0.827,1,-0.392,1.051,-0.49863,0.453,-0.181,0.663,0.14638,1.475,0.347,1,0.217,0.96354,-0.011,1.284,-1.067,1,0.14803,1.265,-0.079,1.277,-0.129,1.495,0.53372,1.248,-0.57758
0,1,0.0,0.563,-1.371,1.377,1,1.251,-0.539,0.69,-0.452,0.815,-1,0.938,-0.89375,1,0.462,0.175,0.369,0.827,0.968,1.479,0.85268,1,-1.32,1,0.897,0.937,-0.08571,1.388,-0.36250,1,0.594,1.098,0.418
1,1,0,1,0.00433,0.826,-0.014,1.328,-0.044,0.754,-0.059,0.97839,-0.06256,1,-0.059,0.695,-0.07917,0.92561,-0.159,1.12,-0.146,0.99589,-0.204,0.906,-0.13565,0.768,-0.278,0.521,-0.091,0.496,-0.228,0.782,-0.155,0.879,-0.307
0,0,0,1,1,0.696,-0.63,0.0,0,0,0.0,-1.227,-1.346,0.0,0.0,0.0,0.0,-1.384,1,1.043,1.348,-1,1,-0.625,1.316,0.902,-1.468,0.568,1.04,-0.509,0.515,1.041,0.636,0,0
1,1,0,0.737,0.061,1.281,0.021,0.996,0.045,0.93582,0.015,0.512,0.06348,0.504,0.143,0.92048,0.066,0.965,0.074,0.538,0.08,0.80983,0.161,0.77041,0.107,0.474,0.11299,0.73550,0.179,0.332,0.208,0.70925,0.144,0.65258,0.095
0,1,0.0,0.744,0.02461,0.888,0.04861,0.75,0.07143,0.804,-1.307,0.629,0.074,1.104,0.66,0.633,0.154,1.051,0.143,1,0.497,0.508,0.16371,0.462,0.224,0.54446,0.16390,0.48867,0.093,0.43481,0.181,0.405,0.214,1.309,1
1,1,0.0,0.714,0.05,1,0.146,0.711,0.331,0.539,0.296,1.262,0.418,0.942,0.50082,1.025,0.579,0.671,0.376,0.57619,0.696,0.47807,0.369,0.40553,0.68840,0.255,0.466,0.271,0.72386,0.281,0.70682,0.11372,0.54,0.098,0.71444
0,1,0.0,-1.043,-1,1,1,1,-0.081,0.0,0.0,-0.501,0.803,0.864,1.043,0.211,-0.706,-1,-1.165,0.08750,-1.376,1.438,-1,-1.008,0.805,-1,-1.369,1.349,-0.847,-0.928,-1,0.839,1.27,0,0.0
1,0.527,0.0,0.90932,0.112,0.439,0.225,1.27,0.235,0.698,0.68154,0.927,0.426,0.16286,0.625,0.57620,0.46086,0.405,0.49618,0.368,0.12967,0.37824,0.54462,0.241,0.818,0.24856,0.715,0.244,0.29,0.151,0.746,0.047,0.343,0.12137,0.902
0,0.733,0.0,-0.64286,-0.936,0.747,0.748,1.374,-1,1.184,-0.23393,1.359,0.924,0.89,-0.542,1.144,-1.051,1,0.072,1.045,-1,0.971,-0.03393,-1.154,1.016,0.53750,0.85714,1.166,1.349,1,-0.551,1,-1,0.972,-0.917
1,0.682,0.0,1.409,-0.075,1.488,-0.103,0.98663,-0.181,1.448,-0.141,0.879,-0.30130,1.237,-0.553,0.696,-0.43796,0.84922,-0.52064,0.87433,-0.818,0.948,-0.59839,0.74725,-0.374,0.876,-0.68479,0.65247,-0.8,0.453,-1.004,0.53,-0.888,0.692,-0.83245
0,0.0,0,0.0,0,0,0.0,0.0,0,0.946,1.121,0.708,1.357,0.0,0,0.0,0,-0.382,-0.777,-1.107,-0.788,0,0.0,0.0,0,-1,-0.759,-1.238,-0.569,-1,1.23,1.173,0.0,0.0,0
1,0.513,0.0,0.52,-0.03730,1.228,-0.068,1.102,-0.109,1.269,-0.09931,0.98941,-0.13814,0.507,-0.297,0.95288,-0.25099,1.17,-0.303,0.90581,-0.32152,0.89991,-0.458,1.053,-0.42,0.51,-0.451,0.83172,-0.309,0.445,-0.42593,1.004,-0.398,0.674,-0.344
0,1,0,1.128,-0.014,-1,0.202,-0.36393,0.281,0.898,-0.63427,0.781,-0.03353,-0.29020,-0.006,-0.49,0.171,1.338,-0.508,0.838,-0.50424,-0.29735,-0.395,-0.896,0.37361,1.157,-0.461,0.742,-0.531,0.955,-0.629,-0.136,0.23,-0.073,0.41913
1,1.367,0.0,0.727,0.011,0.846,-0.03818,0.97565,-0.05699,0.736,-0.06971,0.99004,-0.04507,1.324,-0.11102,0.78,-0.159,0.94217,-0.166,0.86,-0.179,0.952,-0.163,0.86257,-0.242,0.667,-0.19,1.099,-0.244,0.691,-0.332,0.76911,-0.23095,0.921,-0.235
0,1,0.0,0,0.0,1.145,0.287,0.0,0,0.105,-1.453,0.0,0.0,0,0.0,-1,-0.128,-0.298,-0.83297,0.76940,0.541,0,0.0,0.53,0.446,-0.90302,0.44828,0.945,-1.5,-1.195,0.729,0.0,0.0,0.0,0
1,0.635,0,0.757,-0.18362,0.332,0.036,0.93421,-0.003,0.495,0.076,1.193,-0.025,0.88559,0.616,0.91714,-0.57486,0.939,-0.29,0.704,-0.119,0.812,0.667,0.46610,-0.086,0.574,-0.02778,0.93358,-0.013,0.743,-0.19,1.055,-0.25706,1.338,-0.01425
0,0,0,0.545,0.597,1,-1.091,0.0,0.0,0.0,0.0,1.122,1.099,0.661,1.067,-1.254,-1,1,-1,-1.325,1,0.0,0.0,1,-1,1.127,-1.217,1.427,1,-0.669,-1.484,0.0,0.0,0.0,0
1,1.334,0.0,1.236,0.595,0.842,1.408,0.91010,1,-0.26970,1.359,-0.83152,1,-1.093,1.168,-1.442,1.026,-1.071,-0.741,-1,-0.362,-1.278,-1.028,-0.52838,-1,1.063,-1,0.779,-1.003,1.191,-0.852,1,-0.363,0.78,0.34845
0,1.383,0.0,-0.471,-1.324,-0.993,1,1.498,0.793,0.042,-0.698,-0.873,-1,1,1.241,0.6,-1,-1,1,0.898,0.662,0.633,-1,-1.468,-1.236,-0.144,0.657,1,-1.444,-1,-1,-1,0.874,1.184,0.31
1,0.819,0,0.95659,0.118,0.809,-0.05667,1.183,-0.062,1.111,-0.038,1.117,0.013,1.398,-0.16795,1.194,-0.118,0.99630,-0.32268,1.251,-0.413,0.956,-0.323,0.765,-0.231,0.529,-0.34,0.87244,-0.34586,0.92059,-0.215,0.437,-0.396,0.82166,-0.41173
0,1,0,0.073,-0.20685,-1.445,1.366,-1.021,1.25,0.604,0.536,-0.514,-0.443,-1.255,-0.669,-1.244,1.118,-0.026,0.377,-0.386,-0.42113,-0.74628,-1.251,-1.028,-0.46801,-1,0.334,1.434,-1,-1,-0.366,-1,-0.555,-1,0.529
1,1,0.0,0.956,-0.016,0.81,-0.061,1,-0.045,0.935,-0.075,1.349,0.389,1,-0.074,1,-0.146,0.939,0.32407,1.426,-0.17639,1.018,-0.181,0.95601,-0.122,0.603,-0.92284,0.87280,-0.181,0.613,-0.124,0.78479,-0.121,0.735,-0.22981
0,0.0,0,-1,1,1,-1.398,-1.323,1.068,0.0,0.0,0.682,1.473,-1.079,-0.247,1.47,1,-1,-0.906,1,-1.09,-1.483,-1,1.304,1.273,1.367,-1,1.43,0.671,1.475,1,0.0,0.0,-1.071,-1
1,1,0.0,1,0.07,1.317,0.052,0.864,0.194,0.574,-0.01911,0.545,0.081,0.95713,0.218,0.94862,0.168,0.90896,0.20119,0.859,0.136,0.99695,0.096,0.98,0.209,0.473,0.235,1.111,0.291,1.188,0.22511,0.78324,0.291,1.103,0.31166
0,1,0,0.222,-1,-1,1,0.0,0.0,0.0,0.0,-1,0.544,0.0,0.0,-0.793,-0.67708,0.80521,0.282,0.51979,0.093,0,0.0,-1.429,-0.17,-0.974,1.027,0.875,0.548,-1.107,0.632,0,0.0,0.0,0.0
1,0.666,0.0,1,0.09771,1,0.12197,0.889,0.261,1.413,0.07,0.94930,0.265,1.037,0.356,0.668,0.28343,0.806,0.26721,0.834,0.33129,0.98,0.244,0.704,0.39597,0.695,0.34658,0.662,0.27,0.62,0.608,0.681,0.534,0.54252,0.69
0,0.97,0.0,0.018,-0.202,0,0,0,0.0,0.0,0,0.0,0.0,0,0.0,0.144,-0.55000,0.277,0.82813,0.68,-0.491,0.0,0.0,0.08333,-0.882,-0.113,-0.16667,1,-0.624,-1.416,0.262,0.0,0.0,1.284,-0.27292
1,1,0.0,1,0.16801,0.931,0.16334,1.303,0.313,0.735,0.118,0.778,0.447,1.045,0.427,0.511,0.49225,0.78473,0.48311,0.963,0.56977,0.707,0.501,0.621,0.68,0.48311,0.308,0.475,0.563,0.295,0.76147,0.33921,0.967,0.167,1.079
0,1.478,0.0,0.63816,1.138,0.242,-0.77,0.996,1.231,0.87719,0.264,-0.66886,1,-0.055,0.699,0.01,0.067,-0.389,-1,0.149,-0.03289,0.28,-0.397,-1,1,0.774,-1.32,1.434,-0.031,1,1.021,0.121,-1.482,1,1
1,1.346,0.0,0.902,-0.41457,1.227,0.53,0.734,0.129,1.315,-0.09925,0.93844,0.403,0.337,-0.16080,1.041,0.005,1.35,-0.50126,1.175,-0.24497,0.448,-0.19095,1.348,-0.12312,0.93593,0.111,1.233,-0.07249,0.568,-0.286,0.277,0.261,0.399,-0.05402
0,1,0.0,0.84783,0.059,1.071,0.528,1,-1,0.894,0.08424,0.642,0.284,1,0.57,1,0.35507,0.807,0.02672,0.644,-0.45,1,0.63496,0.749,0.2,0.528,-0.394,0.551,0.217,0.545,-0.012,1.415,0.112,0.543,0.509
1,0.771,0,1.309,0.329,0.769,0.02477,1.359,0.06,1.357,0.04317,0.98762,0.33266,1,0.05489,1,0.046,1.043,-0.24598,0.628,-0.057,1.23,0.026,1.306,0.27376,1,-0.474,0.561,-0.027,0.817,0.319,1.027,-0.196,0.617,-0.107
0,0,0,1.248,-0.647,1.017,-1,0.711,-1,1,-0.714,1.454,1,1,1.26,1,-0.761,1,0.55,0.619,1,0.741,0.691,0.94,-1.216,1.405,-1.303,0.705,-0.98,1.458,0.38,0,0.0,0.919,-1.07
1,1,0,1.107,0.67784,0.81309,0.827,0.449,0.743,0.146,0.648,-0.43872,0.928,-0.79135,0.77092,-0.565,0.338,-0.407,-0.58634,-0.846,-0.616,-0.808,-0.642,-0.508,-0.489,0.252,-1,0.492,-0.93296,0.353,-0.847,0.93570,-0.447,0.794,0.047
0,1.256,0,1.462,0.771,1.278,-0.507,1.331,-1,1.162,1.465,1,1,1.265,0.624,1,-0.677,1,1,1.332,0.513,0.527,1.196,1,1.265,1.27,1.413,1,0.583,0,0.0,1.146,-1.321,0.839,-1
1,0.917,0,0.523,0.031,1,0.243,1,0.26968,1,0.343,1,0.28778,1.161,0.525,0.936,0.308,1.308,0.482,0.747,0.775,1.144,0.622,1.166,0.625,0.808,0.939,0.87,0.71374,0.535,0.67149,1.004,0.85611,0.687,0.75837
0,0.0,0.0,1,-1.045,0.551,1.491,-1,-1,0.775,-1.456,0.0,0.0,0.0,0,-0.79,1,1,-1.407,0.743,-0.968,-0.75000,1,1,-1.184,1.199,-0.948,1.423,-1,-0.929,-1,0.0,0.0,1.298,-1.283
1,1,0.0,0.729,0.097,0.736,0.137,1.303,0.322,1.309,0.224,0.741,0.46281,0.725,0.497,0.82820,0.58794,0.73242,0.377,0.69003,1.066,0.54473,0.762,0.642,0.434,0.32,0.74689,0.413,0.83796,0.24944,0.669,0.131,0.884,0.09048,1.062
0,1,0.0,0.356,0.392,0.0,0.0,-0.375,0.922,0.0,0.0,0,0.0,0.0,0,0.20635,-0.248,0.21032,0.192,0.254,0.78175,0.0,0.0,0,0.0,0.73413,0.27381,0.546,0.702,0.0,0,0.0,0.0,0,0.0
1,1,0,1.107,0.026,1,0.107,1,0.163,0.781,0.225,1,0.319,1.257,0.196,0.94575,0.392,0.89126,0.653,0.901,0.713,0.905,0.615,0.949,0.866,0.947,0.61,0.712,0.69435,0.384,0.65,0.47027,0.71689,0.367,0.75243
0,0,0,1,1,0.0,0,1.123,-1.079,0.93,-1.293,1.244,1,0.964,1.344,1.392,-1.411,0.835,0.741,0.935,1,1.456,-1,-1.154,-0.88,1,-0.983,1,-0.754,0.862,1.318,0.0,0,1.436,-1.367
1,0.555,0.0,0.992,0.027,1.398,0.146,1,0.086,0.857,0.27921,0.98703,0.292,1.336,0.37639,0.867,0.243,1.229,0.46059,0.982,0.538,0.79400,0.818,0.689,0.58129,0.819,0.74,0.337,0.60990,0.57,0.60932,0.535,0.63636,0.522,0.62658
0,0,0.0,1,1.16,1.238,-1,0.894,0.531,0.552,1,1.304,0.593,0.587,0.667,0.635,1,1,-0.812,-1,1.402,-0.812,0.637,-1.391,0.761,1,-1.434,1,1.249,-0.758,1,-1.12,-0.9,-1.206,1
1,1.117,0.0,1,0.24168,1.358,0.265,1.122,0.779,1,0.595,0.669,1.217,1,1.325,1.091,0.46,1.053,1.099,1.427,1.251,1.095,1,0.89647,0.879,0.64628,1.149,0.375,1,0.127,1.254,-0.115,1,-0.81383,1
0,0,0,1.236,0.842,1.028,-0.78,0.779,1,-1,0.861,0.0,0.0,1.359,1.283,0.0,0.0,0.0,0.0,-1.23,1,-1,1,1.093,1.003,1.168,-1.444,1,1,1.415,1.191,1,-1.442,-0.852,1
1,1,0.0,1,-0.043,1,0.943,1,0.118,0.633,0.20280,1.252,-1,1,-0.354,0.677,-0.229,1,0.068,1.184,-0.659,0.698,-0.264,1.408,-1.201,1,-0.72,1,-0.766,1,-1.278,1.324,-0.601,1.468,-0.335
0,0,0,1,-1,1.156,1,0.702,1.262,1.013,0.529,1.446,0.575,1.218,-0.874,0.774,-0.834,1,1.046,1,-0.734,0.521,0.99,0.819,0.662,1,-1.384,1,1.465,0.848,-1,1.184,1.15,0.923,-1
1,1,0.0,0.813,0.07804,1.093,0.16251,0.571,0.24618,0.84111,0.44,0.804,0.363,0.665,0.59,0.428,0.475,0.752,0.601,0.7,0.812,0.559,0.613,0.34232,0.776,0.23693,0.783,0.104,0.73885,0.09694,1.027,0.023,0.77072,-0.025,0.69509
0,0.847,0.0,0.68198,-0.17314,0.829,0.178,0.323,0.307,0.25795,0.393,1,-0.127,0.011,0.268,0.015,0.216,0.18681,0.276,0.101,0.49,0.04325,0.441,-0.001,0.131,-0.02862,0.19405,-0.041,0.14481,-0.045,0.063,-0.047,0.07064,-0.028,0.04586
1,1,0.0,0.678,-0.021,0.65680,-0.055,0.55,0.02811,0.85947,0.037,0.63462,0.094,0.781,0.045,0.73077,0.066,1.159,-0.27811,0.65976,-0.02,0.843,0.086,0.232,-0.255,0.853,0.015,0.899,-0.06637,0.766,-0.21154,0.451,-0.197,0.488,0.02959
0,1.048,0.0,0.516,-0.06343,0.816,0.065,0.989,1.236,0.43,0.079,0.759,0.13060,0.434,-0.82090,0.57836,0.994,0.66791,-0.113,0.403,-0.066,0.65574,0.146,0.83209,0.526,0.598,0.217,0.619,0.1,0.32463,-0.02612,0.304,0.091,0.34411,0.12755
1,0.548,0.0,0.67547,0.059,0.852,-0.138,0.446,0.024,0.823,-0.048,0.53,0.009,0.419,-0.209,0.392,-0.022,0.884,0.08679,0.61887,-0.07925,0.671,-0.211,0.647,-0.14717,0.84906,-0.114,0.73886,-0.05801,0.742,0.02264,0.496,0.03774,1.046,0.00755
0,1,0.0,1.081,-0.032,0.833,0.03462,0.942,0.811,0.66364,-0.071,0.361,-0.16818,1.058,0.103,0.56818,1,0.383,0.205,0.66818,0.10000,1,-0.29,1.139,-0.912,0.65,0.326,0.772,0.14673,0.417,0.108,0.575,0.13,1.433,1
1,1.464,0.0,0.57647,-0.023,0.40392,0.0,0.261,0.166,0.40000,-0.062,0.435,0.151,0.649,0.08235,0.298,-0.064,0.734,0.01569,0.50196,0.0,0.45882,0.098,0.741,0.08235,0.705,0.00392,0.531,0.146,0.639,0.119,0.548,0.23529,0.38,0.17255
0,1,0.0,0.607,0.07,0.391,0.102,0.217,0.349,-0.045,0.335,0.038,0.228,-0.23,0.315,-0.14,0.173,0.014,0.335,-0.34773,0.12727,-0.22,0.075,-0.18636,0.36364,-0.14003,-0.056,-0.09971,-0.057,-1,-1,-0.024,-0.07464,-0.005,-0.06314
1,0.906,0,0.88305,-0.326,0.91,0.348,0.419,0.19206,0.968,0.05,0.949,-0.04292,0.85193,0.37,0.668,0.314,0.69206,0.795,1.019,0.464,0.683,0.27575,1.021,0.46,0.699,0.43,0.405,0.53235,0.806,0.58584,0.43026,0.415,0.607,0.54185
0,1,0.0,0.84557,-0.08580,-0.268,-0.625,-0.068,-0.352,1.116,0.061,1.206,-0.00763,-0.128,0.538,-0.143,-0.474,0.85701,-0.11344,1.025,-0.15729,-0.094,0.675,-0.449,0.844,0.821,-0.034,0.87,-0.25288,0.77884,-0.207,-0.21354,-0.493,-0.142,-0.59867
1,1,0,0.70870,-0.233,0.689,0.059,0.23,0.398,0.326,0.244,0.318,0.153,0.322,-0.23043,0.379,0.37826,0.321,-0.446,0.209,-0.26087,0.227,0.158,0.53246,-0.031,0.31304,-0.128,0.275,-0.04264,0.684,-0.064,0.64348,-0.278,0.596,0.14783
0,1,0,-0.709,0.111,-0.409,0.486,0.52012,-0.107,0.173,-0.06811,0.283,-0.16,0.643,0.098,0.433,-0.119,0.239,0.426,0.217,0.02,0.50464,0.045,-0.63777,-0.669,1,0.819,0.369,-0.494,-0.15170,0.11146,0.02399,0.759,0.688,-0.08978
1,1.303,0,0.29202,0.096,0.485,0.16808,0.753,-0.004,0.74,0.129,0.52462,-0.16638,0.644,-0.04754,0.544,0.03905,0.81664,-0.13,0.39,-0.027,0.329,0.078,0.352,-0.20883,0.368,-0.046,0.612,-0.042,0.257,0.068,0.912,-0.014,0.39559,-0.03226
0,1,0.0,0.684,0.103,0.0,0.0,0.56541,0.06874,0.39468,1.376,0.38359,0.8,-0.02,0.448,0.32,0.119,-0.023,0.707,-0.532,1.078,-0.113,0.38803,-0.433,0.23725,-0.503,0.80710,-0.344,0.88248,-0.706,0.818,-1,0.12860,0.0,0.0
1,1.265,0,1.033,0.243,0.79299,0.37379,0.933,0.253,0.59784,0.494,0.372,0.81152,0.351,1.016,0.081,1.017,-0.079,1.098,-0.3,0.928,-0.592,0.65924,-0.453,0.53805,-0.526,0.532,-0.949,0.25835,-0.72369,0.11218,-0.952,-0.078,-0.347,-0.19904
1,1,0.0,0.993,0.262,0.803,0.46259,0.975,0.523,0.253,0.629,0.31409,1.08,0.093,0.879,-0.13254,0.84290,-0.438,1.064,-0.52145,1.073,-0.68274,0.49508,-0.752,0.33537,-0.85376,0.188,-1.218,-0.01358,-0.431,-0.257,-0.494,-0.385,-0.784,-0.715
0,1,0.0,-0.579,-1.045,0.0,0.0,0.50814,-1.008,0.807,0.255,-1.491,-0.49,0,0.0,0.0,0,0.682,-0.26710,0.36482,-0.762,0.97068,-0.917,-0.79,-0.743,1,-0.59609,-1,-1.456,-1.407,-0.961,1,-0.625,0.0,0.0
1,1.093,0,0.422,0.04974,0.766,0.02543,0.598,0.03793,0.627,0.09948,0.527,0.31152,1.081,0.07348,0.74695,0.064,0.875,-0.112,0.783,0,1.021,0.126,0.925,0.086,0.895,0.173,0.752,0.13,0.669,0.138,0.59759,0.117,0.57455,0.082
0,0.686,0.0,1,-1,0.0,0,0.77941,-0.587,1.106,0.495,-0.414,-0.607,0.0,0.0,0.0,0,0.72059,-0.641,0.813,-0.617,0.0,0.0,0.259,-1,-1.282,-1,-1,-0.513,1.329,-1.009,0.546,-1,0,0.0
1,1,0.0,0.987,0.014,0.918,-0.03142,1.257,-0.041,1.107,-0.05071,1.176,-0.07092,0.99173,-0.09002,1,-0.223,0.52,-0.16,0.98310,-0.121,1.05,-0.203,0.775,-0.176,0.98971,-0.174,1.171,-0.262,0.94599,-0.157,1.185,-0.115,0.87011,-0.308
0,0.0,0,0.0,0,0.0,0.0,0.0,0.0,0,0,0.0,0.0,0.0,0.0,0.0,0,0.0,0.0,0,0.0,0,0.0,0.0,0.0,0.0,0,1.079,-1.344,0,0.0,0,0.0,0.0,0
1,0.555,0.0,0.584,-0.156,0.592,-0.12690,0.96365,-0.263,0.97026,0.08460,0.492,-0.01124,0.716,-0.3,1,-0.297,1.489,-0.202,1.165,-0.21018,1,-0.339,0.93126,-0.39458,1,-0.189,1.29,-0.377,1.138,-0.232,1.087,-0.395,0.796,-0.238
0,1,0.0,0.28409,-0.369,0,0.0,0.977,-0.894,0.205,1.186,0.64394,0.058,0.435,-0.503,0.0,0.0,0.48,-0.38,0.239,-0.80682,0.0,0.0,0.0,0.0,0.184,0.17803,1,-0.134,0.06061,-0.48485,0.16288,-0.70076,0.0,0.0
1,1,0.0,0.94490,-0.519,1,-0.03692,1.087,-0.95,0.536,0.588,1.122,-0.10104,1.251,-0.144,1,-0.15017,1.12,-0.17681,0.669,-0.135,0.981,-0.286,1.067,-0.373,0.762,-0.163,1.169,-0.199,1,-0.235,1,-0.599,1.325,-0.44739
0,1,0.0,0.0,0.0,0.0,0.0,0.0,0,0,0,0.62195,1.028,0.0,0.0,0.0,0,0.436,-1.068,0.437,-0.78,0.0,0,0.0,0.0,0.0,0.0,1,0.10976,0,0.0,0.0,0.0,0,0.0
1,0.657,0.0,0.99449,0.00526,0.84082,-0.11313,1.105,-0.14,1.266,-0.04,0.908,-0.074,0.85221,0.02966,1.227,-0.20848,1.096,-0.16,1.473,-0.068,0.608,0.00075,0.613,-0.035,0.93368,-0.263,0.938,-0.211,0.94294,-0.16581,1.159,-0.356,0.95,-0.193
0,0.873,0,0.1,0.124,0.0,0,0,0,0.54730,0.688,0.31081,1.384,0.0,0.0,0,0,0.37162,-1.465,0.346,-0.923,0.0,0.0,0,0.0,-0.537,-1,0.874,-1.468,0.429,-0.194,0.0,0.0,0.0,0.0
1,1,0.0,1.25,-0.57224,0.99150,-0.646,0.89518,-0.995,0.848,-0.35818,1.251,-0.274,0.745,-0.808,1.401,-0.406,1,-0.79603,0.76771,-1.116,0.96601,-0.841,0.958,-0.549,0.704,-0.427,0.777,-0.471,0.81020,-0.829,1,-0.94,0.279,-0.485
0,1,0.0,0.567,-0.643,0.0,0.0,0,0.0,0.469,1.349,0.993,-0.263,0,0,0,0.0,0.773,-0.193,0.84091,-1.434,0.81,-0.669,0.0,0,0.0,0.0,0.935,-0.93939,-0.107,-0.93182,0.0,0,0.0,0
1,1.068,0.0,0.86284,0.103,0.882,0.315,0.582,0.386,0.54559,0.517,0.513,1.038,0.132,0.85671,-0.028,0.86284,-0.246,0.818,-0.424,0.87,-0.516,0.56092,-0.60230,0.237,-0.81,0.38,-0.63038,0.08818,-0.318,-0.071,-0.54866,-0.19923,-0.631,-0.31954
0,1,0.0,0.485,-0.35,0,0.0,0.985,-1.079,1.112,1.341,0.43000,0.64000,0.0,0,0,0.0,0.884,-0.415,0.572,-1,0,0.0,0,0,0.309,0.569,0.989,0.306,0.0,0,0.0,0.0,0.0,0.0
1,1,0.0,1.429,0.128,1.183,0.283,1.016,0.802,0.599,0.84222,0.295,0.91730,0.078,0.455,-0.243,1.139,-0.34168,0.75517,-0.51360,0.64527,-0.571,0.315,-0.464,0.29162,-0.70838,0.023,-0.824,-0.106,-0.508,-0.28183,-0.294,-0.665,-0.37432,-0.516
0,1,0.0,0.91353,0.611,-1.085,1,-0.566,0.632,0.065,0.29730,-0.117,-0.12,-0.041,-0.08970,0.01401,-0.037,0.011,-0.005,0.003,0.001,0.00048,0.001,-0.00003,0.0,-0.0,0.00002,-0.0,0.0,0.0,0.0,0,0.0,0.0,0
1,1,0.0,0.21429,-0.116,0.323,0.055,0.222,0.19048,0.26,0.09524,0.425,0.02381,0.457,-0.066,0.398,-0.069,0.28571,-0.112,0.332,0.06,0.429,0,0.21429,-0.081,0.202,-0.051,0.22109,-0.023,0.27,0.0,0.247,-0.03,0.14694,-0.01877
0,1,0.0,0.801,-0.14754,1,0.026,0.57377,-0.015,0.79,0.019,0.85246,-0.027,0.9,0.0,0.879,-0.14,0.17,-0.131,0.495,-0.17176,1.005,0.027,1.251,-0.186,0.429,-0.34426,0.52385,-0.19,0.32787,-0.048,0.227,-0.44262,0.711,-0.06557
1,1,0.0,0.98182,0,0.827,0.037,0.438,0.04572,0.797,0.0,0.758,0.041,0.79343,0.125,0.737,0.142,0.778,0.26,0.68182,0.142,0.743,0.12608,0.68604,0.185,0.74545,0.22727,0.551,0.175,0.609,0.02727,0.691,0.236,0.724,0.147
0,0.754,0.0,0.522,0.406,-0.78824,0.157,-0.222,-0.76378,0.66667,0.015,1.106,0.237,-0.67230,0.192,-0.242,-0.667,0.483,0.15476,0.391,0.05952,-0.327,0.44961,-0.627,-0.699,0.27,0.70238,0.542,0.321,0.57143,0.517,-0.74,-0.29915,0.176,-0.55837
1,1,0.0,0.448,-0.095,1,-0.02,0.551,-0.081,0.87778,0.002,0.702,-0.06444,0.557,-0.061,1,-0.116,0.909,0.056,0.828,-0.03778,0.509,-0.087,0.636,-0.18667,0.84444,0.03556,1.415,-0.205,0.856,-0.083,1,-0.13,1,-0.399
0,1,0.0,0.43636,-0.173,0.364,-0.19,0.248,-0.67273,0.34545,-0.038,0.169,-0.05455,0.224,0.311,0.36364,-0.507,0.20000,-0.02,0.198,0.068,0.084,0.49091,0.46,0.221,0.308,0.105,0.41098,-0.07027,0.375,-0.071,0.173,-0.324,0.424,-0.29091
1,1.303,0,0.619,-0.92453,1,1.101,0.49057,-0.066,0.777,0.0,0.691,-0.001,0.583,0.053,0.875,-0.05660,0.706,-0.001,0.52830,0,0.407,0.11,0.95190,-0.001,1,0.79245,0.656,-0.001,0.546,-1.26,1.23,0.399,0.334,-0.11321
0,1,0.0,0.406,0.471,-0.645,-0.177,0.28,-0.115,0.344,-0.14286,-0.744,0.12808,0.33333,0.0,0.28571,-0.073,-0.38214,0.51163,0.321,0.017,0.45238,0.04762,0.144,-0.26190,-0.675,-0.107,0.152,-0.474,1.008,0.0,-0.495,-0.04762,0.29,0.033
1,1,0.0,0.553,0.028,0.771,-0.10417,0.39583,0.0,0.33333,-0.053,0.386,0.0,0.412,0.125,0.43,0.029,0.553,-0.192,0.35417,-0.266,0.419,0.087,0.25000,0.24,0.39583,-0.218,0.586,-0.134,0.529,-0.12,0.58333,-0.31250,0.33333,-0.06250
0,1,0.0,1.33,0.747,0,0.0,0.0,0,0.0,0.0,0.47744,-0.89098,-0.741,0.45489,-1.297,0.374,0.64662,0.507,0,0.0,0.0,0.0,0.62030,0.183,-1,-0.936,1.161,-0.733,0.513,1.465,0,0.0,0.0,0.0
1,1,0,1.054,0.078,0.93614,0.13030,0.90996,0.176,0.84881,-0.387,1.2,0.383,1.162,0.34328,1.017,0.544,0.909,0.40844,0.651,0.59862,0.776,0.428,0.271,0.325,0.422,0.465,0.441,0.518,0.839,1,0.23405,0.381,0.242,0.205
0,1.458,0.0,0.579,0.40332,0.644,0.80521,0.719,0.783,1.196,-0.083,0.97311,0.07981,0.95824,-0.488,1.031,0.657,0.761,-0.041,0.88673,0.246,0.98484,-0.69594,0.614,-1.228,0.226,-0.372,1.093,0.093,0.597,0.5,1.172,0.81007,0.81979,0.68822
1,1,0.0,1.07,0.065,1,-0.024,0.705,0.02555,0.96974,-0.078,0.753,-0.031,0.97980,-0.028,0.954,-0.059,1.009,-0.05179,0.492,0.009,0.81,-0.09284,1.381,-0.054,0.91567,-0.08,0.523,-0.09,1.209,0.01307,1.367,-0.10797,0.93144,-0.068
0,0.916,0,0.0,0,-0.33672,0.444,0,0,0.543,-1.228,0.97078,0.31385,-0.133,-0.406,-0.266,0.599,1.129,0.18,0.0,0.0,0.0,0,-0.172,-1.05,0.0,0.0,1.107,-1,0.0,0,0.046,0.483,0.0,0
1,1,0,0.835,0.00876,1,0.00843,1.107,-0.007,1.35,-0.02844,1.409,-0.03510,1.367,-0.016,1,-0.022,0.88,-0.015,0.98485,0.0,0.741,-0.037,1.154,-0.063,0.736,-0.051,0.99188,-0.047,1.047,-0.02478,1.193,-0.03,0.88,-0.038
0,0.945,0.0,0,0.0,0.98919,-0.317,0.263,-0.03,0.0,0.0,0.93243,0.079,1.453,-0.20000,1.215,0.043,0.857,-0.141,0.0,0,0.979,-0.21081,1,-0.598,0.0,0.0,1,-0.17568,0.0,0,1,-0.306,0.346,-0.235
1,1,0.0,0.64122,0.016,0.203,-0.023,0.428,0.03466,0.19512,0.07,0.239,0.04755,0.218,0.06,0.223,0.0,0.36585,0,0.31707,0.077,0.24,0.078,0.309,0.044,0.274,0.088,0.102,0.05641,0.17410,0.031,0.19512,0.0,0.237,0.105
0,1,0.0,1.402,0.981,1.169,-1,0.0,0.0,0.0,0.0,1.16,1,1.099,-1,1,1,1.471,-0.587,0,0.0,0.0,0.0,1.12,-0.27778,0.0,0.0,1,-1.149,1.325,1,0.597,-1.117,0.0,0
1,0.669,0.0,0.357,0.20408,0.638,0.24490,0.502,0.23,0.46939,0.563,0.32,0.59184,0.131,0.475,0.0,0.757,-0.06122,0.55102,-0.262,0.603,-0.388,0.44898,-0.28571,0.386,-0.516,0.175,-0.567,0.14895,-0.59184,0.265,-0.463,0.0,-0.158,-0.24490
0,1,0.0,0.0,0.0,0.78,-1.408,0.0,0.0,0,0.0,1,1.324,0.694,-0.3,0.633,0.219,1,-1.071,0.0,0.0,0,0,1,1.383,0.0,0,1.252,-1.236,0.0,0,1.236,-1,0.0,0
1,1,0.0,1.344,0.353,1.095,0.457,0.937,0.518,0.45588,0.77941,0.167,0.688,-0.022,0.86029,-0.238,0.947,-0.37500,0.67647,-0.417,0.47794,-1.063,0.334,-0.86029,0.13,-0.427,-0.065,-0.46,-0.128,-0.763,-0.282,-0.44118,-0.356,-0.28676,-0.56618
0,1,0,-1.465,0.179,0.203,0.125,-0.75693,-0.444,-0.314,0.998,-1.046,1,-0.81699,0.33987,-0.665,-0.036,-0.98039,-0.502,-0.712,-0.54248,-0.039,-1.038,0.691,-0.94118,-1.136,-0.404,0.877,0.09176,-0.881,0.065,0.15,0.038,-0.40201,-0.341
1,0.955,0,0.26667,-0.067,0.359,0.0,0.229,-0.136,0.46,0.11,0.56667,0.016,0.71667,0.08333,0.70000,-0.056,0.765,0.111,0.41667,-0.014,0.31667,0.201,0.593,0,0.248,0.13333,0.627,0.051,0.498,0.032,0.284,0.03333,0.429,-0.056
0,1,0,-0.242,0.296,-0.27303,0.13,-0.107,-0.048,0.06192,-0.094,0.034,0.038,-0.012,0.019,-0.01586,-0.002,-0.001,-0.005,0.00470,-0.00153,0.001,0.001,-0.00114,0.001,-0.0,-0.001,0.00019,-0.0,0.0,0.00005,0,0.0,-0.0,0.0
1,1.272,0.0,1,-0.37838,0.856,0.29730,0.68,-0.24324,1.074,0.18919,1.393,-0.184,0.593,0.0,0.483,-0.072,0.319,-0.321,0.947,-0.237,0.538,0.031,0.511,0.167,0.35135,-0.29730,0.61031,-0.22163,0.578,-0.23027,1.075,-0.887,0.51351,-0.21
0,1.464,0.0,0.839,-0.039,-1.302,-0.33203,-0.781,-0.009,1.259,0.01172,1.334,-0.01,-0.884,0.103,-1,-0.003,0.518,-0.039,0.529,-0.02734,-1.236,0.11719,-1.008,0.34766,0.95703,-0.006,0.82041,0.158,0.90234,-0.06641,-1,-0.236,-0.706,-0.367
1,1.433,0.0,1.257,0.02254,0.54,-0.01272,0.603,0.01214,0.96705,-0.01734,1.162,0.004,0.604,-0.03064,1.291,-0.00405,0.964,-0.02659,1.132,0.021,0.853,-0.064,1.102,-0.02370,0.727,-0.048,0.96215,-0.024,0.866,0.024,0.95434,-0.038,0.894,0.006
0,1.381,0.0,0.997,-0.08,1,-1,0.5,-0.108,0.385,-0.22222,0.771,-0.281,0.162,-0.074,0.942,-0.439,1,-0.38853,1.386,-0.607,0,-0.235,1.391,-0.497,1.444,-0.27778,1.051,-0.733,1.215,-0.324,1,-0.925,1,-0.65935
1,1,0.0,0.464,-0.089,0.302,-0.084,0.176,-0.061,0.041,-0.08,0.034,-0.03,0.02,-0.015,0.007,-0.01482,0.004,-0.00893,0.00078,-0.006,-0.00003,-0.00299,-0.0,-0.00166,-0.0,-0.001,-0.0,-0.00048,-0.00018,-0.00024,-0.00012,-0.0,-0.0,-0.0
0,1,0,0.327,-0.082,0.72549,0.0,0.60784,-0.08,0.62745,-0.089,0.781,-0.161,0.985,-0.151,0.64706,-0.145,0.279,-0.132,0.653,-0.196,0.533,-0.259,0.66667,-0.202,0.431,-0.25490,0.489,-0.246,0.705,-0.259,0.43137,-0.21569,0.401,-0.27451
1,1,0.0,0.173,0.204,0.541,0.328,0.157,0.15,0.054,0.19939,0.011,0.14922,-0.02367,0.137,-0.03685,0.04,-0.022,0.03458,-0.025,0.011,-0.02474,0.00357,-0.023,-0.003,-0.011,-0.003,-0.005,-0.00586,-0.002,-0.007,-0.00089,-0.005,0.00025,-0.004
0,1,0.0,-0.53,0.091,0.032,0.0,0,0.066,0.318,0.092,0.18750,0.0,-0.043,0.09375,0.059,0.0,0.15625,-0.15625,0.249,-0.37500,0.0,-0.135,0,0.0,0.041,-0.488,0.033,0.0,-0.71875,0.028,-0.017,0.0,0,0.09375
1,1,0,1.349,-0.01081,1,-0.029,0.662,-0.088,1.245,-0.01622,1.059,-0.024,0.619,0.056,0.582,-0.089,1.294,0.1,0.97838,-0.00541,0.891,0.087,1,0.033,0.922,0.115,0.98556,0.007,1,-0.027,1.055,0.037,0.501,-0.07027
0,1,0.0,0.551,0.038,1,0.08069,1,1,1.073,-0.011,1.177,0.027,1,0.395,1.303,1.288,1.064,0.044,0.90698,0.17,1.23,0.362,1.213,-1.359,0.79,0.048,0.619,0.71613,0.651,0.06977,0.768,0.87317,0.919,1
1,1,0.0,0.90374,-0.01604,1.017,0.06,0.55,0.01604,0.93048,0.006,1.138,-0.018,0.579,0.0,0.847,0.055,0.839,0.053,0.696,0.03,0.96791,0.022,0.997,-0.015,0.96257,0.067,0.96974,0.048,0.496,0.007,0.741,0.09091,0.97861,0.06417
0,1,0,-0.245,0.242,0.292,0.126,0.328,0.423,0.435,0.481,0.483,-0.34617,0.09250,0.389,-0.099,0.21000,-0.08750,0.186,-0.264,0.31408,-0.48000,-0.05,0.251,0.267,-0.733,-0.12,0.375,-0.39,-0.676,0.18500,-0.344,-0.413,0.40445,0.03050
1,1,0.0,0.60000,0.038,0.334,0.06667,0.70000,0.035,0.70000,0.0,0.321,0,0.712,0.0,0.84,0.0,0.813,0.073,0.959,0.131,0.662,-0.045,1.123,0,0.854,0.17,0.65932,0.119,0.60000,0.135,0.60000,0.211,0.842,0.16667
0,1,0.0,0.05866,-0.009,0.06704,0.012,0.0,-0.011,0.007,-0.036,0.018,-0.101,-0.003,0.05307,0.06425,-0.03352,0.0,0.09497,-0.071,0.073,-0.04749,0.017,0.02,-0.008,0.005,0.00559,0.134,-0.01,0.029,-0.004,0.04469,0.0,0.065,-0.03352
1,1.491,0,0.94653,0.28713,0.539,0.67248,0.47564,1.174,0.015,0.89109,-0.338,0.84475,-0.694,0.306,-1.013,0.296,-0.525,0.103,-0.62,-0.154,-0.52475,-0.251,-0.382,-0.55089,-0.032,-0.717,0.125,-0.546,0.36752,-0.334,0.436,-0.27,0.551,-0.05980
0,1,0.0,0.056,0.009,-0.021,0.058,0.014,0.04598,-0.07759,0.00862,0.022,-0.06609,-0.03736,0.022,-0.08,-0.04598,-0.05,0.11,-0.034,0.05172,0.022,0.02299,-0.038,-0.012,0.042,-0.00862,0.012,0.013,0.02,0.013,0.032,0.008,-0.04598,-0.006
1,0.955,0.0,0.72414,-0.006,0.79704,0.01084,0.959,0.002,0.79015,0.008,0.464,-0.008,0.83350,0.033,1.046,0.021,0.732,-0.004,0.79113,-0.029,1.003,0.03350,0.74778,0.05517,0.81,-0.01,0.78041,0.005,0.899,-0.056,1.076,0.035,0.411,0.00788
0,1,0.0,0.03852,0.029,0.00428,0.0,0.015,-0.01997,0.018,-0.04993,-0.04850,-0.014,0.02,-0.031,0.0,-0.032,-0.041,-0.026,-0.019,0.03566,0.02140,0.005,0.061,-0.031,0.048,0.01854,0.033,0.018,0.022,0.00713,-0.036,-0.014,-0.021,0.01997
1,1.436,0,0.403,0.328,0.42328,0.18,0.307,0.445,0.018,0.639,-0.032,0.751,-0.34127,0.337,-0.504,0.473,-0.51587,0.038,-0.5,-0.114,-0.14815,-0.192,-0.14815,-0.38095,-0.275,0.003,0.03574,-0.3,0.15873,-0.164,0.24868,-0.214,0.331,0.059
0,0.952,0,0.08696,0.00686,0.139,-0.057,0.067,-0.103,0.156,-0.06178,0.304,-0.014,0.177,0.082,0.111,-0.121,0.29062,-0.029,0.231,0.07323,0.11670,0.0,0.091,-0.001,0.15103,-0.069,0.08467,0.011,0.101,-0.05,0.09611,-0.041,0.11670,-0.079
1,0.597,0,0.94333,0.541,0.266,0.64534,0.21572,0.891,-0.654,0.57,-0.825,0.42048,-0.483,0.0,-0.689,-0.31079,-0.463,-0.698,-0.143,-0.74,0.579,-0.63620,0.472,-0.471,0.73857,-0.06,0.60098,0.178,0.347,0.60512,0.02742,0.535,-0.114,0.742
0,0.842,0.0,0.011,0.00705,0.05,-0.007,0.022,0.013,0.012,0.04372,0.004,0.002,0.01975,-0.045,-0.027,0.072,-0.044,0.04,-0.02398,-0.00423,0.054,-0.02539,0.01834,0.0,0.0,-0.01269,0.022,-0.015,0.003,-0.022,-0.022,-0.02398,0.00705,0
1,1.236,0.0,0.595,0.001,0.877,-0.059,1.027,-0.04182,0.84317,0.09037,0.812,0.11949,1.088,-0.036,1.103,0.035,0.978,-0.06796,0.83570,-0.178,0.88125,0.01195,0.706,0.022,0.505,-0.01942,1.099,-0.047,1.219,-0.055,0.73936,-0.028,0.79089,-0.094
0,1,0.0,1,-1,0.698,0.662,-0.774,0.657,1.446,-1.444,0.834,-1,-1.468,-1,-1.498,0.99,0.765,1.013,0.873,0.521,-1.262,0.677,0.874,-1.156,1,-1.15,1,1.201,1.218,1,-1,1,-1,0.529
1,1,0.0,0.698,0.39252,0.46,0.901,0.054,0.871,-0.42625,0.736,-0.866,0.49980,-1.164,0.11,-0.85900,-0.194,-0.66030,-0.55262,-0.278,-0.86063,0.164,-0.591,0.64649,-0.441,0.77814,-0.198,0.992,0.151,0.354,0.534,0.206,0.972,-0.079,0.64933
0,0.94,0,1,0.555,0.993,0.415,0.538,-0.608,1,1.118,0.02500,0.02,1.434,1.401,0.0,0.0,1.255,-0.688,0.841,1.028,1,1.023,0.31250,1,0.956,1.244,0.673,1,1,1.358,-0.94375,1,0.0,0.0
1,0.906,0,1,0.42,0.349,1.426,0.018,1.47,-0.49020,0.556,-0.438,0.308,-1,0.11765,-1.048,-0.36,-0.64706,-0.68627,-0.225,-0.86275,0.204,-1.071,1.099,-0.536,0.92157,-0.149,0.92874,0.295,0.946,0.381,0.322,0.751,-0.126,0.90196
0,1,0.0,0,0.0,-1,-1,-1.43,1,0.0,0,-1.483,0.681,1.492,1.398,1.341,-0.778,0,0.0,0,0.0,-1,-1.323,-1.048,1.473,1.318,0.251,0.989,-0.985,0.0,0.0,-1.32,-0.682,-1,1
1,1.464,0.0,0.3,0.395,0.53695,1.09,-0.22222,1,-0.498,0.88889,-0.822,0.209,-1.429,-0.11111,-1.111,-0.22222,-0.66667,-0.861,0.392,-0.574,-0.257,-0.77778,0.426,-0.186,0.356,0,1.157,0.561,0.57454,0.84353,0.24,0.884,-0.638,0.544
0,0,0.0,0.0,0.0,0,0.0,0.0,0.0,0.0,0.0,0,0.0,0.0,0,0.0,0.0,0,0,0.0,0,0.0,0.0,0.0,0.0,0.0,0,1.302,0.0,0.0,0.0,0.0,0,0,0
1,1,0,1.45,0.0,1,0.0,0.34,0.485,0.75000,0.0,0.91201,0.167,1.144,0.14210,0.867,0.175,1.083,0.267,0.949,0.471,0.788,0,0.968,-0.187,0.471,0.584,0.57,0.176,0.75000,0.25000,0.761,0.29074,0.67493,0.338
0,0,0.0,-1,1.495,1.204,1.248,0,0.0,1,-1,1,-0.863,0.815,-0.566,-1.277,-1,0,0,-0.801,-1.479,0.0,0.0,0.0,0.0,-0.557,-0.882,1.377,-1.416,1.447,1,-0.886,-0.814,0.0,0
1,1.098,0.0,1.32,0.0,0.52,0,0.745,0.095,1.482,-0.126,0.85,-0.117,1.189,-0.22222,0.489,0,0.794,0.0,0.827,-0.111,0.77778,-0.11111,0.66667,-0.084,0.66667,0,0.822,-0.05352,0.851,0.104,1.102,-0.11111,0.938,0
0,0,0.0,0.0,0.0,0,0,0,0.0,0.0,0,0.0,0.0,-1.316,-1.048,0,0.0,1,0.75000,0,0.0,0.0,0.0,-1.231,0.58,0.0,0,0.776,-1.043,-1.334,-0.77,1,0.696,0.0,0.0
1,1,0.0,1.315,0.41,0.551,-0.231,0.58,0.075,0.568,-0.095,0.693,0.0,1.384,-0.27273,0.63,-0.171,1,0.09091,0.807,0,0.515,-0.36364,1.415,0.09091,1.041,-0.077,1,-0.031,1.102,0.45455,1.046,-0.27273,1.445,-0.18182
0,1,0.0,0.843,-0.567,0.0,0.0,0,0.0,0.407,0.28788,0.452,0.39394,-0.038,0.706,0.36364,0.31439,-0.337,0.179,0.159,-0.124,0.025,-0.572,-0.57576,0.24,0.29167,-0.203,0.143,-0.57576,0.454,0.187,0.18182,-0.025,0.232,-0.41667
1,0.768,0,1.458,0.16,1.454,0.23529,1.405,0.378,1,0.038,1.248,0.163,1,0.078,0.94,0.47059,1,-0.045,1.248,-0.145,0.942,0.35294,0.771,0.53,0.98,-0.154,1.303,0.237,1,0.071,1,0.515,1,0.23529
0,1,0,0.0,0,-0.579,-0.443,1.107,0.361,0.07979,-0.23404,-1.008,-0.268,0.12766,-0.59043,0.743,-1.07,0.0,0,0.696,-0.049,-0.25000,0.761,0.105,-0.599,0,0.0,-0.212,-0.46809,-0.193,-0.393,0.691,0.646,-0.687,0.251
1,1.165,0.0,0.956,0.245,1.047,-0.222,0.823,0.125,1.258,-0.08333,0.91667,0.032,0.83333,0.13,0.70833,0,1.047,0.055,0.565,0.114,0.66667,-0.08333,1.06,0.225,0.661,-0.078,0.83796,0.046,1,0.246,0.57,0.0,0.70833,0.04167
0,1.308,0.0,0.18590,-0.122,0,0.0,0.0,0.0,0.0,0.0,0.0,0.0,0.11538,-0.19071,0.0,0.0,0,0.0,0,0.0,0.0,0,-0.05128,-0.06571,0.099,0.121,0.198,-0.148,0.143,0.086,0.035,-0.04808,0.246,0.19551
1,0.731,0.0,0.917,-0.08,1.298,-0.077,0.99246,-0.29802,1,-0.207,0.96662,-0.333,1.179,-0.523,0.91904,-0.48170,0.743,-0.76,0.68131,-0.664,0.82450,-0.78316,0.846,-0.7,0.644,-1.141,0.453,-1.248,0.209,-1.181,0.18,-1.14,0.29221,-0.89621
0,1,0.0,1.463,1.093,-1.433,1,-0.847,-1.174,0.233,0.252,0.687,0.07018,0.274,0.054,0.317,0.189,0.72807,-0.05,0.22807,0.53070,0.0,0,-0.289,-0.089,1,-0.386,1,-0.79,1.187,-0.182,0.496,0.20175,0.643,0.07895
1,1,0.0,0.709,0.24077,1.483,0.004,0.80244,-0.30133,0.531,-0.23486,0.917,-0.24077,1.047,-0.434,0.442,-0.274,0.47194,-0.36,0.354,-0.726,0.33,-0.39328,0.379,-0.445,0.23966,-0.643,0.195,-0.558,0.064,-0.475,0.15657,-0.64,0.12,-0.46603
0,0.0,0,-0.779,0.783,0.586,-0.603,0,0.0,0,0,1.495,-0.986,1.068,1.053,0.0,0.0,1.286,-1,0.0,0.0,0,0.0,1,1.295,-0.849,1,1,-1.073,-1.06,0.842,-0.505,-1,0.0,0
1,1,0,0.92247,-0.242,0.96419,-0.097,0.93,-0.284,0.541,-0.27070,0.79271,-0.28909,0.653,-0.637,0.828,-0.49967,0.548,-0.733,0.27070,-0.615,0.276,-0.351,0.253,-0.818,0.101,-0.87,0.115,-0.571,-0.078,-0.54928,-0.011,-0.461,-0.07457,-0.639
0,1,0,-0.941,-0.846,-0.671,0.992,1.361,-1,1,0.53819,0,0,0.355,-1.041,1.398,1.292,0.0,0.0,0.832,1,0.535,1,0.0,0,-0.631,1.347,0.391,-0.798,0.511,-1.096,0.499,-1.221,0.334,1
1,1,0.0,0.871,0.227,0.674,1.107,0.09916,0.622,-0.441,1.062,-0.578,0.61181,-0.93882,0.175,-0.645,-0.294,-0.389,-0.65612,-0.19,-0.85654,0.101,-1.279,0.51477,-0.845,0.74895,-0.345,0.77937,0.088,0.471,0.42827,0.202,0.637,-0.003,0.69409
0,1,0,0.628,1.059,0,0.0,1,-0.544,-1.222,-1,0.804,0.542,1.273,-1.259,0,0.0,0.924,-1,1.345,1.11,0.0,0.0,1.456,-1.034,-1.015,-1.082,1.476,1,-0.704,1.372,-1.179,1,0,0
1,0.662,0,0.762,0.63548,1,1,0.661,0.909,-0.33333,1.498,-1,0.55,0.0,1,-1,1,-0.766,0.0,-0.964,-0.347,-0.934,-1.063,-1.451,-0.289,-0.314,-0.961,0.256,-0.51,1.439,-1.462,0.0,-1,0.763,-0.66667
0,0,0.0,-0.877,0.956,-0.806,-0.981,0,0,-0.661,1.115,0.669,-1,-1,-1.473,-1.179,0.745,0.0,0,-1,-1,-1.215,1.491,0.0,0.0,1,-1.217,1.035,1,1.475,-0.855,1.215,0.587,0.0,0
1,1,0.0,1.397,0.035,1,0.14211,0.678,0.22108,0.594,-0.12500,0.916,0.585,1.391,0.684,1,0.327,-0.37500,0.748,1.123,0.0,0.747,0.92001,1.335,1.063,0.639,1.314,1,0.762,1.367,0.349,0.769,0.614,1,1
0,0,0.0,-0.823,-1.084,0,0.0,0,0.0,0.0,0,0.0,0.0,0,0,1.098,-0.535,0.0,0,-1.005,-1.283,0,0.0,1.383,0.889,1.491,-1.094,1,-1.213,0,0.0,0.0,0.0,0,0.0
1,1.061,0,0.64947,-0.108,0.58264,-0.19,-0.13129,-0.194,0.26,0.045,0.278,-0.302,0.377,-0.335,0.03459,-0.131,0.132,-0.262,0.158,-0.351,0.09513,-0.171,0.06556,-0.26795,0.036,-0.212,-0.00046,-0.279,-0.02612,-0.209,-0.037,-0.218,0.019,-0.27201
0,1,0,0.0,0,0.0,0.0,0.0,0,0.0,0,1.088,-0.17,0.199,0.357,0.0,0,0.0,0.0,0.0,0.0,-0.19792,-0.21875,-0.187,0.90625,-0.986,0.735,0.042,0.843,-0.322,-1,-0.086,-0.242,-0.19792,-0.901
1,0.995,0.0,1.157,0.05149,0.99363,0.093,0.508,0.134,1.115,-0.386,0.66026,0.35,0.80426,0.25,0.415,0.307,0.814,0.328,0.59615,0.276,0.52494,0.29200,0.45582,0.19,0.248,0.27226,0.451,0.313,0.232,0.23568,0.22427,0.109,0.176,0.273
0,1,0.0,0.631,-0.078,-0.941,-0.701,-0.894,-1,0.849,0.386,0.991,0.911,-1.195,-1.039,-1.442,1,0.47364,1,1,0.884,0.68839,-0.931,-0.915,-1,1.102,0.232,1,1.041,1,0.323,-0.604,-0.294,-1.076,0.72831
1,1.288,0.0,0.93669,-0.002,0.342,0.267,0.92314,-0.40129,0.93123,0.207,0.803,0.09061,0.99676,0.116,0.77,0.035,0.84628,-0.314,0.797,-0.21,0.597,0.26133,0.75081,-0.03641,0.991,-0.02589,0.522,-0.021,0.564,0.063,0.523,-0.096,0.735,-0.121
0,1,0,0.906,-0.539,0.598,1,0.867,0.885,1.49,-0.694,0.791,0.692,0.804,1.092,1,1,0.0,0.0,1,1,1,1.483,1,-1.218,1.382,0.59,0.753,0.62500,1.133,-0.827,-0.623,0.724,1.416,1
1,1,0.0,1,0.262,1,-0.615,0.731,-0.10401,1,0.18,1.481,0.242,0.647,-0.052,0.535,0.077,0.95802,-0.119,0.445,-0.15,1.366,0.035,0.99624,0.123,1.269,-0.01253,0.808,-0.045,0.557,0.03885,1,-0.072,0.96523,-0.163
0,1.028,0.0,0.496,-1,-1.293,-1,-0.073,1,1,0.802,0.74597,-0.521,-0.823,-0.471,-0.09677,1.18,0.359,0.364,0.31755,-0.238,-0.14343,-0.154,-0.161,0.06895,0.022,0.096,0.04,-0.01186,-0.003,-0.024,-0.006,0.001,0.0,0.00325
1,1,0.0,0.607,0.38265,0.876,-0.224,1,-0.103,1.395,-0.092,0.799,0.20663,0.99745,0.02105,0.98214,0.02487,1,-0.118,0.689,0.077,0.815,0.00191,0.991,0.332,1.42,-0.088,1.145,-0.006,1.119,0.07908,0.871,-0.139,0.912,-0.071
0,0.0,0.0,0,0.0,0,0.0,0.0,0,0.0,0.0,0.0,0.0,1,1.399,0.942,1,1.004,-0.755,0.0,0,1,1.215,1,-0.516,1.035,1,0.5,0.0,1,1.316,0.524,-1,0.0,0.0
1,1,0,1,-0.422,1,-0.245,0.94623,-0.333,0.865,-0.194,0.92736,-0.281,0.90818,-0.592,0.75723,-0.468,0.69748,-0.293,0.59623,-0.544,0.443,-0.785,0.576,-0.603,0.49214,-0.644,0.244,-0.509,0.231,-0.516,0.202,-0.868,0.21,-0.992
0,0.584,0,0,0.0,0.0,0.0,0,0,-0.85000,-1.231,0.0,0.0,0.568,-1,0,0.0,-0.598,-1,-1.168,-0.81,0.714,-1.252,-0.60000,-0.808,0.787,1.365,-0.882,-0.185,1,-0.787,0,0.976,0.0,0.0
1,1,0.0,1.307,0.107,0.504,-0.083,0.77273,0.0,1.134,0.0,0.95455,0,1,0.037,0.90909,-0.065,0.917,0.0,0.924,0,0.74,0.098,0.77273,0.113,0.927,0.04545,0.91541,0.02897,0.85,0.079,0.937,-0.125,0.48,0.058
0,0.0,0.0,0.0,0,-1.293,1,1.066,1.199,-1.193,-1,0.0,0.0,-1.384,-0.855,-1,-0.21,-0.901,-1,1,-1.112,1,-1,0.0,0.0,1.032,-1.153,-1,-0.705,0.0,0,1,-1.292,0.0,0.0
1,1,0,0.954,-0.08824,1.313,0.151,0.972,0.08824,0.91176,-0.021,0.97059,-0.133,0.971,0.109,1.005,0.04,1.328,0,1.4,0,0.76471,0.11765,0.541,0.031,0.62,0.023,1.26,0.019,1.352,-0.066,0.97059,0.08,0.65,0.068
0,1.091,0.0,-0.89,1,-1.393,0.145,0.28354,1.101,-0.854,1,-0.947,-1.063,0.675,0.631,-1,-0.202,0.277,-1,0.9,1.025,-0.402,-1.051,-1,-1.041,0.592,-0.526,-1,-0.03578,1,-0.778,-1,-0.427,0.204,1
1,1,0.0,0.568,-0.10526,0.987,0.026,0.83155,0.014,0.382,-0.05263,0.618,0.0,1.121,0.062,1.161,0.05756,0.46,0.47368,1.255,0.05263,0.471,0.07631,0.367,0.055,0.595,0.165,0.333,0.087,0.52632,-0.21053,0.626,0.114,0.4,0.09719
0,0.618,0.0,-0.008,-0.5,0,0.0,-0.023,0.651,0.0,0.0,0.0,0,0.0,0.0,0,0,0,0.0,0.275,0.659,-0.35256,0.74359,-0.174,-1.145,0.0,0,-0.747,-0.591,0,0.0,0.0,0,0.0,0.0
1,1,0.0,0.586,0.584,1.363,0.375,0.637,0.63636,1.068,-0.098,0.578,0.0,0.807,-0.45455,0.829,0.194,1.06,-0.63636,0.505,-0.391,0.90909,-0.676,1,0.116,1,-0.09091,0.603,0.075,1,0.36364,1.295,0.536,0.72727,0.369
0,0,0.0,-1,-1,1.086,-1.37,-1.307,0.681,0,0.0,0.55,-1.036,1,-0.783,0.0,0,0.0,0.0,0.0,0.0,-1,1.471,1.333,-1,-1,1,0.852,1,0.0,0.0,1.283,0.324,0.0,0.0
1,0.846,0,0.602,0.1,0.63636,0.052,0.27273,0.18182,0.822,0.0,0.36364,-0.097,0.319,-0.076,0.48612,-0.016,0.943,-0.254,0.45455,0.0,0.39,-0.086,0.146,0.093,0.29,-0.06,0.246,-0.01768,0.27273,0,0.361,0,0.256,-0.022
0,1,0.0,-1.174,-0.59677,0.0,0.0,-0.744,0.64516,-0.87097,0.522,0.0,0,0,0,0.0,0,0.0,0.0,0,0.0,-0.758,-1.348,0.0,0,0.185,0.172,1.082,0.534,0,0.0,0.0,0.0,0.0,0.0
1,1,0.0,1,0.174,0.544,0.961,1.476,0.574,1.222,-0.101,0.927,-0.14286,0.924,0.032,1,0,0.502,-0.208,0.693,0.05,0.701,-0.264,1,0.0,0.28571,-0.28571,0.628,0.062,1.11,0.061,1.015,0.57143,1,0
0,0.0,0,1.451,1,1,-0.763,0.52,0.662,0.542,0.766,0.762,1.33,0.623,-1.034,0.934,0.961,0.854,-0.964,0.87,-1,1,1,1,1,1,-0.909,1.498,0.55,0.943,1,0.857,1,1.439,1.259
1,1,0,1.058,0.46972,0.794,0.82161,0.10380,1.159,-0.251,0.91,-0.73939,0.484,-0.616,0.16731,-0.571,-0.368,-0.558,-0.747,-0.24012,-0.924,0.145,-0.78699,0.51557,-0.428,0.69274,-0.238,0.794,0.126,0.787,0.483,0.133,0.555,-0.059,0.841
0,0.0,0.0,1.314,-0.916,1,1,0.769,-1,1.367,0.639,1,-1.123,0.747,-1.396,1.335,-1.063,0.594,0.855,1.397,1.414,1,1.173,1,-1.482,1,0.806,1,1,0.515,0.762,1,0.554,1,-0.678
1,1.094,0.0,1.124,0.04174,0.968,0.229,0.86098,0.276,0.83675,0.401,0.80619,0.272,0.881,0.407,0.66586,0.673,0.321,0.51752,0.493,0.639,0.48435,0.392,0.526,0.55684,0.33340,0.414,0.26978,0.75,0.184,0.475,0.167,0.256,0.149,0.46571
0,0,0.0,1.388,1,1.038,-0.543,1.491,-1,1.203,0.651,0.0,0.0,1,-0.693,0.0,0,0,0.0,0.0,0,-1,1.208,1.324,1.366,0.0,0.0,1.303,0.988,0,0.0,-1,-1.031,0.0,0
1,1,0,1.049,0.13645,1.119,0.174,0.734,0.314,0.79039,0.542,0.581,0.881,0.588,0.669,0.607,0.725,0.41629,0.82742,0.232,0.935,0.13712,0.823,0.004,0.452,-0.07361,0.897,-0.148,0.875,-0.33169,0.654,-0.38532,0.574,-0.423,0.55835
0,0,0.0,1.407,-1,-1,0.975,-1,1,1.157,0.848,0.64,1.12,-1.008,-0.989,-0.666,-0.906,1,1.226,1,-1.371,-1,-1.43,-0.916,-0.636,1.142,0.0,1,-1,1.219,-1.104,-0.995,1.458,-0.943,1
1,1.218,0,0.513,0.174,0.761,0.22,0.602,0.101,0.234,0.625,0.44793,0.46439,0.25000,0.57308,0.142,0.37115,0.15215,0.51877,-0.09808,0.687,-0.021,0.404,-0.092,0.397,-0.137,0.34,-0.176,0.418,-0.29,0.207,-0.384,0.23896,-0.195,0.31154
0,0.0,0.0,1.451,-1.288,1,1.172,1,-1.239,1,0.835,1,-0.94,1,1.416,0.703,-0.598,1.233,-1.424,1,1.076,0.683,0.841,0.671,-1,1,-1,0.912,-0.668,1,0.857,1.166,-0.563,0.631,1
1,0.539,0.0,0.97467,0.108,0.816,0.278,0.524,0.255,1.084,0.32711,0.934,0.625,0.72298,0.463,1.037,0.58820,0.58548,0.66893,0.554,1.049,0.44245,0.897,0.389,0.433,0.194,0.633,0.1,0.78541,0.07497,0.429,-0.02962,0.48,-0.071,0.74242
0,0.0,0.0,0,0,0.611,0.84,0.0,0.0,1.056,1.481,0.0,0.0,0.944,-1,0.0,0.0,0,0.0,0,0,0.0,0.0,0.0,0.0,0.0,0.0,1,-1,0,0.0,-1.395,1,0.0,0
1,1.028,0,1.09,0.152,1.259,0.251,0.658,0.493,0.675,0.468,0.57449,0.477,0.337,0.871,0.31705,0.501,0.141,0.76818,0.04686,1.025,-0.141,0.457,-0.266,0.71327,-0.29291,0.63,-0.38798,0.459,-0.457,0.50131,-0.421,0.353,-0.56231,0.35095
0,0,0.0,0.0,0.0,0.912,1,1,1,0,0.0,0.0,0.0,-1.42,-1.459,0.0,0.0,-0.743,-1.344,0,0,0.0,0.0,0.761,0.815,0,0,1,1.455,0.0,0.0,-1,1.0,0.0,0.0
1,0.755,0.0,0.686,0.38138,0.801,0.762,0.29148,0.828,-0.06726,1.141,-0.39597,1.048,-0.64574,0.296,-0.82960,0.26906,-0.71,-0.095,-0.889,-0.16,-0.483,-0.55605,-0.16449,-0.376,0.096,-0.835,0.30406,-0.48392,0.605,-0.393,0.242,-0.075,0.519,0.16
0,0,0.0,1,-0.647,0.878,1,0.669,1,1,1,1,1.417,0.5,-0.967,0.795,0.69,0.573,1.293,0.633,-1.106,1.333,-1,0.948,-0.506,1.058,-0.945,1.486,1,1.498,-1.214,1,1,1.342,0.877
1,1.168,0,1.004,-0.31,0.63,0.10278,0.637,0.15266,0.63,0.036,0.882,0.127,0.666,0.356,0.816,0.32925,0.566,0.17287,0.459,-0.02845,0.57399,0.604,0.712,0.44872,0.922,0.611,0.258,0.48200,0.12473,0.865,0.35070,0.391,0.174,0.275
0,0,0.0,0.0,0.0,0,0,0.0,0.0,0.0,0.0,0.0,0.0,0.0,0,0.0,0,0.0,0.0,0,0.0,0.0,0,0.0,0.0,0.0,0.0,1,1,0.0,0.0,0,0.0,0.0,0
1,1,0,1.053,0.00892,0.97287,-0.003,0.846,0.004,0.713,0.018,1.122,0.03530,1.036,0.061,0.98625,0.013,1.029,0.04,1.364,-0.00706,0.55,0.067,0.757,0.071,1.251,0.073,1.231,0.04356,0.97473,0.005,0.805,0.07061,1.371,-0.00260
0,0.0,0.0,1.068,1.161,-1,-1.18,-1,-0.718,0.0,0.0,0,0,-1,-1.436,0.0,0,0,0.0,0.0,0.0,-1.058,0.687,1.046,0.713,0,0.0,1,-0.781,0.0,0,-0.705,-0.855,-1.364,-1
1,1.051,0.0,0.50466,-0.184,0.71442,0.01513,0.71063,0.014,0.68065,0.011,0.482,0.05,0.69050,0.042,0.613,0.05058,0.89,0.05692,0.6,-0.04662,0.339,0.073,0.617,0.097,1.077,0.253,0.59935,0.065,0.278,0.04,0.77,0.093,0.369,0.09346
0,1,0.0,1.019,1.195,0.888,-0.76087,0.81773,0.04348,0.76087,0.10702,0.86789,0.495,0.366,0.093,0.75920,0.161,0.651,-0.276,1.004,0.265,0.362,0.24582,0.745,0.928,1.041,-0.35,1.253,0.325,0.71070,0.294,0.78,-0.051,0.56522,0.128
1,1,0.0,0.472,-0.111,0.541,-0.29630,0.589,-1.069,1.004,0.031,0.562,-0.286,1,-0.074,0.709,-0.83519,0.49259,0.012,1.084,-0.052,0.747,-0.19938,0.55,0.265,0.69630,-0.239,0.92148,-0.24549,1.024,0.028,1.008,-0.27105,1.187,-0.57037
0,1,0.0,0.502,0.202,0.616,0.078,0.34,0.203,0.318,0.13,0.225,0.25292,0.364,0.526,0.045,0.22957,-0.047,0.36965,0.036,0.353,0.171,0.056,0.07782,0.29961,-0.02494,0.28482,-0.065,0.205,-0.14786,0.14786,-0.1,0.31128,-0.112,0.413
1,1,0.0,0.787,-0.03175,0.512,-0.067,0.61508,-0.018,0.53968,0.03373,0.65,0.084,0.783,-0.02381,0.836,0.008,0.70833,0.016,0.758,0.021,0.47817,-0.035,0.567,0.046,0.5,0.043,0.569,-0.013,0.846,-0.077,0.539,-0.01,0.62500,-0.03175
0,1,0.0,0.083,-0.15271,-0.032,0.05911,0.08374,-0.032,-0.01,0.18719,0.064,0.0,0.066,-0.134,0.052,0.0,0.017,-0.039,-0.12808,-0.222,0.06897,0.008,0.074,0.044,0.07882,0.178,0.28079,-0.04926,-0.072,-0.131,0.029,0.046,0.042,-0.10837
1,1,0,0.61857,0.10850,0.736,-0.084,0.948,0.02,0.758,0.00224,0.768,0.15772,0.525,-0.001,1.159,0.06,0.634,-0.184,0.792,-0.09060,0.62528,-0.02,0.507,0.137,0.501,-0.112,0.69845,-0.01,0.756,0.032,0.487,-0.053,0.65213,-0.04698
0,1.171,0,0.25316,0.231,0.0,0.0,-0.29620,-0.693,0.0,0,0.096,-0.078,0.0,0.0,0.0,0.0,0,0,0.0,0.0,0.008,0.507,-0.185,0.41,-0.10380,0.481,0.05570,-1,0.0,0.0,0.044,-1,0.0,0
1,0.87,0.0,1.172,-0.00857,0.839,-0.031,0.94105,-0.016,1.284,-0.123,0.776,-0.121,0.88853,0.01179,0.692,-0.13719,0.577,-0.06109,0.775,-0.019,0.87996,-0.14577,0.799,-0.12433,0.488,-0.292,0.88245,-0.082,1.224,-0.08,0.674,-0.219,0.948,-0.16827
0,1,0,0.419,-0.438,0.0,0.0,0.0,0.0,0.346,0.602,0.39,0.011,0.0,0.0,0.0,0,0.198,-0.553,0.59167,-0.175,0.0,0,0,0.0,1.2,-0.40833,-1.491,-0.693,-0.27917,-0.75625,0.0,0,0.0,0
1,1,0,0.88853,0.01,1.363,0.007,0.711,0.009,0.89179,-0.143,0.553,-0.08428,0.875,-0.012,0.93094,-0.099,0.86025,-0.05057,0.765,-0.04024,0.993,-0.098,1.241,-0.156,0.82980,-0.084,0.646,-0.158,0.474,-0.101,0.83524,-0.084,0.923,-0.167
0,1,0.0,0.0,0.0,1,0.158,1.073,-0.015,0.0,0,1,-0.42444,0.924,0.19556,0.823,-0.05333,0.889,-0.81556,0,0.0,0.916,-0.056,1.331,-0.126,0.0,0.0,0.535,-1.084,0.0,0,1.283,0.118,0.655,-0.09556
1,0.873,0.0,0.528,0.037,0.621,-0.002,1.079,0.007,0.826,-0.04286,0.958,0.0,0.85571,-0.093,1.026,0.004,0.738,-0.065,0.81000,-0.139,1.146,-0.046,1.259,-0.05000,0.953,-0.06857,0.81598,-0.08669,0.651,-0.10429,1.078,-0.05000,0.82143,-0.15143
0,1,0,0.0,0.0,0,0.0,0.0,0.0,0.0,0,0.0,0.0,-0.509,0.685,1.194,0.811,0.0,0,0.0,0,0.0,0,0.0,0,0,0.0,0.961,0.901,0.0,0,0.0,0.0,0.0,0
1,1,0.0,0.452,0.021,0.407,-0.09610,0.504,-0.038,0.489,0.097,0.44675,0.059,0.357,-0.11948,0.51688,-0.03636,0.447,-0.073,0.55325,-0.007,0.48571,-0.03377,0.587,-0.012,0.663,0,0.615,-0.029,0.591,0.03377,0.602,-0.035,0.829,-0.1
0,0,0,0.0,0.0,0,0,0.0,0.0,0.0,0,0.0,0.0,0.0,0.0,0.0,0,0,0,0.0,0.0,0.0,0.0,0,0,0.0,0.0,1.442,-1.458,0.0,0.0,0.0,0.0,0,0.0
1,1,0.0,0.849,0.5,0.914,0.21,0.25000,1.424,0.197,0.91180,-0.189,0.997,-0.311,0.544,-0.564,0.226,-0.47,0.16709,-0.245,0.005,-0.26477,-0.09025,-0.139,-0.12964,-0.05,-0.072,-0.02089,-0.072,0.01033,-0.082,0.02224,-0.035,0.014,-0.016
0,1,0.0,0,0.0,0.0,0,0.83,1.316,-1.451,-0.618,0.0,0.0,0.573,-0.11111,0.0,0,0.0,0.0,-0.598,1.092,1,1,1.102,-0.94,0,0,0.724,-0.791,0.0,0,0.0,0.0,1.218,1
1,1,0.0,0.87048,0.202,0.483,0.506,0.444,0.728,-0.03933,1.032,-0.258,1.175,-0.625,0.467,-0.81049,0.319,-0.81136,-0.12539,-0.787,-0.38102,-0.38334,-0.877,-0.123,-0.94,0.15552,-0.66421,0.254,-0.271,0.281,-0.187,0.594,-0.052,0.714,0.16645
0,1,0.0,0.0,0.0,0.0,0,0.0,0.0,-0.956,0.844,0.0,0.0,0.78,0.222,-0.12000,-0.14,0,0.0,-1,-1.028,0.0,0.0,0.761,-1,0,0.0,1,0.305,0.0,0,0.0,0,0.0,0
1,1.077,0.0,0.911,0.633,0.59573,0.572,0.213,0.94537,-0.24103,1.316,-0.62526,0.71257,-0.86443,0.385,-1.366,-0.049,-0.557,-0.271,-0.46950,-0.834,-0.138,-0.822,0.38,-0.676,0.55984,-0.794,0.588,-0.304,0.72478,0.124,0.527,0.38915,0.459,0.57656
1,1.466,0,0.295,0.019,0.15236,0.277,0.191,0.388,-0.25706,0.476,-0.10312,0.236,-0.61352,0.376,-0.94053,-0.071,-0.186,-0.194,-0.30315,-0.462,-0.132,-0.85597,0.02668,-0.22786,0.307,-0.05,0.427,-0.166,0.161,-0.141,0.112,0.13296,0.092,0.205
1,1.417,0,0.478,0.343,0.739,0.745,0.078,0.89402,-0.33221,0.83578,-0.614,0.398,-1.298,0.142,-0.84442,-0.24164,-0.307,-0.61894,-0.154,-0.439,0.161,-0.839,0.541,-0.72454,0.79143,-0.268,1.114,0.06,0.439,0.654,0.415,0.354,-0.03983,0.79444
1,1.168,0.0,0.373,-0.03490,0.627,0.006,0.60409,-0.07461,0.557,0.009,0.446,-0.07461,0.62,0.099,0.544,-0.066,0.67509,0.09146,0.67148,0.0,0.478,0.082,0.744,0.025,0.65945,0.14079,0.859,0.027,0.51384,0.025,0.732,-0.007,0.61372,-0.104
1,1,0,0.74449,-0.022,0.588,0.03,0.72243,0.099,1.129,0.067,0.532,0.43934,0.834,0.005,0.883,0.115,1,0.075,0.61029,0.046,0.583,0.061,0.52022,-0.313,0.792,-0.15809,0.704,0.073,0.30882,0.08,0.762,0.088,0.768,0.21691
1,1,0.0,0.61538,0.162,0.844,0.024,0.576,0.035,0.672,-0.138,0.77538,0.103,0.993,0.028,0.441,0.05776,0.68615,-0.08923,0.61692,0.185,0.917,0.042,0.753,0.072,0.60154,-0.057,0.58803,0.105,0.55077,0.256,0.583,0.102,0.417,0.09322
1,1.359,0.0,0.49,0.05375,1.148,0.00202,0.594,0.004,1.15,0.106,0.75813,0.047,0.81892,0.00585,0.454,0.007,0.543,-0.092,1.063,-0.03536,0.596,0.00909,0.74635,0.012,0.547,-0.032,0.434,0.012,0.665,0.135,0.66624,0.01190,0.459,0.01227
1,1,0.0,0.531,0.0,0.542,0.10435,0.42,0.062,0.46957,-0.028,0.259,-0.113,0.45652,0.04783,0.449,0.02609,0.211,0.196,0.42174,0.093,0.432,-0.02609,0.275,-0.11304,0.629,-0.00870,0.41789,0.068,0.539,0.026,0.274,0.189,0.235,0.183
1,0.546,0.0,0.627,0.09417,0.852,0.161,0.465,0.335,0.69320,0.41252,0.65917,0.431,0.603,0.60814,0.264,0.855,0.4,0.67861,0.29587,0.866,0.119,0.658,0.02066,0.367,-0.123,0.63183,-0.11925,0.60696,-0.19,0.83,-0.142,0.27,-0.322,0.296
1,1,0,1,0.066,1.187,0.191,0.98390,0.33044,1.043,0.464,0.441,0.752,0.751,0.65,0.753,0.93,0.42,0.82193,0.21137,0.958,0.112,1.166,-0.015,0.79870,-0.15144,0.409,-0.22839,0.408,-0.213,0.335,-0.40291,0.274,-0.279,0.63
1,1,0,0.524,0.083,0.933,0.266,0.78896,0.558,0.734,0.59975,0.666,0.862,0.39699,0.76161,0.259,0.619,0.129,0.79598,-0.09159,1.14,-0.262,0.66926,-0.214,0.815,-0.40552,0.718,-0.329,0.432,-0.346,0.369,-0.52823,0.285,-0.481,0.081
1,1.37,0.0,0.997,0.17498,1.338,0.408,0.667,0.34,0.706,0.367,0.505,0.765,0.48698,1.093,0.30459,0.547,0.238,0.93429,-0.00701,1.17,-0.143,0.89383,-0.33023,0.477,-0.621,0.76482,-0.729,0.563,-0.67929,0.52564,-1.08,0.275,-0.41,0.26092
1,1.292,0.0,0.776,0.18198,1.104,0.386,0.72873,0.45747,0.738,0.69865,0.689,0.638,0.36100,0.81795,0.15664,0.915,0.002,0.486,-0.229,0.77853,-0.184,0.76193,-0.43087,0.433,-0.53140,0.5,-0.799,0.406,-0.461,0.257,-0.702,0.121,-0.439,0.043
1,1,0.0,0.76627,0.307,0.692,0.38112,0.34,0.326,0.182,0.247,0.092,0.699,-0.048,0.44545,0,0.404,-0.321,0.379,-0.56136,0.424,-0.36591,0.203,-0.40533,0.091,-0.201,-0.03229,-0.353,-0.168,-0.375,-0.19714,-0.107,-0.294,-0.11894,-0.2
1,1,0.0,0.87,-0.392,0.85430,0.818,0.562,0.077,0.663,0.16225,0.303,0.25,0.50331,0.178,0.877,0.19868,0.71854,0.42715,0.502,0.13907,0.459,0.284,0.841,0.07285,0.414,0.359,0.49013,0.174,0.588,0.28574,0.324,0.357,0.55,0.324
1,0.542,0,1,0.063,1.008,-0.105,0.622,0.114,0.722,0.01139,0.56167,-0.052,0.359,0.078,0.606,0.032,0.501,-0.051,0.69450,0.16888,0.395,0.096,0.32068,0.05882,0.53321,0.262,0.618,0.17951,0.132,0.247,0.44141,0.182,0.541,0.169
1,1,0,0.84843,0.051,0.69,-0.02299,0.756,-0.048,0.995,-0.06620,0.509,-0.064,0.773,-0.07,0.64260,-0.094,0.477,0.067,0.71254,0.016,0.523,-0.119,0.642,-0.08453,0.326,-0.208,0.48659,-0.07,0.639,-0.082,0.296,-0.049,0.42223,-0.09808
1,1.396,0.0,0.94,0.105,1.292,-0.007,0.567,-0.006,0.87980,-0.032,1,0.011,0.96186,-0.009,1.312,-0.013,0.761,0.006,0.91152,-0.08848,1.067,-0.02364,0.94636,-0.013,0.98164,0.018,0.635,-0.036,0.594,-0.05843,1.034,-0.03464,1.366,-0.03673
1,1,0,0.669,-0.124,0.494,-0.175,0.70103,-0.283,1.012,0.07216,0.381,-0.288,0.526,0.15979,0.582,-0.066,0.42268,0.075,0.695,-0.27320,0.285,0.139,0.286,0.068,0.538,0.174,0.341,-0.115,0.15464,-0.141,0.434,0.04124,0.45361,-0.51546
1,0.651,0.0,0.659,-0.04388,0.76530,0.02968,0.853,0.395,0.65358,-0.00462,0.662,0.124,0.861,-0.378,0.572,0.661,0.59584,0.183,0.694,0.257,0.63279,-0.222,0.518,0.182,0.8,0.23095,0.896,0.214,0.61663,0.07621,0.812,0.177,1.029,0.36721
1,1,0.0,0.494,-0.03,0.665,0.016,0.32,0.01573,0.58876,0.02472,0.66742,-0.00449,0.646,-0.04,0.539,0.009,0.521,0.02472,0.577,-0.066,0.56854,0.15,0.57528,-0.053,0.534,0.034,0.56588,0.011,0.47640,-0.018,0.386,0.101,0.698,-0.074
1,1,0,0.804,-0.009,0.914,-0.048,0.63107,-0.062,0.77994,0.094,0.67314,0.097,0.64725,0.101,0.568,-0.019,0.6,-0.051,0.46926,-0.085,0.578,0.135,0.439,0.218,0.349,-0.05502,0.526,0.00040,0.306,-0.06796,0.49191,-0.12,0.371,-0.035
1,1.458,0.0,0.36,0.085,0.921,0.032,0.679,0.074,0.60988,-0.007,0.503,0.11852,0.59753,0.068,0.552,0.139,0.96,-0.123,0.446,-0.13,0.446,0.00988,0.60988,0.046,0.66667,-0.12840,0.912,-0.012,0.76543,0.02222,0.57,-0.07160,0.534,-0.04691
1,1,0.0,0.52,-0.023,0.67119,0.04068,0.432,-0.051,0.50508,0.03729,0.859,-0.07797,0.821,-0.019,0.336,0.044,0.825,0.169,0.613,-0.016,0.53220,0.006,0.48,-0.031,0.336,-0.02,0.709,0.005,0.687,-0.00339,0.58983,-0.02712,0.449,0.06780
1,1,0.0,0.267,0.09709,0.244,0.05825,0.292,0.0,0.57282,-0.017,0.505,0.03,0.366,0.039,0.52427,0.00485,0.47087,-0.077,0.267,0.007,0.34951,0.064,0.282,0.242,0.383,-0.08,0.53,0.03,0.276,0.17476,0.26214,0.0,0.424,-0.01942
1,1,0.0,1.379,0.02187,0.824,0.225,0.441,0.35222,0.546,0.292,0.73584,0.728,0.55076,0.684,0.611,0.556,0.3,0.70443,0.173,1.021,0.07515,0.73696,0.037,0.382,-0.16489,0.69714,-0.088,0.548,-0.225,0.349,-0.367,0.333,-0.232,0.37465
1,1,0,1.242,0.094,1.056,0.338,0.649,0.48561,0.544,0.638,0.58827,0.993,0.40349,0.721,0.25140,0.84804,0.055,0.85475,-0.12193,0.93,-0.26180,1.082,-0.28,1.062,-0.595,0.58324,-0.438,0.359,-0.902,0.301,-0.629,0.159,-0.502,0.031
1,1,0.0,0.99701,0.189,0.91966,0.47030,0.828,0.908,0.483,0.576,0.368,0.719,0.10107,1.12,-0.088,0.699,-0.307,0.72073,-0.497,0.61688,-0.55769,0.48120,-0.65000,0.215,-0.668,0.114,-0.562,0.021,-0.922,-0.168,-0.54615,-0.326,-0.68,-0.288
1,1,0,0.94331,0.19959,1.361,0.467,0.80514,0.56569,0.56687,0.872,0.323,1.231,0.14939,1.144,0.046,1.311,-0.334,1.225,-0.25,0.994,-0.259,0.792,-0.494,0.399,-1.009,0.358,-0.77097,0.116,-0.75406,-0.044,-0.394,-0.136,-0.66932,-0.377
1,1.333,0.0,0.973,0.246,0.851,0.272,0.58167,0.505,0.496,0.80511,0.102,0.874,-0.221,0.89335,-0.199,0.52,-0.58835,0.764,-0.386,0.231,-1.051,0.18888,-0.544,-0.04284,-0.75273,-0.214,-0.409,-0.46438,-0.46422,-0.801,-0.361,-0.467,-0.08937,-0.71273
1,1,0,1.276,0.277,0.67333,0.49,0.652,1.12,-0.02,0.763,-0.197,0.75334,-0.25137,0.518,-0.465,0.322,-0.379,0.142,-0.338,-0.06193,-0.81056,-0.06011,-0.33197,-0.285,-0.088,-0.507,0.07158,-0.48,0.214,-0.528,0.295,-0.263,0.418,0.13297
1,1,0.0,0.363,0.053,0.253,0.16,0.043,0.294,0.161,0.26316,0.06266,0.249,-0.04725,0.083,-0.056,0.066,-0.058,0.056,-0.078,0.019,-0.04166,-0.00280,-0.02876,-0.01,-0.016,-0.019,-0.011,-0.018,-0.00280,-0.01250,0.001,-0.00948,0.002,-0.00647
1,1.179,0.0,0.58459,-0.35526,1.371,0.422,0.751,-0.003,0.973,0.268,0.558,-0.241,0.65977,0.085,0.994,0.166,0.72368,-0.42669,0.76128,0.034,0.66917,0.221,0.764,-0.55,0.838,-0.063,0.486,-0.115,0.297,-0.13346,0.15602,-0.12218,0.273,-0.10309
1,1,0.0,0.83609,0.136,0.509,0.065,0.65829,0.08315,0.287,0.149,0.593,0.16,0.527,0.172,0.44747,0.1,0.38,0.023,0.48158,0.15756,0.32835,0.105,0.424,0.14638,0.182,0.082,0.145,0.096,0.188,0.19,0.141,0.143,0.16655,0.13198
1,1,0.0,0.94080,0.167,0.85738,0.013,1.131,0.015,1.016,-0.002,0.894,0.078,0.83289,0.03027,0.879,0.024,0.709,0.027,0.80019,0.02405,0.80862,0.038,0.844,0.039,0.793,0.02,0.79058,0.072,0.765,0.093,0.77863,0.061,0.756,0.07508
1,1,0.0,0.566,0.024,0.628,0.18297,0.99009,0.29292,0.89455,-0.053,1.235,-0.011,0.777,-0.375,0.89410,0.105,0.692,-0.025,1.252,-0.011,0.97882,-0.237,0.78954,-0.261,0.902,-0.09193,0.85967,-0.02908,1.074,-0.045,0.939,0.261,0.473,0.089
1,1.153,0,0.74916,0.014,1.189,0.074,0.446,0.175,0.497,-0.08,0.95842,0.035,0.97921,-0.004,0.483,0.122,0.495,0.03756,0.361,0.02683,0.81221,-0.08048,1,0.0,0.9,-0.01207,0.977,0.036,0.94,-0.016,0.607,0.065,0.961,0.02750
1,1.213,0,0.369,0.251,0.077,-0.13,0.62316,0.012,0.325,-0.063,0.56509,0.019,0.262,0.179,0.97,-0.024,0.55621,0.177,0.41420,0.114,0.566,0.02,0.51183,-0.10651,0.47929,-0.035,0.661,0.03259,0.53550,0.267,0.398,-0.188,0.34615,-0.004
1,1,0.0,0.59887,0.111,0.69868,-0.118,1.127,-0.07,0.552,0.019,0.484,0.02825,0.84,-0.04520,1.077,-0.13748,0.646,-0.258,1.2,-0.083,0.70245,-0.003,0.345,0.053,0.56121,-0.33145,0.61444,-0.22,0.756,-0.027,0.325,-0.467,0.842,-0.22034
1,1,0.0,1.086,-0.037,0.593,-0.061,0.81953,0,0.377,-0.113,0.613,-0.13588,0.696,-0.151,0.77495,-0.18684,0.446,-0.297,0.61996,-0.10191,0.632,-0.156,0.491,-0.03397,0.719,-0.173,0.698,-0.319,0.66242,-0.22293,0.417,-0.465,0.902,-0.265
1,1.041,0,0.617,-0.05,1.105,0.079,0.84783,0.049,0.942,-0.03,0.901,-0.031,1.0,-0.10598,0.67935,-0.005,0.732,-0.20924,0.83424,0.024,0.86413,-0.05978,1.311,-0.174,1.024,-0.125,0.83705,-0.077,0.929,-0.038,0.693,-0.125,0.79076,-0.00543
1,0.522,0.0,0.556,-0.13241,0.795,0.16996,0.72727,0.09486,0.737,-0.11067,0.917,-0.254,1.298,-0.224,0.752,0.056,0.582,-0.005,0.804,-0.132,1.068,-0.25296,0.427,-0.229,0.466,-0.066,0.752,-0.175,0.60079,-0.20949,0.37549,0.101,0.61067,-0.01383
1,1.273,0.0,0.33,0.11308,0.655,0.005,0.55432,0.063,0.47894,-0.093,0.794,0.01330,0.447,-0.191,0.67849,-0.034,0.687,-0.13525,0.461,-0.047,0.47894,-0.188,0.408,-0.117,0.391,-0.111,0.53930,-0.062,0.326,-0.022,0.53659,-0.11752,0.56319,-0.028
1,1.451,0.0,1.314,0.25,0.72125,0.413,0.908,0.545,0.371,1.1,0.131,0.96128,-0.20097,0.833,-0.35737,0.594,-0.436,0.62210,-0.655,0.339,-0.81856,0.281,-0.83943,-0.08079,-0.78334,-0.303,-0.577,-0.315,-0.279,-0.74,-0.30512,-0.66700,-0.282,-0.909
1,1,0.0,0.93147,0.326,0.79917,0.626,0.588,0.956,0.161,0.747,0.041,0.91,-0.23237,1.328,-0.55926,1.132,-0.759,0.62385,-1.348,0.239,-0.92254,0.046,-0.93618,-0.19838,-0.488,-0.318,-0.65165,-0.82,-0.353,-1.042,-0.13590,-0.726,0.131,-1.112
1,1,0.0,0.88241,0.234,0.548,0.701,0.315,0.324,0.05717,1.414,-0.128,0.925,-0.62403,0.375,-0.414,0.454,-0.52,0.41195,-1,-0.005,-0.59,-0.547,-0.76901,-0.45478,-0.735,-0.601,-0.31610,-0.871,-0.041,-1.003,0.351,-0.752,0.00194,-0.81686
1,1,0.0,0.83479,0.318,0.69256,0.47702,0.49234,0.822,0.305,0.86761,-0.107,0.67,-0.31,0.77681,-0.617,0.693,-0.627,0.31291,-0.75821,0.026,-0.704,-0.111,-0.714,-0.428,-0.46,-0.52954,-0.184,-0.909,0.074,-0.917,0.184,-0.586,0.40591,-0.291
1,0.892,0,0.92870,0.342,0.751,0.339,0.516,0.71,0.21592,0.815,-0.13956,0.874,-0.425,0.425,-0.5,0.454,-1.195,0.422,-0.745,0.054,-1.073,-0.272,-0.594,-0.795,-0.661,-0.74735,-0.22323,-0.86122,0.09,-0.87159,0.36021,-0.828,0.59407,-0.60270
1,1,0.0,0.533,0.31456,0.556,0.57671,0.393,0.70677,0.207,1.083,-0.191,0.79886,-0.41729,0.66541,-0.677,0.527,-0.666,0.238,-0.81,-0.033,-0.62030,-0.275,-0.489,-0.53463,-0.26577,-0.604,-0.014,-0.758,0.214,-0.906,0.492,-0.592,0.64662,-0.2
1,1,0.0,0.902,-0.015,1.193,-0.048,0.931,-0.07635,0.873,0.021,0.484,-0.02604,0.52,-0.047,1.113,-0.07149,1.014,-0.139,0.97264,-0.12224,1.319,-0.064,1.138,-0.08914,1.335,-0.076,0.96653,-0.078,0.971,-0.14916,0.97132,-0.15755,0.885,-0.154
1,1,0,0.94052,-0.018,0.629,0.012,1.345,-0.01472,0.857,-0.013,0.597,-0.021,0.97173,-0.022,0.97055,-0.026,0.803,-0.052,0.777,-0.067,0.851,-0.02179,0.874,-0.04417,0.551,-0.04476,0.787,-0.041,0.972,-0.07479,0.586,-0.046,0.841,-0.07420
1,0.857,0.0,0.97032,-0.178,0.91324,-0.003,1.19,-0.161,0.819,0.18265,0.726,0.002,0.93607,-0.077,0.662,-0.00228,0.86758,-0.061,0.97032,-0.308,1.102,0.055,0.759,-0.05251,0.498,0.06849,1.299,-0.101,0.97032,-0.20091,0.489,-0.114,0.806,-0.15
1,1,0.0,0.441,-0.03390,1.318,0.08475,0.52542,-0.251,0.223,-0.024,0.50847,-0.071,0.732,0.176,0.83051,-0.35593,0.375,0.01695,0.785,0.026,0.371,0.454,0.783,0.027,0.40678,0.186,0.397,-0.002,0.354,-0.03390,0.496,-0.161,0.661,-0.10169
1,0.659,0.0,0.264,-0.25000,0.591,0.298,0.296,0.16667,0.41667,0.121,0.392,-0.096,0.526,-0.083,0.58333,0.389,0.55556,0.033,0.244,-0.19444,0.636,-0.043,0.769,-0.026,0.493,0.097,0.41543,-0.105,0.19444,-0.206,0.36924,-0.112,0.08333,-0.5
1,1,0.0,0.432,1,1.422,0.696,0.957,0.582,0.664,0.281,0.331,1.138,0.21249,0.737,-0.247,1,-0.33081,0.98722,-0.661,0.907,-0.52674,0.777,-0.693,0.47894,-1,0.415,-1,0.098,-1.319,-0.136,-0.871,-0.347,-1.323,-0.65557
1,1.16,0.0,0.75564,0.49638,1.068,0.54301,0.321,0.548,0.35225,0.896,0.191,1.04,-0.101,1.312,-0.469,1.205,-0.392,0.71161,-0.842,0.67989,-0.70163,0.24956,-1.07,0.027,-0.98988,-0.262,-0.363,-0.376,-0.332,-0.145,-0.505,-0.60454,-0.286,-0.62956
1,1,0,0.83789,0.296,0.72113,0.58385,0.624,0.391,0.16470,0.82732,-0.086,1.303,-0.511,0.813,-0.384,0.694,-1.023,0.26529,-0.84014,0.039,-0.393,-0.31351,-0.613,-0.252,-0.295,-0.717,-0.044,-0.317,0.179,-0.365,0.287,-0.39167,0.323,-0.229
1,1,0.0,0.93658,0.194,0.696,0.696,0.553,0.608,0.217,0.753,-0.21775,0.931,-0.759,0.83397,-0.745,0.414,-0.754,0.26020,-0.532,-0.091,-0.87028,-0.4,-0.65079,-0.591,-0.349,-1.008,-0.04578,-0.523,0.27330,-0.741,0.432,-0.69613,1.112,-0.44173
1,1.085,0.0,1.138,0.36924,0.665,0.627,0.29303,0.94078,-0.11108,0.76527,-0.358,0.92453,-0.66616,0.681,-1.235,0.388,-0.498,0.056,-0.857,0.042,-0.832,-0.755,-0.46010,-0.468,-0.184,-1.099,0.164,-1.084,0.48904,-0.821,0.69886,-0.629,0.76066,-0.086
1,1.425,0,1,0.141,1.44,-0.074,0.89,0.016,1,-0.092,1.112,-0.016,1,-0.02,0.562,-0.06374,1.02,-0.061,1,0.05900,1.292,-0.136,1.343,-0.022,1,-0.207,1.371,-0.074,1,0.094,0.556,-0.14194,1.384,-0.07439
1,1,0.0,0.953,-0.001,0.892,-0.104,1.364,-0.006,0.82809,-0.51171,1.109,0.10368,1,-0.164,1.343,-0.014,1.131,-0.104,0.84013,0.378,1,-0.099,0.87492,-0.08495,0.604,-0.01664,1.147,-0.019,0.566,-0.01867,0.859,-0.023,1.071,-0.022
1,1,0.0,0.577,0.29492,0.897,0.607,0.297,0.532,0.14177,0.715,-0.16831,0.582,-0.386,0.643,-0.57165,0.41471,-0.447,0.177,-0.69977,-0.093,-0.766,-0.23503,-0.536,-0.274,-0.238,-0.526,0.012,-0.462,0.2,-0.38059,0.318,-0.23199,0.443,-0.08036
1,1,0,1.227,0.374,0.746,0.65128,0.336,0.686,0.057,0.90842,-0.31,0.679,-0.395,0.861,-0.77106,0.47,-0.85803,0.044,-1.113,-0.337,-0.45,-0.521,-0.222,-0.68337,-0.123,-0.645,0.133,-0.71504,0.40675,-0.57649,0.56626,-0.197,0.931,-0.07
1,1,0.0,1.22,0.39286,0.872,0.365,0.225,1.078,-0.043,0.8,-0.25,1.098,-0.77660,0.322,-0.92819,0.315,-1.108,-0.15315,-0.511,-0.48404,-0.50931,-0.495,-0.088,-1.296,0.117,-1.216,0.267,-0.822,0.74846,-0.40656,0.83142,-0.07029,1.086,0.329
1,1.295,0,1.422,-0.17,0.618,-0.217,1.238,-0.123,0.776,0.018,1.233,0.121,0.92405,0.049,0.604,-0.056,0.63291,-0.423,0.87342,-0.014,0.93671,0.081,0.669,0.25316,0.846,-0.474,0.581,-0.064,1,-0.06329,0.53165,0.016,0.83544,-0.02532
1,0.756,0.0,1.1,0.011,0.83312,0.01659,0.82638,0.021,0.86555,0.01,0.60504,0.03,0.79093,0.059,1.025,0.046,0.64706,0.163,1.121,0.04202,0.703,0.102,0.725,0.078,0.66387,0.049,0.611,0.104,0.61345,0.025,0.58187,0.06,0.749,0.051
1,1.069,0.0,1.165,0.01809,0.529,0.01456,0.631,0.02180,0.862,0.08010,0.699,0.11370,0.99,0.047,0.464,0.043,0.87339,0.035,1.312,0,0.59,0.04,0.486,0.07697,0.83721,0.108,1.115,0.058,1.225,0.08786,1.1,0.127,1.101,0.10698
1,1.153,0,1.193,-0.016,1,-0.002,0.62,-0.023,1.082,-0.01,1.074,-0.023,0.734,-0.02187,0.99828,-0.038,0.878,-0.038,1.206,-0.029,1,-0.021,1,-0.061,1,-0.04931,1.359,-0.05527,0.99400,-0.059,0.99057,-0.059,1.03,-0.09
1,0.744,0.0,0.596,-0.046,0.87525,0.044,0.62,0.017,0.92871,0.035,0.91287,-0.01,1.388,-0.01584,0.591,0.03366,1.285,0,0.94257,0.011,0.472,0.012,0.918,-0.016,0.89307,0.029,0.987,0.01611,0.933,0.001,0.87327,0.056,1.013,0.02376
1,1,0.0,1.054,0.012,0.544,-0.015,0.90071,0.008,0.459,0.05674,1,0.028,1.087,0.007,0.97518,0.03546,1,-0.024,0.829,-0.03191,0.828,0.081,1.273,0.133,0.686,0.04610,0.625,0.047,0.94681,0.02482,1.082,0.011,0.814,0.012
1,1,0.0,0.377,-0.24242,0.62655,0.008,0.671,0.09091,0.595,0.104,0.21212,-0.21212,0.359,0.143,0.479,0.0,0.292,0.039,0.772,0.04,0.78788,0.18182,0.44,-0.15152,0.441,0.041,0.355,0.09,0.33333,-0.03030,0.624,0.062,0.337,0.357
1,1,0.0,0.699,0.424,0.875,0.802,0.277,0.639,0.08646,0.85893,-0.24118,0.444,-0.443,0.67577,-0.674,0.41524,-0.858,0.09898,-0.69397,-0.13652,-0.661,-0.625,-0.2,-0.701,-0.02844,-0.62,0.102,-0.597,0.25,-0.349,0.46189,-0.231,0.359,0.025
1,1,0.0,0.89563,0.524,0.456,0.969,0.35916,1.254,-0.032,0.699,-0.543,0.57,-0.936,0.397,-1.1,0.168,-0.789,-0.029,-0.73564,-0.34275,-0.551,-0.555,-0.301,-0.73855,0.064,-0.73856,0.199,-0.465,0.52414,-0.575,0.61217,-0.228,0.60073,0.08660
1,0.651,0,0.90547,0.41113,0.65354,0.821,0.29921,0.95905,-0.097,0.97820,-0.52236,1.241,-0.787,0.55086,-0.795,0.178,-1.074,-0.338,-0.786,-0.59379,-0.362,-0.85205,-0.012,-0.942,0.504,-0.745,1.009,-0.749,1.053,-0.305,0.79,0.121,0.545,0.672
1,1.303,0.0,1.031,1.187,0.421,0.084,0.138,0.92713,-0.27586,0.738,-0.31527,0.37685,-0.87192,0.36946,-0.92857,-0.107,-0.333,-0.329,-0.46552,-0.82512,-0.029,-0.971,0.231,-0.172,0.849,-0.319,0.895,-0.062,1,0.803,0.462,0.002,0.17758,0.564
1,0.848,0.0,1,0.353,0.45455,0.33,0.069,0.408,-0.452,0.712,-0.303,0.48485,-0.57576,0,-0.57576,-0.12121,-0.297,-0.48485,-0.109,-0.954,0.48485,-0.368,0.527,-0.42424,0.986,-0.352,0.65,0.181,1.088,0.79,0.268,0.396,0.09,0.33333
1,1.43,0.0,1.08,0,0.94817,-0.02744,0.828,-0.01220,0.90244,0.01829,0.90244,0.015,0.885,0.011,0.95732,0.003,1.039,0.015,0.94207,-0.017,0.48,0.02439,1.058,0.057,0.913,0.071,1.293,0.011,0.846,0.00915,0.636,0.05,1.093,-0.015
1,1,0.0,0.778,0.088,0.528,-0.067,0.90426,-0.025,1.111,0.01064,0.674,0.108,0.865,-0.008,0.94326,0,0.654,0.20213,1.158,-0.00709,0.577,0.005,0.727,0.048,0.774,0.206,0.541,0.08165,0.77660,0.079,0.92553,0.108,0.828,0
1,1,0.0,0.401,0.14,0.741,0.014,0.507,0.013,0.961,-0.01418,0.666,0.088,0.87657,0.034,0.87235,0.024,0.95745,0.07801,0.95035,0.052,0.97,0.025,0.84931,0.035,1.205,0.07,0.66,0.06014,0.42,-0.05,0.81710,0.048,0.76,0.07173
1,1,0.0,0.66,0.023,0.622,0.00343,0.808,0.00510,0.942,0.0,0.764,0.07453,0.755,0.005,1.051,0.008,0.83851,-0.087,1.19,0.035,1.254,0.01603,1.182,0.01749,0.904,-0.026,0.82111,0.012,0.726,0.054,0.80757,0.02308,0.421,0.02441
1,1,0.0,0.74,0.006,1.15,0.021,1,0.016,0.99290,0.014,1.395,0.031,0.52,0.03552,0.761,0.035,0.767,0.013,0.98579,0.05684,0.641,0.056,1.199,0.05506,1.308,0.03552,0.97540,0.087,0.94849,0.08,1.162,0.06217,0.972,0.095
1,1,0.0,1,0.009,0.871,0.01105,1.0,0.02320,0.99448,-0.01436,1.174,-0.002,0.767,0.034,0.907,0.007,0.97569,0.00773,0.775,0.01657,1.411,0.004,1.269,0.023,0.791,-0.009,0.725,0.01600,1.292,0.018,1.013,0.018,0.727,0.02762
1,1,0.0,1,-0.012,1,0.022,1.407,-0.002,0.533,0.09,0.555,0.04474,0.956,0.034,0.595,0.079,0.888,0.03356,0.915,0.045,1.247,0.133,0.95749,0.038,1,0.10067,1.214,0.06,0.731,0.087,1,0.089,1,0.10067
1,1,0.0,0.782,0.463,0.577,0.444,0.226,0.86399,0.02424,0.914,-0.516,0.69,-0.747,0.58842,-0.484,0.38778,-1.199,-0.005,-0.69318,-0.32963,-0.326,-0.53924,-0.27377,-0.68126,0.00806,-0.611,0.309,-0.368,0.291,-0.501,0.286,-0.26,0.593,0.016
1,1,0.0,0.844,0.235,0.842,0.75725,0.43,0.95148,-0.20449,0.882,-0.55483,0.81191,-0.479,0.475,-0.869,0.059,-1.003,-0.31412,-0.70163,-0.896,-0.349,-0.556,0.06,-1.078,0.32,-1.036,1.018,-0.368,0.89415,-0.216,1.228,0.20359,0.746,0.54852
1,1,0.0,0.457,0.062,0.119,0.29308,0.14020,0.772,-0.259,0.877,-0.16503,0.297,-0.63714,0.306,-1.259,-0.003,-0.22,-0.16,-0.16,-0.473,-0.14426,-0.895,0.067,-0.26,0.28307,-0.18560,0.266,-0.084,0.31005,0.048,0.12,0.20540,0.103,0.26422
1,0.662,0.0,0.65845,0.262,0.471,0.685,0.05319,0.85106,-0.32027,0.82139,-0.402,0.52408,-0.981,0.07111,-0.82811,-0.28723,-0.575,-0.375,-0.026,-0.812,0.26,-0.76316,0.56663,-0.407,1.012,-0.094,0.769,0.15,0.638,0.807,0.267,1.121,-0.107,0.419
1,1.382,0.0,0.19466,0.05725,0.04198,0.296,-0.10557,0.48866,-0.197,-0.15,-0.6,0.058,-0.239,0.081,-0.168,-0.413,-0.10305,-0.3,0.127,-0.241,0.283,-0.145,0.28626,-0.16031,0.119,0.262,0.03913,0.413,-0.057,0.252,-0.16794,0.204,-0.30153,-0.176
1,1,0,0.588,0.00075,0.717,0,0.98982,-0.00075,0.811,0.033,1.352,0.022,0.925,0.03073,1.207,0.018,0.69,0.078,0.632,0.05279,0.97738,0.03,0.867,0.065,1.103,0.101,0.96709,0.043,0.536,0.08088,1.361,0.091,1.001,0.093
1,1,0.0,1.1,-0.107,1.177,0.00231,1.132,-0.013,0.801,-0.101,0.72832,-0.127,0.852,0.05029,0.83121,-0.109,0.74798,0.039,0.78324,0.05,0.876,-0.02370,0.78844,-0.064,0.638,-0.034,0.968,-0.026,0.788,-0.087,0.664,-0.046,0.78439,0.01214
1,0.728,0.0,0.295,-0.13768,0.797,-0.02423,0.68195,-0.049,0.55717,-0.04,0.444,-0.10467,0.406,-0.039,0.506,-0.079,0.626,-0.198,0.58213,0.052,0.505,-0.08771,0.46241,-0.054,0.373,-0.006,0.545,-0.09038,0.259,-0.10306,0.292,-0.115,0.322,-0.08300
1,1,0.0,0.891,0.01092,0.435,0.00258,0.445,0.00384,0.79988,0.017,0.844,0.126,0.665,0.011,0.887,0.00854,0.427,-0.063,0.993,0.048,0.453,0.015,0.535,0.01232,0.77138,-0.003,0.70886,0.021,0.503,0.01,0.66298,0.015,0.905,0.01525
1,1.139,0,0.481,-0.017,0.702,0.06831,0.626,0.453,0.794,-0.004,0.502,-0.109,0.362,-0.48907,0.371,0.58743,0.756,0.206,0.78552,0.145,0.315,-0.44945,1,0.005,0.779,0.089,0.68656,0.163,0.87568,0.069,0.333,0.24590,0.122,0.48087
1,0.936,0.0,0.83508,0.099,0.73739,-0.086,1.136,-0.05567,0.90441,-0.043,1.215,0.121,0.81197,0.06723,1.068,-0.129,1,-0.011,1.431,0.07,0.87605,0.01155,0.63,0.06618,0.936,-0.022,0.644,0.001,1.359,0.175,1.114,-0.086,1.308,-0.04307
1,1.089,0.0,0.687,0.003,0.95183,-0.02723,0.797,-0.023,0.855,0.01606,1.149,0.02,0.892,0.07330,1.404,-0.013,1.33,0.002,1.351,0.04,0.752,0.08412,0.93124,0.143,1.349,0.01361,0.862,0.04,0.93159,0.072,0.94066,-0.00035,0.504,0.04712
1,1,0,0.926,-0.0,0.552,-0.03227,1.026,-0.019,1.113,0.022,1.205,0.01766,0.92595,0.027,0.972,-0.014,0.661,0.016,0.93784,0.009,1.047,0.07677,0.914,0.06148,0.58,0.028,0.952,0.018,1.175,0.02242,0.823,0.00442,0.92697,-0.004
1,1.002,0,0.793,-0.018,1.074,-0.021,0.755,-0.043,0.929,0.001,0.89724,-0.03315,0.802,-0.012,0.90608,-0.031,0.844,-0.006,0.80773,-0.126,0.644,0.011,0.92155,-0.027,0.91050,-0.022,0.89147,-0.07760,1.204,-0.228,1.15,-0.03757,0.679,-0.16243
1,1,0.0,0.444,0.126,0.426,-0.049,0.87873,0.088,0.88928,-0.125,0.844,0.037,0.993,-0.005,0.838,-0.008,1.225,-0.04569,0.87170,-0.02,0.81722,-0.091,0.537,0.037,1.268,-0.15114,0.81147,-0.041,0.78207,-0.01,0.891,-0.06678,1.238,-0.06151
