1,1,0,0.885,-0.05889,0.609,0.02306,0.594,-0.523,0.877,0.03760,0.681,-0.12,0.849,-0.44945,0.362,-0.218,0.519,-0.38542,0.8,-0.367,0.579,-0.29674,0.36946,-0.705,0.317,-0.739,0.451,-0.326,0.129,-0.303,0.417,-0.749,0.18641,-0.613
0,1.016,0.0,1,-0.224,0.93035,-0.409,-0.10868,-1.162,1,-0.027,0.50874,-0.513,0.34432,-0.83,-0.352,-0.97515,0.046,-0.456,0.301,-1,-0.142,-0.262,-0.142,-0.288,-0.20332,-0.167,-0.164,-0.276,-0.159,-0.076,-0.16626,-0.083,-0.201,-0.036
1,1,0,0.698,-0.039,1.32,0.00485,1.317,-0.153,0.825,0.01198,1.09,0.05346,1.168,0.009,0.687,0.004,0.83775,-0.155,0.811,-0.082,0.676,-0.167,0.43385,-0.12062,0.464,-0.464,0.668,-0.117,0.27,-0.221,0.539,-0.24180,0.56045,-0.264
0,1,0.0,1,-0.641,0.616,0.507,0.71216,-0.869,0.0,0.0,0.0,0.0,0.0,0.0,-1.471,0.191,0.427,-0.444,-0.9,-0.69,-0.682,1.378,0.0,0,1,0.526,0.39,1.138,1,-0.20099,0.218,1,-0.32382,1
1,1,0.0,1.449,-0.017,0.693,0.06531,0.462,-0.152,0.652,-0.116,0.618,-0.171,0.735,-0.009,0.277,-0.27457,0.511,-0.247,0.45107,-0.182,0.055,-0.421,0.031,-0.705,0.03286,-0.65158,0.107,-0.53206,0.02431,-0.62197,-0.071,-0.59573,-0.034,-0.836
0,1.001,0.0,0.019,-0.00592,-0.09924,-0.11949,-0.011,-0.11824,0.173,0.089,0.022,-0.08,0.0,0.0,-0.04572,-0.21,-0.004,-0.09,-0.075,-0.05414,0.021,0.052,0.01,0.005,0.029,-0.014,-0.03240,0.114,-0.045,0.00732,0,0.0,-0.0,0.12011
1,1,0.0,0.97588,-0.10602,0.482,-0.20800,1.379,-0.298,0.85996,-0.39,0.609,-0.436,1.14,-0.303,0.74628,-0.698,0.475,-0.68086,0.401,-0.73641,0.468,-0.703,0.414,-0.617,0.115,-0.81634,0.159,-0.743,0.067,-1.219,-0.056,-1.04,-0.193,-0.80975
0,0,0.0,0.0,0,0,0,0.829,-1,0.0,0.0,-1.319,-1.193,0.0,0.0,0.0,0.0,1,1.323,-0.933,-1,0.0,0.0,0.0,0.0,1.202,1,1,1.471,0.0,0.0,0.656,1.383,0,0.0
1,1,0.0,0.96355,-0.07,1.237,-0.122,0.783,-0.279,1,-0.469,0.92570,-0.268,0.914,-0.40668,0.634,-0.326,0.755,-0.35257,0.84537,-0.982,0.794,-0.537,0.69637,-0.355,0.448,-0.716,0.394,-0.69712,0.25435,-0.392,0.602,-0.713,0.387,-1.047
0,1,0.0,-0.01864,-0.08459,0,0.0,0.0,0.0,0.077,-0.367,-0.295,-0.38172,0.0,0.0,-0.423,0.332,-0.532,0.186,0.63728,0.165,0,0,0.0,0.0,-0.14803,-0.014,0.20645,-0.017,0.0,0.0,0.087,0.349,-0.111,0.235
1,0.901,0.0,1.361,0.062,0.568,-0.12,1,-0.14,0.735,-0.397,1.281,-0.589,1.168,-0.51874,0.90711,-0.719,0.796,-0.792,0.69876,-0.489,0.70645,-0.76320,0.456,-0.404,0.402,-0.89128,0.371,-1.163,0.40303,-0.6,0.30996,-0.446,0.153,-0.89158
0,1,0.0,0.872,-0.686,1,-1.175,1.239,-0.652,1.438,0.51,0.738,-0.497,0.86,0.527,1,-1.02,0.996,-0.29354,0.533,-0.93599,1,1,1,1,0.898,-0.243,1.26,-0.62745,0.837,-0.659,1.25,-0.88,1.112,-0.609
1,1,0.0,1.078,-0.101,0.876,-0.149,0.99999,-0.219,0.569,-0.19277,0.535,-0.29,0.95735,-0.263,0.93719,-0.364,1.089,-0.334,1.183,-0.43383,1.177,-0.661,0.467,-0.51220,0.84080,-0.47137,0.961,-0.359,0.399,-0.675,0.68714,-0.745,0.682,-0.683
0,1,0.0,1,-0.899,0.746,0.208,0.85492,-0.563,0.672,-0.156,0.896,0.252,1,0.049,0.952,-0.098,0.898,-0.585,1,-1,0.565,0.115,1,0.684,0.716,-0.089,1.145,0.35924,1.115,-0.66494,0.936,0.504,1,-0.259
1,1,0.0,0.953,0.07,1.223,0.034,0.541,-0.045,1.229,0.067,1.301,0.13,0.944,0.20328,1,0.072,0.634,0.10561,1,0.153,0.795,0.44758,0.967,0.486,1,0.17,1,0.36743,0.563,0.48641,1.03,0.474,0.561,0.236
0,1.362,0.0,0.62,-0.93996,0.677,0.255,-0.03520,-1.117,1.496,-1,0.43685,-1,0.0,0.0,-0.551,-0.233,-0.37681,0.033,0.755,-1.022,0,0.0,0.0,0.0,-0.171,0.483,0.39752,0.374,0.0,0,0.831,0.23188,0.0,0.0
1,1,0.0,0.854,0.089,1,-0.007,0.97811,0.027,0.96112,0.016,0.99274,0.064,1.227,0.074,0.97,0.039,0.944,0.11120,0.453,0.045,0.81633,0.169,1.111,0.125,0.81329,0.184,0.445,0.143,1.094,0.092,0.937,0.15930,0.678,0.12015
0,0.0,0,0.0,0.0,-1,-1,1,1,-1,1.146,-0.922,1.037,1.01,-1.218,1.386,1.463,-0.948,-1.261,-1.006,1.414,1,-0.945,-1,0.541,-1.086,1,0.958,-1,-1.358,1.338,-1.171,-0.757,1.294,-1.106
1,1.068,0.0,0.435,0.034,0.403,0.033,0.416,0.203,0.066,0.285,0.823,0.12131,0.62099,0.159,0.624,0.094,0.58373,0.132,0.14395,0.573,0.387,0.316,0.684,0.133,0.48838,0.23724,0.46167,0.147,0.499,0.25306,0.447,0.275,1,0.33036
0,0,0,1.244,-1.015,0.0,0,0.0,0.0,1,1,0.909,-0.503,-0.71875,0.519,0.0,0.0,-0.589,1,1,0.8,-1.084,1.364,0.905,0.587,-0.853,0.988,0.953,1,1.297,-0.83,0.826,0.516,1.112,1
1,0.793,0.0,1,-0.004,0.647,-0.09834,1,-0.07649,1,-0.121,1.472,-0.147,0.602,-0.357,1,-0.162,1.164,-0.409,0.86473,-0.327,0.697,-0.516,0.853,-0.46866,1.16,-0.385,1.053,-0.381,0.963,-0.401,1.032,-0.40575,0.732,-0.45039
0,0.0,0.0,0.982,1,0.0,0.0,0,0,-1.346,-1.367,0.0,0,0.0,0,-1,-0.721,-1,-1.063,-1.444,1,-1.481,1.191,0.0,0.0,0.0,0.0,0.94,-1.136,-0.771,1.347,-1,0.806,-1.285,1
1,1,0.0,0.96071,0.053,1.369,0.04,1,0.11,0.90169,-0.05144,0.725,0.02580,0.991,-0.034,0.87534,0.14,0.462,0.003,0.75206,-0.05295,0.94,-0.064,0.374,-0.033,0.402,-0.066,0.467,-0.02,0.541,-0.015,0.464,-0.00015,0.342,-0.003
0,0.0,0.0,-0.621,1,0.0,0.0,0.0,0,-1,1.078,0.948,1.28,0.0,0.0,0,0.0,0.875,-1.145,-1,1.42,0.697,1,0.0,0,-1,-1,0.796,-0.586,0.89,1,-0.628,0.694,0.0,0.0
1,1,0.0,1,-0.053,0.875,0.039,0.904,-0.04,1.169,-0.01,1.162,-0.11726,0.895,-0.05202,1.192,-0.06598,0.639,-0.07379,0.712,-0.158,0.973,-0.214,0.80852,-0.329,0.765,-0.381,0.869,-0.29174,0.579,-0.28,0.54356,-0.381,0.625,-0.39487
0,1,0.0,1,0.57820,1,-1.057,1.231,-0.578,1.428,-1,1.469,-1.364,1.443,-0.931,0.849,-1,1.002,-0.785,1.176,-1.479,0.756,-0.36,1,-1,0.96,-1.072,0.789,-1,1.371,-0.524,0.842,-1.069,1,-0.554
1,1,0.0,0.986,-0.089,0.705,-0.103,0.86635,-0.81779,0.842,0.413,0.95473,-0.295,0.88486,-0.31736,0.702,-0.23433,0.463,-0.383,0.177,-0.877,1.252,0.157,0.711,-0.562,0.55389,-0.82868,0.48136,-1.171,0.361,-1.232,0.2,-1.372,-0.146,-1.374
0,0.0,0.0,-1,-0.786,0.0,0,-1.498,0.657,0.595,-0.37500,0.0,0.0,0.0,0.0,0,0,1.241,-1,-1,-0.682,0.627,-1.317,0.0,0.0,1.191,-1.132,-0.828,1.301,-0.802,-0.758,0.0,0,-1,1
1,1,0.0,1.144,0.095,0.627,0.17387,1.317,-0.13308,1.132,0.64520,1,0.61,1.266,0.682,0.606,0.631,1,0.82777,1.443,1.197,0.964,0.927,1.462,1,0.91624,1.074,0.83899,0.691,0.847,0.806,0.849,0.953,0.717,0.698
0,0,0.0,-0.79,-1,0.616,0.545,1,-1.378,-1,1.266,0.975,-1.178,-0.79,-1.093,0.0,0.0,1,1.318,-0.9,-1.274,1.057,-1.066,1,-1.419,1,0.694,0.869,-1,1,-1,-1.471,0.507,0.848,-1.138
1,0.73,0,0.708,-0.181,1.303,-0.203,1.334,-0.23656,0.502,-0.077,0.736,-0.25010,1.17,-0.296,1.449,-0.283,1.332,-0.312,1,-0.46162,0.759,-0.329,1,-0.707,1,-0.402,0.98820,-0.4,1,-0.733,0.691,-0.496,0.844,-0.84437
0,1,0,1.001,-1.178,1,1,0.514,-1.103,1,-1.371,1,-0.676,0.823,-0.012,1.348,-0.57,1.408,1.268,1.498,-0.85583,0.588,1.231,0.943,-0.825,0,0.0,1,1.352,0.884,-0.49,1.42,1,1.491,1.169
1,1.48,0,0.88208,-0.14639,1.333,-0.056,0.922,-0.173,0.88307,-0.155,1.132,-0.361,0.903,-0.44,0.49,-0.182,1.057,-0.49,0.75243,-0.47022,0.909,-0.701,0.66150,-0.50085,0.468,-0.697,0.522,-0.492,0.411,-0.695,0.47075,-0.444,0.42189,-0.754
0,1.383,0.0,0.459,-0.034,0.41287,-0.302,0.98019,-0.058,0.548,-0.10236,0.579,-0.131,0.58965,1,1.144,-1.32,0.82270,-0.117,0.675,-0.264,-0.342,0.509,0.51933,0.05456,0.543,-0.126,0.637,-0.338,0.63811,-0.263,0.453,-1.088,-0.13,-1
1,1,0.0,0.979,-0.208,0.381,0.27686,0.83443,-0.58388,1,-0.28207,1.274,-0.442,0.491,-0.077,0.526,0.103,1.487,0.561,0.552,0.186,0.96354,-0.018,0.921,-0.963,0.783,0.14803,0.979,-0.15,0.852,-0.11129,0.768,0.712,1.237,-0.57758
0,1.449,0.0,0.66161,-1.041,0.844,1,0.617,-0.67321,0.97,-0.348,1,-1,0.784,-1.21,1,0.73393,0.261,1.016,1,0.78036,1,0.968,0.746,-0.674,1.235,0.57,0.647,-0.11,1.006,-0.496,0.522,0.577,0.82,0.437
1,1,0.0,1,0.003,0.502,-0.006,0.935,-0.02960,1.425,-0.063,0.65,-0.049,0.717,-0.06544,0.715,-0.096,1.26,-0.13665,1.206,-0.081,0.99589,-0.102,0.873,-0.162,1.09,-0.127,0.89067,-0.09,0.85644,-0.18552,0.606,-0.139,0.748,-0.20766
0,0,0.0,1.208,1,1,-1,0.0,0.0,0,0.0,-1.25,-1,0.0,0.0,0.0,0.0,-1,0.609,1.239,0.872,-0.659,1.266,-1,1.26,0.527,-1.112,1,1.438,-0.996,1.175,1,1.02,0.0,0.0
1,1.057,0.0,1.15,0.027,0.94191,0.013,1.021,0.033,0.986,0.01321,0.91911,0.073,0.865,0.106,0.92048,0.061,0.88899,0.12722,0.83744,0.171,0.716,0.11849,0.467,0.164,0.75755,0.064,1.027,0.13282,0.675,0.22,0.399,0.089,0.893,0.15
0,0.746,0.0,0.57,0.018,0.911,0.056,0.97545,0.07143,0.553,-1.036,1.285,0.074,0.644,0.53640,0.82077,0.158,0.691,0.196,1.373,0.41003,0.442,0.16371,0.56,0.097,0.285,0.16390,0.48867,0.15,0.606,0.15436,0.421,0.092,0.952,1
1,1,0.0,1,0.062,1,0.20746,0.805,0.167,0.522,0.273,0.839,0.39039,1.102,0.498,0.79555,0.52321,0.372,0.343,0.749,0.501,0.282,0.587,0.205,0.709,0.264,0.881,0.27712,0.684,0.104,0.674,0.14,0.72688,0.081,0.71444
0,0.523,0.0,-0.677,-1,1.022,0.601,0.916,-0.151,0,0.0,-1.117,1,1.412,1,0.122,-1.074,-1,-1.216,0.08750,-0.576,1.366,-0.755,-1.496,1,-1.362,-0.954,1,-1,-1.353,-0.551,0.78,0.831,0.0,0
1,1,0,0.90932,0.072,1.149,0.089,0.56,0.119,0.689,0.715,0.971,0.318,0.224,0.463,0.612,0.46086,0.51067,0.709,0.435,0.088,0.459,0.325,0.31274,0.478,0.149,0.56527,0.257,0.56605,0.12635,0.536,0.06927,0.405,0.064,0.697
0,1.418,0,-0.718,-1.294,1.171,0.764,1,-0.541,1,-0.318,1.106,0.96161,1.472,-0.533,1.146,-1.386,1,0.202,1.006,-1.086,1,-0.045,-0.851,1.037,0.53750,0.821,1.261,0.757,0.945,-1,1.218,-1,1,-0.948
1,1.08,0.0,1.317,-0.064,0.99793,-0.084,0.709,-0.19430,0.788,-0.347,0.92738,-0.197,0.674,-0.37965,0.998,-0.375,0.84922,-0.52064,1.294,-0.335,0.907,-0.59839,0.74725,-0.386,0.513,-0.712,0.65247,-0.73174,0.51,-0.456,0.762,-0.857,0.524,-1.077
0,0.0,0,0.0,0.0,0.0,0.0,0.0,0,1,1,0.953,0.853,0,0.0,0.0,0.0,-0.283,-0.909,-1.495,-1,0.0,0,0,0,-1.229,-1.28,-0.503,-0.516,-0.519,1.084,1,0.0,0.0,0.0
1,0.904,0.0,1,-0.03730,1.284,-0.07383,0.981,-0.116,1.281,-0.09931,0.641,-0.157,0.915,-0.21695,0.909,-0.199,0.823,-0.34400,1.144,-0.32152,1.144,-0.25,1.029,-0.37643,1.269,-0.42990,0.501,-0.383,0.843,-0.42593,1.036,-0.68,0.499,-0.381
0,1,0.0,1.005,-0.02685,-0.771,0.188,-0.357,0.516,0.608,-0.492,1,-0.046,-0.394,-0.008,-0.623,0.184,1.328,-0.241,1,-0.50424,-0.197,-0.296,-0.73864,0.345,1.13,-0.36,0.671,-0.58130,0.806,-0.61393,-0.13,0.20477,-0.06117,0.392
1,1.425,0.0,0.55,0.005,0.796,-0.03818,0.538,-0.085,0.95947,-0.083,0.804,-0.03,0.94713,-0.098,0.844,-0.12790,0.549,-0.113,0.79682,-0.139,0.88274,-0.17387,0.736,-0.139,1.263,-0.19689,0.81813,-0.23,0.78546,-0.327,0.709,-0.281,0.878,-0.192
0,0.617,0,0,0.0,0.586,0.51724,0.0,0.0,0.10991,-1.029,0,0.0,0.0,0.0,-0.697,-0.22414,-0.538,-0.851,0.985,0.723,0.0,0.0,0.333,0.338,-0.719,0.278,1,-0.628,-1.165,0.81573,0.0,0.0,0,0
1,0.726,0.0,0.84134,-0.213,0.43644,0.039,1.192,-0.002,0.598,0.109,0.81121,-0.01789,0.88559,0.468,1.331,-0.597,0.75000,-0.353,0.918,-0.176,0.924,0.592,0.454,-0.167,1.053,-0.02778,0.93358,-0.008,0.61582,-0.32298,0.925,-0.231,0.725,-0.011
0,0.0,0,0.524,1.002,1.469,-0.554,0,0.0,0,0.0,1.467,0.849,1.371,1.069,-1,-1,0.756,-1,-0.573,0.785,0.0,0.0,1.364,-0.96,1.176,-1.443,1,0.578,-1,-0.931,0.0,0.0,0,0
1,1,0.0,1.017,1.387,0.615,1.421,0.649,0.888,-0.37,0.676,-0.83152,1,-1.374,0.559,-1,0.644,-1,-0.659,-0.715,-0.24,-0.986,-0.799,-0.52838,-1.098,0.789,-0.608,1.353,-1,1,-1,1,-0.245,0.598,0.519
0,1,0,-0.515,-1.317,-0.828,0.657,0.579,0.63317,0.053,-1.464,-0.908,-0.786,0.627,1.19,1.056,-1,-0.682,1.241,0.852,0.595,1.301,-1.079,-1,-0.835,-0.18856,1,0.807,-0.802,-1.468,-1.132,-0.733,1,1,0.33611
1,0.698,0.0,1.427,0.049,0.611,-0.05667,0.97165,-0.098,0.891,-0.07,0.903,0.014,0.95436,-0.16795,1.365,-0.225,0.99630,-0.17,0.90343,-0.473,0.737,-0.27316,0.90140,-0.29807,1.264,-0.519,0.87244,-0.473,1.053,-0.348,0.58,-0.516,1.034,-0.397
0,1,0.0,0.051,-0.219,-1.066,1,-0.79,1.318,0.99,0.532,-0.82143,-0.714,-1.419,-0.848,-1.093,1.471,-0.015,0.697,-0.292,-0.42113,-0.74628,-1,-0.757,-0.46801,-0.79,0.301,1,-1,-0.869,-0.379,-1.274,-0.9,-0.507,0.61458
1,1,0,0.502,-0.026,1.332,-0.057,0.845,-0.097,0.805,-0.104,1,0.749,0.736,-0.123,1.251,-0.149,1.17,0.246,0.691,-0.228,0.99484,-0.138,0.886,-0.162,1,-0.92284,0.87280,-0.143,0.587,-0.189,0.78479,-0.22765,0.964,-0.22981
0,0,0.0,-0.884,0.588,0.676,-0.823,-1,1.268,0.0,0.0,0.825,1,-1,-0.266,1,1.371,-1.498,-0.943,1.231,-0.651,-1,-1.491,1.222,1.352,1.103,-1,1,1,0.514,1.408,0,0.0,-1.169,-1.001
1,0.506,0.0,1.397,0.066,0.732,0.068,0.909,0.108,1,-0.022,1.005,0.054,0.95713,0.14644,0.854,0.11224,0.955,0.20119,1.267,0.237,0.998,0.207,0.90784,0.244,0.91667,0.22431,1.262,0.304,0.88568,0.333,0.399,0.177,1.084,0.31166
0,1.308,0.0,0.094,-1,-0.62,0.656,0,0,0.0,0.0,-0.933,1,0.0,0.0,-0.764,-0.379,0.968,0.302,0.688,0.088,0.0,0,-1,-0.27083,-0.58,0.96250,1.193,0.579,-1.383,0.67708,0.0,0.0,0.0,0
1,1,0.0,0.614,0.107,1,0.155,1.237,0.192,0.98602,0.089,0.94930,0.203,0.92992,0.361,0.89241,0.251,0.657,0.188,1.084,0.33129,0.512,0.175,0.74829,0.388,0.997,0.462,0.48,0.293,0.331,0.656,0.445,0.47033,0.54252,0.507
0,1,0.0,0.01667,-0.448,0.0,0.0,0.0,0.0,0.0,0.0,0.0,0.0,0.0,0.0,0.12292,-0.55000,0.202,0.432,1,-0.42292,0,0.0,0.051,-1.135,-0.158,-0.137,1,-0.798,-1,0.242,0.0,0.0,0.674,-0.27292
1,1,0,0.786,0.16801,1.416,0.117,0.885,0.24,1.114,0.166,1.114,0.505,0.84250,0.266,0.492,0.253,0.78473,0.48311,0.326,0.56977,0.56553,0.378,0.369,0.829,0.576,0.493,0.299,0.93,0.35684,0.382,0.312,0.484,0.199,0.78685
0,1.208,0.0,0.63816,0.527,0.207,-1,1,1.266,1.105,0.259,-0.66886,1.25,-0.07,0.654,0.025,0.046,-0.638,-0.86,0.14254,-0.03289,0.32675,-0.386,-0.898,0.659,0.528,-1,0.738,-0.063,0.609,1.407,0.20614,-1,0.872,0.595
1,1.187,0.0,1.078,-0.342,1.439,0.76131,0.87060,0.214,1,-0.087,0.992,0.298,0.65452,-0.22,1,0.005,0.549,-0.736,0.707,-0.258,0.88065,-0.241,0.607,-0.12312,1.08,0.061,0.92890,-0.074,1,-0.269,0.271,0.277,0.51382,-0.05
0,0.523,0,0.632,0.10598,1.394,0.285,1.097,-0.898,0.66938,0.116,0.672,0.194,0.936,0.577,1.115,0.202,1,0.02672,0.824,-0.43025,1,0.372,0.64,0.177,1.042,-0.305,0.625,0.165,0.486,-0.017,1,0.209,1,0.37409
1,1,0.0,0.967,0.28046,0.769,0.023,1,0.068,1.46,0.035,1.151,0.33266,1,0.052,0.506,0.04384,0.95750,-0.301,0.671,-0.049,0.995,0.035,0.662,0.161,1.301,-0.37,0.96414,-0.014,0.893,0.126,1.163,-0.123,0.80355,-0.07329
0,0.0,0.0,0.78,-0.755,1.029,-0.916,1,-1,1,-1.362,1,1.177,1.412,0.551,0.677,-1,1.496,1.216,1.117,0.576,1.366,1,1.053,-0.831,0.679,-1,0.954,-0.523,1,0.394,0.0,0,1.353,-1
1,0.525,0.0,0.955,0.67784,1.015,1.089,0.43019,1,0.216,0.80541,-0.231,1,-0.858,1.066,-0.867,0.40268,-0.39046,-0.712,-0.839,-0.441,-0.524,-0.625,-0.521,-0.716,0.44,-1.373,0.597,-1.283,0.144,-1,0.93570,-0.21,0.593,0.03446
0,1.146,0.0,1,1,1.01,-1,1.386,-1.414,0.958,1,1.117,0.541,1.171,1,1,-1,1.472,1.086,1.261,1.358,1.037,0.948,1.338,1.006,1.106,0.945,1,0.732,0.0,0.0,0.922,-1.218,1,-1
1,1.342,0.0,0.605,0.052,0.751,0.18281,1,0.31,0.728,0.182,1.098,0.28778,1.294,0.278,1,0.189,1.068,0.65701,0.648,0.749,1,0.652,1,0.661,0.968,0.401,0.585,0.566,0.85611,0.698,0.637,0.85611,0.71493,0.634
0,0,0.0,0.519,-0.905,0.516,1.28,-0.589,-1,0.83,-1,0,0.0,0.0,0,-1.015,0.826,1,-0.713,1.244,-1,-0.783,0.953,0.755,-0.503,0.988,-0.8,1,-0.909,-0.853,-1.112,0.0,0.0,1,-1
1,1,0,0.946,0.08620,0.916,0.125,1.008,0.365,1.258,0.334,0.825,0.279,1.096,0.773,1.046,0.58794,0.581,0.459,0.69003,0.833,0.564,0.877,0.48339,0.978,0.40615,0.674,0.302,0.83796,0.18,1.219,0.161,0.66,0.09048,0.86285
0,1.444,0.0,0.789,0.528,0.0,0.0,-0.444,0.563,0.0,0.0,0.0,0.0,0,0.0,0.20635,-0.24206,0.305,0.19444,0.46429,0.78175,0,0,0.0,0.0,0.487,0.326,0.587,0.489,0.0,0,0.0,0,0.0,0.0
1,1,0.0,0.853,0.028,1.427,0.10827,0.722,0.128,1,0.405,0.56,0.321,0.812,0.231,0.94575,0.42881,0.89126,0.405,1.039,0.58801,0.655,0.349,1.181,0.466,0.66643,0.697,0.325,0.82,0.439,0.657,0.458,0.71689,0.33381,0.896
0,0.0,0.0,1,0.977,0.0,0.0,1.078,-0.796,1.029,-0.624,1,1.022,0.875,1,1,-1,1.034,1.145,1,0.547,1.165,-1,-0.948,-0.89,1,-0.617,0.697,-0.621,0.628,0.586,0,0,1.326,-1.42
1,1,0.0,1.451,0.04078,1.059,0.108,1.169,0.175,0.789,0.29,0.98703,0.183,0.812,0.37639,1.163,0.476,0.636,0.46059,0.78619,0.434,0.79400,0.382,0.93,0.422,0.67077,0.54,0.58903,0.594,0.53952,0.667,0.464,0.541,0.47,0.425
0,0,0.0,1.364,1,1,-0.554,0.849,1.428,1,1.176,1.002,0.842,1,0.578,1,0.573,1.057,-0.524,-0.789,0.96,-1.072,0.931,-1.231,1.371,1.469,-1,1,1.443,-1.069,1.467,-1,-0.756,-1.479,1
1,0.559,0.0,1,0.17,0.799,0.48590,1.098,0.648,0.615,1,0.889,1,1,1,1.489,0.461,0.713,1.14,0.571,0.715,0.503,1,1.274,0.986,0.888,1.374,0.38255,1.444,0.066,1.353,-0.17370,1.017,-1.129,1
0,0.0,0.0,1,1.016,1,-0.595,1.301,1.317,-1,0.579,0.0,0.0,1.241,1,0.0,0.0,0.0,0.0,-1,0.802,-0.786,0.908,1,1.468,1,-0.835,1,0.828,0.733,1.498,1,-0.657,-0.807,1
1,0.953,0.0,1.266,-0.06604,1.074,0.62937,1,0.138,1.317,0.268,1,-0.691,1,-0.461,1,-0.15851,1.144,0.047,1.153,-0.57,1,-0.214,0.892,-0.698,0.606,-0.306,1.258,-0.51,1.274,-1.153,1,-1.074,1.491,-0.48252
0,0,0.0,1.057,-1,1.378,1.128,0.975,0.545,0.869,1,1,1.419,1.138,-0.79,1,-0.9,1.093,1.318,1,-1,1,0.757,0.507,1.178,1,-1.274,0.58,0.694,1.266,-1.066,0.616,1,0.79,-0.848
1,1,0.0,0.92277,0.039,1.236,0.137,1.195,0.181,1.053,0.412,0.516,0.299,0.571,0.612,1.026,0.455,0.60459,0.64200,0.58,0.64924,0.386,0.66975,0.436,0.81,0.173,0.76146,0.13,0.73885,0.09694,0.6,0.02735,0.788,-0.031,0.644
0,1,0.0,1.017,-0.163,0.963,0.258,0.24,0.443,0.168,0.332,0.884,-0.216,0.009,0.276,0.01060,0.38869,0.18681,0.617,0.149,0.364,0.029,0.376,-0.001,0.24936,-0.039,0.239,-0.059,0.14481,-0.04779,0.10349,-0.04585,0.058,-0.024,0.04586
1,0.901,0.0,0.74852,-0.021,0.852,-0.05178,0.411,0.017,0.85947,0.037,0.63462,0.099,0.587,0.083,1.086,0.077,1.121,-0.253,0.864,-0.01479,0.723,0.06953,0.346,-0.238,0.65385,0.02811,0.61009,-0.096,0.562,-0.107,0.825,-0.109,0.654,0.02959
0,1.202,0,0.215,-0.033,1.287,0.024,1,1,0.207,0.099,0.299,0.13060,0.61567,-0.979,0.57836,0.939,0.881,-0.087,0.637,-0.144,0.65574,0.14792,1.088,0.299,0.47015,0.134,0.412,0.089,0.201,-0.02612,0.365,0.092,0.455,0.188
1,1,0.0,0.373,0.04528,0.656,-0.135,1.15,0.03774,0.66038,-0.044,0.64528,0.01132,0.66792,-0.124,0.443,-0.02264,1.097,0.067,0.765,-0.084,0.743,-0.317,0.579,-0.193,0.581,-0.196,0.52,-0.063,0.66792,0.016,0.86415,0.037,0.728,0.004
0,1,0.0,0.826,-0.068,0.89241,0.03462,1.048,0.72727,0.82,-0.052,0.502,-0.145,0.81809,0.09559,0.823,1.199,0.748,0.28,0.432,0.052,0.746,-0.235,0.608,-1.431,0.57273,0.448,0.38,0.099,0.532,0.08182,0.364,0.14643,0.82,1
1,0.664,0,0.57647,-0.015,0.40392,0.0,0.548,0.065,0.357,-0.072,0.389,0.08,0.635,0.05,0.342,-0.05490,0.291,0.014,0.598,0.0,0.329,0.048,0.58039,0.061,0.49804,0.005,0.48601,0.052,0.335,0.08235,0.578,0.23529,0.43137,0.209
0,1,0.0,0.531,0.12482,0.35000,0.112,0.287,0.27955,-0.052,0.44318,0.057,0.425,-0.175,0.205,-0.07,0.342,0.018,0.403,-0.34773,0.109,-0.107,0.033,-0.19,0.36364,-0.117,-0.042,-0.09971,-0.086,-1.407,-0.595,-0.022,-0.07464,-0.006,-0.06314
1,0.607,0,0.933,-0.21996,1.439,0.36373,0.769,0.222,0.981,0.064,1.239,-0.06,0.479,0.263,1.023,0.209,0.394,0.57940,0.697,0.573,0.73176,0.242,1,0.34871,0.674,0.52039,0.43,0.53235,0.715,0.595,0.267,0.894,0.298,0.54185
0,1,0.0,0.84557,-0.05,-0.363,-0.754,-0.067,-0.796,0.504,0.064,0.852,-0.005,-0.18494,0.466,-0.20019,-0.356,0.956,-0.124,0.77979,-0.203,-0.072,0.473,-0.244,0.80934,0.78932,-0.033,0.509,-0.227,0.523,-0.194,-0.122,-0.78170,-0.18494,-0.59867
1,1,0,0.705,-0.24783,0.608,0.053,0.428,0.216,0.76,0.225,0.253,0.171,0.49,-0.23043,0.50435,0.304,0.256,-0.412,0.36087,-0.26087,0.26957,0.066,0.692,-0.022,0.249,-0.072,0.729,-0.033,0.48348,-0.039,0.613,-0.26,0.273,0.14783
0,1.022,0.0,-0.423,0.157,-0.177,0.441,0.392,-0.095,0.31889,-0.039,0.281,-0.139,0.47368,0.1,0.56347,-0.148,0.16409,0.55,0.46,0.03406,0.50464,0.07121,-0.871,-0.339,1.496,0.65635,0.41348,-0.431,-0.126,0.075,0.021,0.574,0.619,-0.08978
1,1,0.0,0.404,0.118,0.45331,0.16808,0.51783,-0.005,0.431,0.20883,0.294,-0.099,0.497,-0.04754,0.55518,0.03905,1.085,-0.32,0.312,-0.022,0.3,0.063,0.202,-0.215,0.272,-0.019,0.34,-0.046,0.34635,0.09847,0.979,-0.02,0.48,-0.044
0,1,0.0,1.165,0.16851,0.0,0,0.713,0.069,0.56,1.358,0.387,1.212,-0.02439,0.61,0.262,0.122,-0.039,0.877,-0.50998,0.84922,-0.144,0.372,-0.402,0.23725,-1.185,1.119,-0.259,0.88248,-1,0.69401,-1.338,0.14,0.0,0.0
1,1.148,0.0,0.973,0.121,0.48,0.37379,0.801,0.50515,0.59784,0.944,0.26,0.81152,0.26,0.87493,0.06438,0.508,-0.135,1.294,-0.228,0.79617,-0.518,0.884,-0.374,0.53805,-0.496,0.532,-0.747,0.221,-0.52,0.094,-0.463,-0.05525,-0.942,-0.19904
1,1.28,0,0.492,0.152,0.705,0.384,0.511,0.722,0.396,0.937,0.31409,0.478,0.053,0.928,-0.12,0.84290,-0.32020,0.833,-0.497,0.79525,-0.68274,0.675,-0.456,0.417,-0.85376,0.186,-0.903,-0.01358,-0.622,-0.196,-1.006,-0.33662,-0.777,-0.49700
0,1.05,0.0,-0.602,-1,0,0.0,0.652,-0.78502,0.60586,0.419,-0.985,-0.367,0.0,0.0,0.0,0.0,0.904,-0.26710,0.289,-0.724,0.919,-1,-1,-0.902,1.263,-0.59609,-1,-1.283,-1,-1.271,0.76,-0.721,0.0,0.0
1,1,0.0,0.571,0.057,0.695,0.024,1.135,0.03793,0.622,0.052,0.67801,0.451,0.75934,0.07348,0.58,0.083,0.952,-0.106,0.513,0.0,0.9,0.154,1.01,0.113,0.911,0.15445,0.682,0.13608,0.899,0.209,0.59759,0.106,0.57455,0.15114
0,1,0,1.19,-1,0.0,0,0.77941,-0.99265,0.80882,0.55147,-0.574,-1.033,0.0,0.0,0.0,0.0,0.72059,-0.752,0.665,-0.396,0.0,0.0,0.18382,-1.427,-0.551,-0.804,-0.547,-0.812,0.583,-0.812,1.215,-0.886,0.0,0.0
1,1,0.0,1.022,0.02,0.929,-0.032,1.28,-0.046,1,-0.028,0.622,-0.07092,0.79,-0.079,1,-0.098,0.697,-0.099,0.607,-0.122,0.977,-0.18519,1,-0.113,1.406,-0.253,0.96490,-0.20243,1.02,-0.152,0.914,-0.22561,0.87011,-0.213
0,0.0,0,0.0,0.0,0.0,0.0,0.0,0.0,0,0.0,0,0,0.0,0.0,0,0.0,0.0,0,0.0,0.0,0.0,0.0,0,0.0,0.0,0,1.162,-0.792,0.0,0,0,0.0,0.0,0.0
1,1.479,0.0,0.95704,-0.12095,0.537,-0.118,0.728,-0.215,0.97026,0.049,0.482,-0.011,0.83543,-0.24719,1,-0.336,0.995,-0.261,0.98678,-0.21018,1.371,-0.287,0.735,-0.538,1,-0.107,0.88793,-0.248,1.163,-0.342,0.952,-0.468,0.585,-0.61
0,0.608,0.0,0.17,-0.324,0.0,0.0,0.922,-1,0.30682,0.547,0.64394,0.071,0.519,-0.84848,0.0,0.0,0.59091,-0.35985,0.641,-0.451,0.0,0.0,0,0.0,0.24242,0.158,1,-0.147,0.06,-0.48485,0.224,-0.474,0.0,0.0
1,0.828,0.0,0.743,-0.398,1,-0.03692,0.572,-0.727,0.90083,0.797,1,-0.10104,0.802,-0.183,1.016,-0.198,1.132,-0.105,1.301,-0.155,1.079,-0.172,1.19,-0.26571,0.908,-0.29852,1.498,-0.209,1,-0.36931,1.241,-0.278,0.657,-0.44739
0,1,0.0,0.0,0.0,0.0,0.0,0.0,0,0.0,0.0,0.707,1,0.0,0.0,0.0,0.0,0.36585,-0.773,0.56098,-0.964,0.0,0.0,0,0,0.0,0.0,1,0.076,0.0,0.0,0,0.0,0.0,0
1,1,0.0,0.99449,0.00526,0.897,-0.102,1.298,-0.16431,1.254,-0.06257,0.594,-0.103,1.086,0.02966,0.921,-0.177,0.93881,-0.12977,1.109,-0.08935,0.521,0.001,0.694,-0.05882,0.474,-0.108,0.761,-0.203,0.919,-0.115,1.139,-0.303,0.837,-0.21
0,1,0.0,0.086,0.10811,0,0.0,0.0,0.0,0.54730,1.194,0.262,1.133,0.0,0.0,0,0,0.37162,-0.502,0.267,-0.655,0.0,0,0.0,0.0,-0.323,-0.736,1.251,-1.023,0.514,-0.23649,0.0,0.0,0.0,0
1,1.103,0.0,1,-0.674,0.99150,-0.692,0.527,-1.313,1,-0.184,0.884,-0.348,0.62890,-0.86402,1.408,-0.328,1,-0.797,1.09,-1.22,0.96601,-0.651,0.70120,-0.616,0.61946,-0.947,0.657,-0.77986,0.669,-1.352,0.619,-1.268,0.206,-0.89
0,1.48,0,0.65909,-0.62879,0.0,0.0,0,0.0,0.633,0.909,0.919,-0.364,0.0,0,0.0,0.0,0.314,-0.293,0.757,-1,1.397,-1.136,0.0,0.0,0,0.0,1.31,-0.717,-0.12879,-0.721,0.0,0,0.0,0
1,1.32,0.0,0.86284,0.241,0.965,0.538,0.627,0.462,0.803,0.427,0.202,0.447,0.114,0.552,-0.056,1.138,-0.17241,0.911,-0.224,0.65747,-0.48199,0.459,-0.797,0.40996,-0.59234,0.135,-0.431,0.12,-0.57241,-0.044,-0.54866,-0.19923,-0.266,-0.31954
0,1.274,0,0.221,-0.643,0,0,0.552,-1,0.985,0.995,0.613,0.64000,0.0,0.0,0,0.0,0.458,-0.38,0.813,-1,0.0,0.0,0.0,0,0.148,0.68000,1,0.169,0.0,0.0,0.0,0.0,0.0,0.0
1,1,0.0,1.135,0.197,1.325,0.542,0.481,0.72144,0.47660,0.84222,0.27639,0.811,0.13,0.692,-0.18,0.91404,-0.489,0.394,-0.538,0.435,-0.874,0.573,-1.099,0.251,-0.70838,0.043,-0.464,-0.15,-0.802,-0.28183,-0.51251,-0.297,-0.37432,-0.397
0,1,0.0,1.229,0.419,-0.672,0.719,-0.506,0.55735,0.077,0.29730,-0.18599,-0.051,-0.023,-0.109,0.01,-0.03,0.013,-0.00537,0.002,0.001,0.0,0.001,-0.00003,0.00019,-0.00003,0.0,-0.0,0.0,0,0.0,0.0,0.0,0.0,0
1,1.438,0.0,0.113,-0.063,0.279,0.047,0.174,0.212,0.243,0.112,0.247,0.021,0.266,-0.04762,0.392,-0.028,0.357,-0.11905,0.33333,0.04762,0.272,0,0.158,-0.107,0.19,-0.047,0.22109,-0.02290,0.19048,0.0,0.211,-0.025,0.14694,-0.01877
0,1,0,1.154,-0.217,0.563,0.028,0.535,-0.01,0.54,0.014,0.85246,-0.03279,1.007,0.0,0.794,-0.236,0.19672,-0.14754,0.778,-0.17176,0.882,0.041,0.616,-0.318,0.31148,-0.34426,0.52385,-0.123,0.347,-0.033,0.381,-0.466,0.28,-0.058
1,1,0.0,0.881,0.0,0.972,0.016,0.788,0.029,0.575,0,0.69091,0.043,0.568,0.057,1.088,0.091,0.718,0.169,0.68182,0.119,0.985,0.12608,0.615,0.098,0.556,0.22727,0.887,0.15088,0.75,0.02727,0.346,0.171,0.58840,0.17077
0,0.634,0.0,0.316,0.295,-0.689,0.139,-0.161,-0.428,0.66667,0.01190,0.82143,0.526,-0.822,0.156,-0.34797,-0.607,0.357,0.18,0.54762,0.034,-0.51830,0.425,-0.451,-0.473,0.256,0.465,0.51971,0.38848,0.834,0.213,-0.54891,-0.308,0.215,-0.55837
1,0.78,0,0.722,-0.043,1.053,-0.017,1.074,-0.06889,1.033,0.002,0.83556,-0.035,1.366,-0.099,1.029,-0.282,1.057,0.051,0.983,-0.03778,1,-0.078,1.496,-0.18667,0.442,0.02,1,-0.145,1.12,-0.14667,1,-0.143,0.755,-0.44222
0,1,0.0,0.43636,-0.12727,0.476,-0.077,0.18182,-0.404,0.34545,-0.05,0.29091,-0.072,0.163,0.29091,0.374,-0.3,0.217,-0.01818,0.217,0.05455,0.12727,0.361,0.657,0.111,0.452,0.14,0.565,-0.085,0.299,-0.068,0.067,-0.499,0.305,-0.278
1,1.171,0.0,1.146,-1.282,1.218,0.75472,0.49057,-0.054,0.629,0,0.922,-0.00054,0.45283,0.078,0.62264,-0.05660,1.279,-0.001,0.718,0.0,0.778,0.083,0.902,-0.00112,1.338,0.6,0.499,-0.002,0.892,-1.463,1,0.615,0.547,-0.11321
0,1.391,0,0.786,0.607,-0.76190,-0.179,0.33333,-0.104,0.602,-0.14286,-0.871,0.11,0.196,0,0.28571,-0.106,-0.397,0.562,0.265,0.032,0.519,0.029,0.16667,-0.283,-0.374,-0.074,0.266,-0.331,1,0.0,-0.66667,-0.028,0.208,0.02381
1,0.519,0,0.43750,0.035,0.648,-0.052,0.377,0.0,0.41,-0.05,0.433,0.0,0.398,0.086,0.54167,0.021,0.474,-0.233,0.35417,-0.208,0.33333,0.08333,0.25000,0.18750,0.39583,-0.11,0.314,-0.086,0.533,-0.08333,0.609,-0.467,0.252,-0.032
0,1,0.0,1.139,0.76,0.0,0.0,0.0,0.0,0.0,0.0,0.703,-0.804,-0.656,0.45489,-0.941,0.405,0.817,1,0.0,0.0,0.0,0.0,0.587,0.131,-0.602,-1,1.171,-1,1,1,0,0.0,0,0
1,1,0.0,0.631,0.089,0.675,0.146,0.701,0.19152,1.081,-0.629,0.90023,0.61320,0.748,0.465,0.543,0.37988,0.36,0.263,0.741,0.59862,0.409,0.44088,0.251,0.233,0.293,0.252,0.302,0.43221,0.90330,0.98,0.23405,0.224,0.227,0.275
0,1,0,0.776,0.415,1.189,0.80521,0.384,0.756,0.692,-0.10984,0.983,0.062,0.759,-1.01,1.121,0.824,1.115,-0.064,1.236,0.212,0.98484,-0.829,0.86670,-0.725,0.28604,-0.30063,1.039,0.124,0.884,0.424,0.87757,0.754,1.05,0.68822
1,0.885,0,0.875,0.11,0.843,-0.024,0.98313,0.027,0.96974,-0.104,0.899,-0.02716,1.203,-0.035,1,-0.077,1,-0.047,0.93840,0.01557,0.748,-0.073,1.171,-0.051,0.91567,-0.17,0.589,-0.073,1.08,0.015,0.809,-0.141,0.93144,-0.056
0,0.655,0.0,0,0.0,-0.501,0.733,0.0,0.0,0.68869,-1,0.94,0.345,-0.266,-0.376,-0.173,0.954,0.94155,0.17,0.0,0,0.0,0.0,-0.165,-1.377,0.0,0,1.195,-1,0.0,0,0.034,0.823,0,0
1,1.122,0.0,1.292,0.00876,1.268,0.008,1.477,-0.007,1.073,-0.02844,0.768,-0.04,1,-0.01271,0.728,-0.019,1,-0.013,0.927,0.0,1,-0.025,0.866,-0.031,1.189,-0.04527,0.99188,-0.03473,0.496,-0.015,1.41,-0.048,0.98420,-0.061
0,1.051,0.0,0.0,0.0,1.138,-0.157,0.241,-0.049,0.0,0.0,0.93243,0.082,1.233,-0.20000,0.835,0.038,1.165,-0.11351,0,0.0,1.399,-0.265,1,-0.229,0,0.0,1,-0.256,0.0,0,1.069,-0.25946,0.39,-0.15676
1,0.781,0,0.864,0.01403,0.34146,-0.023,0.709,0.03466,0.19512,0.147,0.252,0.061,0.21951,0.064,0.36,0.0,0.408,0,0.227,0.07317,0.355,0.163,0.174,0.031,0.262,0.067,0.279,0.039,0.23,0.055,0.222,0.0,0.17073,0.07317
0,1.339,0,1.322,1,1.34,-1.222,0.0,0,0.0,0,1,1.031,1.364,-0.979,1,0.627,0.922,-1.024,0.0,0.0,0.0,0,1.147,-0.2,0.0,0.0,0.889,-1.126,0.969,0.906,1,-1,0.0,0
1,1.195,0.0,0.34694,0.2,0.401,0.286,0.507,0.128,0.56,0.256,0.427,0.59184,0.12245,0.778,0.0,0.71,-0.09,0.55102,-0.20408,0.55102,-0.331,0.229,-0.148,0.302,-0.737,0.322,-0.322,0.143,-0.59184,0.18367,-0.34694,0,-0.173,-0.185
0,0.795,0,0.0,0.0,0.781,-0.93,0,0.0,0,0.0,1,1,0.857,-0.17,0.958,0.23288,0.525,-1.241,0.0,0.0,0.0,0.0,0.593,0.557,0,0.0,1.279,-1,0,0.0,1.183,-1,0.0,0.0
1,1.441,0.0,0.827,0.484,0.975,0.326,0.579,0.948,0.644,0.77941,0.265,0.88971,-0.02206,0.569,-0.20588,0.965,-0.37500,0.376,-0.5,0.61,-0.91,0.307,-0.86029,0.08824,-0.818,-0.151,-0.519,-0.314,-0.599,-0.522,-0.583,-0.50735,-0.274,-0.56618
0,1,0.0,-0.511,0.28105,0.145,0.089,-0.646,-0.70984,-0.235,0.71242,-1.281,0.638,-1.175,0.259,-0.579,-0.02614,-0.575,-0.83007,-0.777,-0.5,-0.029,-0.563,1.083,-0.833,-1.234,-0.43137,0.386,0.093,-0.86,0.032,0.123,0.02614,-0.40201,-0.48241
1,1,0,0.373,-0.10000,0.339,0.0,0.49,-0.131,0.431,0.11667,0.47,0.023,0.518,0.099,0.992,-0.098,0.544,0.134,0.306,-0.023,0.318,0.20000,0.70000,0,0.272,0.13333,0.46214,0.076,0.333,0.03333,0.567,0.048,0.421,-0.042
0,0.552,0.0,-0.291,0.564,-0.35,0.075,-0.092,-0.056,0.037,-0.092,0.025,0.028,-0.013,0.039,-0.02,-0.00166,-0.001,-0.01,0.004,-0.001,0.00138,0.00238,-0.00114,0.001,-0.00069,-0.001,0.00019,-0.001,0.00026,0.00005,0.0,0.00015,-0.00008,0.0
1,1.118,0,1,-0.456,0.457,0.29730,0.545,-0.24324,1.093,0.18919,0.783,-0.381,0.661,0.0,0.62162,-0.045,0.188,-0.208,0.508,-0.128,0.62162,0.052,0.492,0.077,0.346,-0.26,0.319,-0.22163,0.602,-0.281,1.051,-0.844,0.51351,-0.24324
0,1,0.0,0.623,-0.037,-1.258,-0.33203,-0.569,-0.01563,0.903,0.012,0.93359,-0.019,-0.831,0.09,-1,-0.005,0.795,-0.03516,1.073,-0.02734,-0.553,0.167,-1.342,0.507,0.95703,-0.003,0.545,0.188,1.197,-0.084,-0.869,-0.151,-1,-0.34375
1,1,0.0,0.813,0.012,0.661,-0.01272,0.93526,0.015,0.534,-0.01734,0.838,0.008,0.95665,-0.023,0.733,-0.003,0.99480,-0.037,0.887,0.01792,0.93584,-0.052,1.332,-0.031,0.97052,-0.064,0.658,-0.022,1.372,0.01908,0.485,-0.05,1.225,0.01
0,0.778,0.0,0.944,-0.05529,0.509,-0.739,0.692,-0.155,0.366,-0.22222,0.746,-0.307,0.098,-0.11111,1,-0.374,0.581,-0.38853,1.491,-0.42862,0.0,-0.306,1.295,-0.50333,1.487,-0.18,1.039,-0.57092,1,-0.385,1,-0.659,0.639,-0.74
1,1.483,0,0.255,-0.136,0.344,-0.069,0.109,-0.06,0.043,-0.045,0.042,-0.029,0.01,-0.031,0.00741,-0.012,0.004,-0.009,0.001,-0.00523,-0.0,-0.003,-0.0,-0.00166,-0.0,-0.00090,-0.00025,-0.00048,-0.0,-0.00024,-0.0,-0.00012,-0.0,-0.00006
0,1.027,0.0,0.741,-0.074,0.72549,0.0,0.457,-0.07,0.62745,-0.11765,0.717,-0.124,0.541,-0.13725,0.64706,-0.132,0.467,-0.11765,0.758,-0.214,0.397,-0.105,0.828,-0.176,0.231,-0.214,0.52409,-0.289,0.56863,-0.31373,0.55,-0.21569,0.384,-0.197
1,0.938,0.0,0.28,0.165,0.46667,0.334,0.19036,0.283,0.095,0.19939,0.008,0.213,-0.02367,0.094,-0.038,0.036,-0.03766,0.037,-0.038,0.017,-0.031,0.00357,-0.019,-0.00273,-0.01097,-0.00539,-0.008,-0.008,-0.004,-0.007,-0.00089,-0.003,0.0,-0.002
0,1.057,0,-0.477,0.155,0.059,0.0,0,0.074,0.415,0.06250,0.244,0.0,-0.016,0.112,0.06250,0.0,0.15625,-0.233,0.43750,-0.231,0.0,-0.065,0.0,0.0,0.042,-0.46875,0.046,0.0,-0.812,0.043,-0.03125,0.0,0,0.09375
1,0.885,0.0,1.169,-0.01081,0.697,-0.02703,0.603,-0.033,1.094,-0.01622,0.98919,-0.02,0.98919,0.094,0.568,-0.088,0.94,0.056,1.362,-0.004,1,0.06,1.484,0.026,0.97838,0.062,0.838,0.01251,0.79,-0.022,1.451,0.023,1,-0.07027
0,0.502,0,0.465,0.067,0.918,0.08069,1,0.995,1.305,-0.00775,0.83721,0.03876,1.232,0.291,0.652,0.827,0.487,0.052,0.90698,0.174,1.041,0.673,1,-1,0.671,0.041,0.996,0.592,0.843,0.06977,0.597,0.864,1.193,1.207
1,1,0.0,1.166,-0.016,0.968,0.08021,0.878,0.011,0.78,0.006,0.629,-0.009,1,0.0,1.457,0.06417,0.557,0.062,0.951,0.033,0.96791,0.028,0.834,-0.01604,0.96257,0.05348,0.922,0.04452,1.306,0.012,0.671,0.076,0.88,0.06417
0,1,0,-0.137,0.28750,0.197,0.107,0.198,0.31750,0.455,0.41,0.442,-0.34617,0.09250,0.334,-0.099,0.258,-0.065,0.253,-0.243,0.282,-0.48000,-0.071,0.29908,0.406,-0.707,-0.227,0.32190,-0.334,-0.306,0.18500,-0.179,-0.425,0.535,0.022
1,1,0,0.339,0.033,0.424,0.036,0.978,0.051,0.526,0.0,0.77,0,0.80000,0,0.993,0.0,0.70000,0.10000,0.746,0.126,0.471,-0.017,0.437,0.0,0.637,0.129,0.89,0.10168,0.36,0.17,0.322,0.16667,0.63333,0.121
0,0.772,0.0,0.06,-0.009,0.06704,0.011,0.0,-0.01117,0.008,-0.032,0.017,-0.105,-0.004,0.05307,0.06425,-0.031,0.0,0.09497,-0.06425,0.07542,-0.067,0.031,0.026,-0.00559,0.006,0.007,0.121,-0.011,0.016,-0.00279,0.04469,0.0,0.058,-0.028
1,1.044,0.0,0.94653,0.32,0.72554,0.67248,0.47564,0.82455,0.01267,0.789,-0.284,0.939,-0.428,0.473,-0.75881,0.445,-0.66455,0.104,-0.531,-0.247,-0.52475,-0.526,-0.336,-0.533,-0.033,-0.846,0.197,-0.433,0.335,-0.498,0.501,-0.182,0.458,-0.05980
0,1.487,0.0,0.065,0.016,-0.021,0.035,0.021,0.052,-0.083,0.00862,0.026,-0.06609,-0.03736,0.037,-0.043,-0.026,-0.086,0.083,-0.029,0.05172,0.018,0.015,-0.03736,-0.015,0.031,-0.009,0.00862,0.01724,0.038,0.016,0.02586,0.007,-0.04598,-0.00575
1,1.497,0.0,0.707,-0.008,0.79704,0.01084,0.877,0.00197,0.796,0.01084,0.78424,-0.009,0.722,0.03251,1.2,0.009,0.521,-0.011,0.852,-0.022,0.554,0.038,0.74778,0.081,0.72611,-0.018,0.754,0.005,0.921,-0.056,0.515,0.037,0.79015,0.00788
0,0.689,0.0,0.048,0.033,0.005,0.0,0.023,-0.028,0.02140,-0.04993,-0.068,-0.01284,0.01427,-0.033,0.0,-0.03281,-0.058,-0.02853,-0.019,0.03566,0.02140,0.002,0.034,-0.022,0.051,0.022,0.027,0.013,0.018,0.00713,-0.033,-0.019,-0.01427,0.011
1,1,0.0,0.322,0.259,0.521,0.33598,0.313,0.47619,0.024,0.49471,-0.028,0.721,-0.381,0.451,-0.217,0.32540,-0.378,0.065,-0.291,-0.083,-0.193,-0.107,-0.14815,-0.38095,-0.307,0.003,0.043,-0.382,0.15873,-0.291,0.17,-0.328,0.26720,0.04233
0,1.364,0.0,0.044,0.007,0.13959,-0.04119,0.097,-0.08238,0.112,-0.07,0.146,-0.013,0.12357,0.111,0.196,-0.13501,0.29062,-0.04805,0.214,0.075,0.156,0.0,0.074,-0.002,0.214,-0.093,0.082,0.018,0.076,-0.06636,0.09611,-0.07323,0.118,-0.084
1,0.924,0,0.94333,0.38574,0.712,0.446,0.141,0.402,-0.55941,0.807,-0.73675,0.412,-0.76051,0.0,-0.732,-0.439,-0.24,-0.354,-0.122,-0.511,0.578,-0.63620,0.998,-0.524,1.06,-0.05484,0.60098,0.366,0.544,0.722,0.014,0.54479,-0.184,0.618
0,0.795,0.0,0.017,0.00705,0.04090,-0.008,0.02116,0.007,0.015,0.04372,0.002,0.002,0.015,-0.03103,-0.016,0.052,-0.048,0.021,-0.03,-0.005,0.034,-0.027,0.01,0,0.0,-0.007,0.01834,-0.007,0.007,-0.011,-0.01693,-0.023,0.00705,0
1,1,0.0,0.79,0.001,1.18,-0.05676,0.77521,-0.032,0.84317,0.086,0.86258,0.11949,1.066,-0.08,0.918,0.023,0.672,-0.074,1.105,-0.174,1.125,0.013,1.268,0.012,0.986,-0.015,1.164,-0.03678,0.478,-0.071,0.73936,-0.01942,1.001,-0.09186
0,0.765,0,0.86,-0.885,1,0.763,-1,0.633,0.638,-1.017,1.438,-1,-1.234,-1,-0.586,0.594,1,1,0.652,0.732,-0.511,1.151,0.671,-1,0.606,-0.679,0.519,1.293,0.853,1.156,-1.281,0.922,-1,1
1,1,0.0,1.002,0.53,0.391,0.76432,0.096,0.98903,-0.42625,1.24,-0.942,0.704,-0.93092,0.09,-0.868,-0.317,-0.485,-0.658,-0.234,-0.714,0.4,-1.152,0.64649,-0.35230,0.77814,-0.23324,0.519,0.21343,0.241,0.858,0.279,0.445,-0.094,0.954
0,1.02,0,0.982,1,1.466,0.288,0.323,-0.835,1.189,0.552,0.024,0.034,1,1,0.0,0.0,1,-1.026,1.449,1,1.072,0.619,0.265,1.28,1,0.837,1,0.568,1.252,1,-1.331,1.343,0.0,0
1,1.41,0.0,1.287,0.537,0.617,1,0.016,0.704,-0.49020,0.526,-0.82353,0.382,-1,0.11765,-0.694,-0.236,-0.64706,-0.66,-0.206,-0.675,0.508,-1,0.74510,-0.42,1.124,-0.241,1.12,0.114,0.602,0.585,0.297,0.869,-0.11765,0.90196
0,1,0,0,0.0,-0.557,-0.552,-1,1.367,0.0,0.0,-0.569,1.326,1.293,1,0.834,-0.664,0.0,0.0,0.0,0,-1.033,-0.808,-1,0.831,1.258,0.406,1,-0.869,0.0,0.0,-0.657,-1,-0.824,1
1,1,0.0,0.383,0.44444,0.477,0.621,-0.157,1,-0.482,0.924,-0.865,0.426,-1,-0.11111,-0.543,-0.288,-0.66667,-0.429,0.55556,-0.77,-0.22222,-0.579,1.095,-0.184,0.49,0.0,1.169,0.639,0.292,1.166,0.19,1,-0.55556,1.48
0,0,0.0,0,0.0,0,0.0,0.0,0.0,0,0,0.0,0.0,0.0,0.0,0.0,0.0,0.0,0.0,0,0,0.0,0.0,0.0,0.0,0.0,0,1.08,0.0,0.0,0.0,0,0.0,0,0.0
1,0.756,0.0,0.527,0.0,1.226,0.0,0.335,0.581,0.669,0.0,0.75,0.1,0.89067,0.123,0.86922,0.208,1.066,0.25000,0.75000,0.398,1.112,0,1,-0.293,0.5,0.50000,0.609,0.376,0.75000,0.328,0.949,0.38,0.405,0.30293
0,0,0.0,-0.892,0.812,1.381,1.172,0,0,1.467,-1,0.888,-0.536,1,-0.675,-1.027,-0.851,0.0,0,-1,-0.751,0.0,0.0,0.0,0.0,-0.946,-1.242,1,-1.274,1,1,-0.512,-0.817,0.0,0.0
1,0.778,0.0,1.136,0.0,1,0.0,0.723,0.123,0.923,-0.147,0.88889,-0.135,1.245,-0.22222,1.019,0.0,0.73,0,1.12,-0.114,0.77778,-0.131,0.66667,-0.11111,0.66667,0.0,1.255,-0.05352,0.577,0.159,0.628,-0.119,1.253,0
0,0,0.0,0,0.0,0.0,0.0,0,0.0,0,0,0.0,0.0,-1.47,-1.303,0.0,0,0.698,1.117,0,0.0,0,0.0,-1.13,0.664,0,0.0,0.726,-1.227,-0.947,-1.219,1.347,0.503,0.0,0
1,1,0,1,0.45455,0.507,-0.305,0.61,0.079,1.484,-0.071,0.697,0,1,-0.27273,0.79,-0.18182,1.392,0.09,0.679,0.0,1.089,-0.223,0.923,0.078,1.361,-0.09091,0.603,-0.028,0.885,0.287,1.451,-0.319,1,-0.209
0,0.99,0.0,0.62121,-0.415,0,0.0,0.0,0.0,0.34470,0.264,0.42803,0.393,-0.063,0.776,0.301,0.31439,-0.597,0.35,0.12121,-0.14773,0.01894,-0.762,-0.599,0.097,0.175,-0.292,0.214,-0.687,0.573,0.122,0.18182,-0.02273,0.17,-0.514
1,0.544,0.0,1,0.081,0.951,0.233,0.557,0.41176,0.552,0.05882,1,0.23529,0.672,0.14,1.29,0.623,0.843,-0.086,1.04,-0.127,1,0.35294,1.284,0.361,1.489,-0.099,1,0.229,0.833,0.05882,0.77,0.237,0.9,0.23529
0,1,0.0,0.0,0.0,-1.409,-0.768,0.743,0.51064,0.106,-0.245,-0.858,-0.424,0.138,-0.395,0.885,-1.215,0,0.0,0.541,-0.097,-0.268,1.36,0.121,-0.70745,0.0,0.0,-0.141,-0.46809,-0.22340,-0.48936,0.74468,0.90426,-0.606,0.45745
1,0.601,0.0,0.589,0.408,0.83333,-0.121,0.404,0.167,1.102,-0.063,0.921,0.04167,0.83333,0.093,0.371,0.0,0.845,0.04,0.725,0.101,0.358,-0.08333,0.735,0.16667,0.639,-0.12500,0.83796,0.075,1,0.20833,0.386,0.0,0.902,0.04167
0,1,0,0.267,-0.173,0.0,0,0.0,0,0.0,0.0,0.0,0.0,0.11538,-0.138,0.0,0.0,0.0,0,0.0,0.0,0.0,0,-0.042,-0.06571,0.092,0.08974,0.17308,-0.101,0.174,0.115,0.03,-0.062,0.196,0.275
1,0.968,0.0,1,-0.08183,0.811,-0.126,0.892,-0.264,0.615,-0.33075,1.053,-0.34281,0.678,-0.47265,0.959,-0.694,0.874,-0.709,0.522,-0.63544,1.012,-1.023,0.476,-0.798,0.67033,-1.218,0.544,-1.017,0.345,-0.83893,0.24117,-1.016,0.246,-0.89621
0,1,0.0,0.635,0.799,-1.035,0.573,-1.127,-0.54,0.414,0.192,0.506,0.075,0.196,0.058,0.322,0.515,1.059,-0.038,0.314,0.53070,0,0.0,-0.227,-0.16228,1,-0.481,1,-1,1,-0.365,0.35088,0.268,0.82895,0.041
1,1,0.0,0.651,0.24077,0.768,0.005,0.80244,-0.154,1.14,-0.171,1.058,-0.271,1.041,-0.329,0.71492,-0.349,0.476,-0.816,0.40473,-0.55059,0.529,-0.39328,0.519,-0.238,0.298,-0.396,0.29208,-0.576,0.079,-0.368,0.15657,-0.51329,0.206,-0.577
0,0.0,0.0,-0.689,0.901,0.99,-0.668,0.0,0,0,0.0,1,-1.165,1.127,0.955,0,0.0,1,-1.399,0.0,0.0,0,0.0,1.412,1.15,-1.233,1,0.835,-1.304,-0.549,0.668,-1,-1,0.0,0
1,1,0.0,0.92247,-0.19448,0.96419,-0.17674,0.623,-0.154,0.977,-0.158,0.581,-0.383,0.667,-0.366,0.808,-0.49967,0.486,-0.945,0.364,-0.805,0.40506,-0.54172,0.409,-0.59691,0.14750,-0.497,0.106,-0.861,-0.094,-0.661,-0.019,-0.369,-0.039,-0.59
0,1,0.0,-1.011,-0.889,-0.523,0.504,1.024,-1.129,1,0.77,0.0,0,0.23958,-0.979,1.222,1.364,0.0,0.0,0.969,0.627,0.663,1,0,0,-0.704,1,0.441,-0.68,1.147,-0.922,0.502,-1,0.47569,1.34
1,1,0.0,0.635,0.43460,0.369,0.909,0.09916,1.125,-0.196,1.096,-0.72363,0.599,-0.93882,0.099,-0.86709,-0.145,-0.733,-0.913,-0.173,-0.992,0.139,-0.542,0.51477,-0.934,0.74895,-0.426,1.101,0.095,0.92,0.42827,0.301,0.765,-0.00422,0.641
0,1.385,0,0.852,0.711,0,0.0,1,-0.557,-1,-1,0.67,1.183,1,-0.525,0.0,0.0,1.332,-0.795,0.857,0.624,0.0,0,0.797,-0.96,-0.958,-0.771,1.144,1,-1.08,1.279,-1,0.781,0.0,0
1,1.302,0,1,0.63548,0.555,1.401,0.985,1.413,-0.221,1,-1.323,1.086,0.0,1,-0.954,1,-0.542,0.0,-1.385,-0.579,-0.922,-1.12,-1.069,-0.255,-0.26,-1,0.19235,-0.802,1.441,-1.223,0.0,-1.237,1,-0.66667
0,0.0,0,-1.438,0.671,-1.281,-1,0,0.0,-1.234,0.519,0.606,-0.652,-1,-1,-1,0.586,0.0,0.0,-0.638,-0.633,-0.679,1.017,0.0,0.0,0.511,-0.594,0.763,1,0.765,-0.86,1,1,0.0,0
1,1,0.0,1.19,0.101,1.214,0.14211,0.834,0.223,0.984,-0.184,1,0.329,1.397,0.354,0.636,0.593,-0.383,1.431,1.236,0,1.409,0.763,1.176,0.671,1,1.405,1.418,1,1,0.25000,0.734,1.087,1,1
0,0.0,0.0,-0.568,-0.619,0.0,0,0.0,0.0,0.0,0.0,0.0,0.0,0,0.0,1,-0.562,0.0,0.0,-1,-1,0,0.0,1.411,1,0.837,-1.449,1.252,-1.072,0.0,0.0,0,0,0.0,0
1,1,0.0,0.635,-0.114,0.822,-0.141,-0.13129,-0.21384,0.363,0.053,0.481,-0.253,0.24,-0.225,0.03459,-0.099,0.116,-0.303,0.11,-0.168,0.135,-0.265,0.051,-0.26795,0.034,-0.25124,-0.00046,-0.23210,-0.02612,-0.137,-0.045,-0.18950,0.012,-0.35
0,0.808,0,0.0,0.0,0.0,0.0,0,0,0.0,0,0.834,-0.33333,0.16667,0.337,0.0,0,0.0,0.0,0.0,0.0,-0.282,-0.29,-0.16667,1.14,-0.659,0.516,0.04167,0.792,-0.151,-1,-0.104,-0.395,-0.184,-1.091
1,1.445,0.0,0.77,0.05149,0.848,0.129,0.96142,0.204,1.294,-0.236,0.571,0.472,1.183,0.327,0.521,0.204,0.847,0.344,0.59615,0.29304,0.29,0.29200,0.474,0.145,0.39023,0.226,0.32930,0.378,0.187,0.332,0.22427,0.21378,0.098,0.19083
0,1,0.0,0.581,-0.09,-1,-1.223,-1,-0.649,1,0.473,0.52,1.054,-1.386,-1.192,-1.08,1.014,0.705,1.416,0.778,0.509,0.407,-1.295,-1,-0.739,0.566,0.36508,1,1,1.122,0.50794,-1.396,-0.34,-1.039,0.72831
1,1.002,0.0,0.93669,-0.002,0.797,0.53,0.554,-0.564,0.93123,0.249,1.367,0.09061,0.862,0.067,0.91586,0.05097,1.153,-0.25324,1.015,-0.128,0.84871,0.198,0.598,-0.032,0.488,-0.014,0.87293,-0.019,1.153,0.063,1.023,-0.131,0.85841,-0.14725
0,0.675,0,0.717,-1,0.99,1.053,1.242,1.467,1,-0.637,0.841,1.349,0.512,1.172,1,0.851,0.0,0,0.812,0.892,0.751,0.748,1,-1,1.027,0.888,0.536,0.739,1,-0.613,-0.709,1,1,1.044
1,0.707,0.0,0.778,0.236,1,-0.87,1.183,-0.136,1,0.193,0.564,0.298,0.98120,-0.039,1,0.06610,1.193,-0.215,0.483,-0.144,0.914,0.037,0.99624,0.09242,1.389,-0.017,1.173,-0.054,1.021,0.042,1.427,-0.13722,0.96523,-0.11717
0,1.489,0.0,0.36876,-1.057,-1.248,-1.186,-0.056,1,1.303,1.158,0.739,-0.38710,-0.698,-1.087,-0.064,1.47,0.48684,0.627,0.301,-0.26,-0.124,-0.20188,-0.11976,0.035,0.03021,0.041,0.039,-0.01186,-0.005,-0.021,-0.011,0.00108,0.00015,0.002
1,1,0,0.557,0.38265,0.549,-0.252,1.15,-0.043,0.846,-0.07398,0.471,0.13,0.99745,0.025,0.592,0.025,0.778,-0.178,0.95663,0.112,0.923,0.003,0.551,0.30804,0.612,-0.14541,1.089,-0.003,0.75638,0.07908,0.507,-0.148,0.87,-0.051
0,0,0.0,0.0,0.0,0.0,0.0,0.0,0.0,0.0,0,0.0,0,0.997,1,1,1.041,0.502,-1,0,0.0,1.24,0.652,1.496,-1,1.328,0.545,1.062,0.0,0.918,0.827,0.827,-1,0.0,0
1,0.992,0,1,-0.275,0.544,-0.287,0.94623,-0.523,0.833,-0.392,1.351,-0.528,0.90818,-0.44119,0.75723,-0.396,0.725,-0.58019,0.459,-0.318,0.616,-0.70975,0.54465,-0.586,0.337,-0.615,0.338,-0.981,0.222,-0.78239,0.198,-0.408,0.123,-0.927
0,0.702,0,0.0,0.0,0.0,0,0.0,0.0,-0.85000,-0.858,0.0,0,1.323,-1.223,0.0,0.0,-1,-0.652,-0.668,-1.173,0.885,-1,-0.73,-0.743,0.945,1.215,-1,-0.20000,1,-1.07,0.0,1,0.0,0.0
1,1,0,0.96,0.089,0.639,-0.055,0.572,0,0.767,0.0,0.95455,0.0,1.005,0.033,0.661,-0.04545,0.752,0.0,0.643,0,0.834,0.127,0.865,0.09091,0.90909,0.04545,1.153,0.039,1.289,0.111,0.488,-0.116,0.86364,0.024
0,0.0,0.0,0.0,0.0,-1,0.845,1,1.394,-1.011,-0.724,0.0,0.0,-1,-0.792,-1.069,-0.31250,-1,-1,1.178,-1,0.824,-0.994,0,0,0.506,-0.772,-1,-1.404,0.0,0.0,1.297,-1.168,0.0,0.0
1,0.843,0,0.91176,-0.098,0.97059,0.135,0.668,0.105,1.191,-0.02941,1.055,-0.14,1.192,0.14706,0.761,0.018,1,0,1,0,0.85,0.114,0.781,0.035,1.23,0.034,0.92663,0.028,0.855,-0.123,0.886,0.074,0.973,0.053
0,1,0.0,-1.487,1.485,-1.487,0.15244,0.413,1,-1.099,0.52,-0.917,-1.035,0.799,0.762,-0.969,-0.23476,0.28301,-1.377,1.064,1.019,-0.375,-0.58,-0.573,-0.655,1,-1,-1,-0.03578,0.721,-1.329,-0.859,-0.205,0.136,1
1,0.512,0.0,0.47368,-0.10526,0.83781,0.01756,0.895,0.033,0.661,-0.05263,0.75,0.0,0.896,0.06,0.737,0.05756,1.046,0.631,1.127,0.033,0.899,0.077,0.457,0.062,0.42105,0.21053,0.567,0.088,0.788,-0.297,0.438,0.09534,0.846,0.09719
0,1,0.0,-0.007,-0.5,0.0,0.0,-0.028,1.274,0.0,0.0,0,0,0.0,0,0,0.0,0,0.0,0.31410,1.212,-0.35256,0.795,-0.343,-0.849,0.0,0.0,-0.411,-0.343,0.0,0.0,0,0.0,0.0,0.0
1,0.716,0.0,1,0.45455,0.781,0.55,0.93,0.855,1.232,-0.12,1.304,0.0,0.984,-0.45455,0.857,0.361,0.526,-0.469,1.116,-0.259,0.90909,-0.333,1,0.07750,1.336,-0.09091,1.219,0.113,1.195,0.248,1,0.63636,1.051,0.27273
0,0.0,0.0,-0.984,-1.126,0.68,-0.889,-1.431,1.222,0.0,0,0.906,-1,1.364,-1,0.0,0,0.0,0,0.0,0.0,-1,1.147,1,-1,-0.663,1,1.031,0.969,0.0,0.0,1.011,0.313,0,0.0
1,0.691,0.0,0.45455,0.09091,0.63636,0.113,0.379,0.178,0.544,0.0,0.421,-0.108,0.53,-0.111,0.581,-0.01343,0.63636,-0.18182,0.45455,0,0.36364,-0.087,0.139,0.268,0.268,-0.084,0.179,-0.021,0.171,0,0.508,0.0,0.416,-0.026
0,1,0.0,-1,-0.46,0.0,0.0,-0.525,0.716,-1.206,0.767,0.0,0.0,0.0,0.0,0,0.0,0,0.0,0,0.0,-0.557,-0.93,0.0,0.0,0.29839,0.23387,1,0.51613,0.0,0.0,0.0,0.0,0.0,0
1,0.954,0.0,0.764,0.14286,0.78,0.473,1,0.912,1.171,-0.202,0.85714,-0.2,1,0.022,0.802,0,0.617,-0.173,1.265,0.047,1.069,-0.353,0.542,0.0,0.28571,-0.28571,1.086,0.027,1,0.072,0.922,0.756,1,0
0,0.0,0.0,1.438,0.922,1.156,-1,0.606,0.652,0.763,0.679,0.732,1,1,-1.281,1,0.638,1.234,-0.519,0.853,-0.594,0.671,1,0.885,1,1,-1,0.765,0.586,0.633,1.293,0.86,1,1,1.151
1,1,0.0,0.87032,0.634,0.343,1.158,0.145,1.036,-0.38033,0.87916,-0.543,0.855,-0.92099,0.246,-0.82417,-0.208,-0.834,-0.783,-0.286,-0.833,0.18823,-0.926,0.346,-0.822,0.575,-0.352,0.576,0.106,0.539,0.39762,0.25974,0.409,-0.06739,0.699
0,0,0.0,1.072,-1.252,1,1,1.28,-1,1,0.619,1.343,-1.092,1.411,-1,1.026,-0.837,1,1,1.189,1,0.848,1.02,0.518,-0.568,1.372,0.552,0.835,0.562,0.963,1.27,1.466,0.59,1.449,-1
1,1,0.0,0.891,0.024,0.699,0.224,1.24,0.25,0.604,0.441,0.421,0.517,0.929,0.287,0.66586,0.406,0.619,0.51752,0.467,0.503,0.276,0.53,0.42546,0.622,0.33340,0.359,0.19,0.54214,0.22307,0.526,0.14312,0.693,0.11573,0.46571
0,0,0.0,0.659,1.033,1.259,-1.427,0.557,-1,1,1,0.0,0.0,1,-1,0.0,0.0,0.0,0.0,0.0,0.0,-1.055,0.552,1.438,1.367,0,0,0.834,0.869,0.0,0,-0.831,-1,0.0,0.0
1,1.382,0.0,0.508,0.13645,0.93716,0.195,1.207,0.265,0.79039,0.681,0.72352,0.881,0.845,0.648,0.752,1.045,0.211,0.584,0.227,1.099,0.13712,0.473,0.00494,0.662,-0.07361,0.956,-0.174,0.811,-0.286,0.968,-0.489,0.64363,-0.47419,0.55835
0,0.0,0,0.591,-1,-1.039,1,-1,1,1,1.396,1.08,0.649,-1.295,-0.682,-1.014,-1.223,1.416,1.491,1.487,-1,-0.639,-1,-0.746,-1.386,0.739,0.0,0.778,-1.044,0.581,-0.509,-1,1.384,-1.122,1
1,1.483,0.0,0.697,0.13069,1.042,0.24323,0.64615,0.259,0.525,0.641,0.549,0.46439,0.25,0.505,0.145,0.306,0.2,0.603,-0.126,0.57500,-0.031,0.502,-0.053,0.354,-0.079,0.40006,-0.164,0.34976,-0.23832,0.29541,-0.348,0.16,-0.196,0.31154
0,0.0,0.0,1,-0.946,1,0.817,1,-1.274,0.841,0.748,1,-1.467,0.717,1,1,-0.751,0.675,-0.536,0.892,1,1.053,0.812,0.99,-1,0.888,-1,0.512,-1.242,1.381,1.044,1.027,-1.182,1.349,1
1,1.171,0.0,0.97467,0.14,0.665,0.116,0.995,0.184,0.89009,0.32711,1.046,0.45217,0.801,0.52284,0.69946,0.78,0.456,0.685,0.596,0.70398,0.523,0.68159,0.326,0.942,0.252,1.058,0.182,0.984,0.074,0.80439,-0.039,1.108,-0.117,0.74242
0,0,0.0,0.0,0.0,0.862,1,0,0.0,1.489,1,0,0.0,1.418,-1,0.0,0,0.0,0.0,0.0,0.0,0,0.0,0.0,0,0.0,0.0,1.219,-1.248,0.0,0,-1.23,0.948,0.0,0.0
1,1,0.0,0.803,0.153,0.765,0.29757,0.506,0.36790,0.70588,0.56830,0.351,0.62719,0.29,0.74676,0.18,0.576,0.121,0.521,0.054,0.602,-0.12064,1.072,-0.252,1.035,-0.252,0.511,-0.576,0.58553,-0.237,0.546,-0.621,0.376,-0.56231,0.215
0,0,0.0,0.0,0.0,1.062,1,0.545,0.996,0,0.0,0.0,0,-1.111,-0.997,0.0,0.0,-1.193,-0.832,0.0,0,0.0,0.0,1,0.995,0.0,0.0,1.328,1.041,0,0.0,-1,1.072,0,0
1,1.04,0,0.739,0.38138,0.364,0.535,0.29148,0.872,-0.057,0.90135,-0.39597,0.54,-0.855,0.608,-0.558,0.26906,-0.94,-0.078,-0.43,-0.397,-0.26,-0.538,-0.138,-0.64338,0.142,-0.691,0.274,-0.624,0.43227,-0.29838,0.413,-0.138,0.229,0.12556
0,0,0.0,0.652,-1,1.217,1,1.23,1.215,1,0.668,1.219,1.173,1,-1.36,1.07,0.896,0.885,1,1.409,-1,0.702,-1.046,0.711,-0.735,1,-0.858,1.171,1.223,1.078,-0.743,0.66,1,1,0.945
1,0.752,0.0,0.73523,-0.294,0.581,0.10278,0.78826,0.15266,0.537,0.05252,1.398,0.12,0.432,0.186,0.509,0.32925,0.49672,0.233,0.468,-0.032,0.308,0.408,0.355,0.256,1.204,0.314,0.44174,0.586,0.12473,1.005,0.442,0.261,0.414,0.49831
0,0,0,0,0.0,0.0,0,0,0.0,0.0,0.0,0.0,0,0.0,0,0.0,0.0,0,0,0.0,0.0,0.0,0.0,0.0,0.0,0.0,0,1.225,0.994,0.0,0.0,0.0,0.0,0.0,0.0
1,1.115,0.0,0.864,0.005,0.941,-0.002,1.131,0.005,0.735,0.018,0.94054,0.042,0.97213,0.058,0.78,0.01858,0.94277,0.076,1.072,-0.008,1.237,0.045,0.96358,0.07098,0.93274,0.085,0.95243,0.04356,0.97473,0.01,0.866,0.057,1.442,-0.002
0,0,0,1.019,1.035,-1.455,-0.799,-1,-0.917,0,0.0,0.0,0.0,-1,-0.635,0.0,0.0,0.0,0,0.0,0.0,-1.487,0.912,1.377,0.655,0.0,0.0,1,-1.487,0.0,0.0,-1,-0.573,-1,-1
1,1,0.0,0.627,-0.123,0.465,0.008,0.797,0.02258,0.767,0.016,0.326,0.035,0.69050,0.04393,0.68101,0.05058,0.67023,0.041,0.488,-0.05,0.63,0.075,0.63077,0.104,1.12,0.229,0.579,0.08304,0.563,0.068,0.429,0.108,0.473,0.09346
0,1,0.0,0.97,1,0.91973,-0.76087,0.44,0.063,0.776,0.10702,0.86789,0.848,0.914,0.126,0.75920,0.13712,1.191,-0.25084,0.99,0.169,0.875,0.243,0.756,0.425,1.233,-0.693,1.04,0.212,0.76,0.45,1.127,-0.044,0.56522,0.251
1,1.324,0.0,0.52,-0.087,1,-0.29630,1.336,-1.045,0.546,0.036,0.658,-0.334,0.733,-0.143,1,-1.125,0.629,0.01,0.78,-0.05926,1.174,-0.24,1,0.22037,0.513,-0.356,1.135,-0.24549,0.78889,0.015,1.141,-0.27105,1.007,-0.57037
0,1,0.0,0.435,0.223,0.583,0.072,0.26459,0.16,0.207,0.13230,0.238,0.25292,0.24,0.266,0.056,0.22957,-0.04,0.416,0.05058,0.24903,0.24903,0.096,0.079,0.29961,-0.029,0.382,-0.03,0.242,-0.101,0.202,-0.125,0.319,-0.173,0.28794
1,1.204,0.0,0.57540,-0.03175,0.491,-0.062,0.61508,-0.011,0.53968,0.048,0.736,0.119,0.59127,-0.02381,0.779,0.01,0.985,0.037,0.60317,0.011,0.272,-0.027,0.872,0.044,0.377,0.025,0.318,-0.01237,0.61706,-0.188,0.636,-0.017,0.461,-0.03175
0,0.958,0,0.06404,-0.095,-0.041,0.05911,0.065,-0.027,-0.01478,0.149,0.06404,0.0,0.069,-0.052,0.045,0.0,0.022,-0.038,-0.177,-0.147,0.059,0.01478,0.055,0.02,0.047,0.217,0.28079,-0.058,-0.05911,-0.09360,0.055,0.042,0.07389,-0.104
1,1,0,0.891,0.072,0.779,-0.053,0.671,0.021,1.05,0.00224,0.71029,0.185,0.397,-0.002,0.976,0.071,0.83669,-0.2,0.68680,-0.049,0.791,-0.011,0.60962,0.11745,0.71253,-0.088,0.924,-0.015,0.887,0.038,1.027,-0.071,0.807,-0.04698
0,1,0.0,0.293,0.318,0,0,-0.154,-1,0.0,0.0,0.109,-0.075,0.0,0,0,0.0,0.0,0,0.0,0.0,0.006,0.586,-0.20000,0.33671,-0.066,0.233,0.069,-0.763,0.0,0.0,0.042,-1.293,0.0,0
1,1,0,0.88103,-0.00857,0.659,-0.029,1.023,-0.018,0.744,-0.12755,0.82208,-0.10932,1.252,0.017,0.757,-0.138,1.077,-0.041,0.753,-0.02358,1.292,-0.214,1.119,-0.176,0.92,-0.141,0.562,-0.147,1.185,-0.156,1.04,-0.18542,1.282,-0.16827
0,1,0.0,0.24,-0.418,0.0,0.0,0.0,0,0.59,0.427,0.644,0.02083,0,0,0,0.0,0.16458,-0.45417,0.502,-0.108,0.0,0.0,0.0,0.0,1.355,-0.40833,-1.189,-0.552,-0.285,-1.016,0.0,0.0,0.0,0
1,1,0,0.869,0.009,1.325,0.008,0.723,0.013,0.63,-0.10223,0.634,-0.12,0.894,-0.013,0.773,-0.08918,0.885,-0.062,1.079,-0.04024,0.773,-0.088,0.994,-0.15,0.697,-0.14138,0.5,-0.11808,0.85536,-0.074,1.178,-0.122,0.86786,-0.12235
0,1,0,0,0.0,1,0.12889,0.503,-0.013,0.0,0,1.033,-0.58,1.427,0.19556,0.988,-0.05,1.438,-0.861,0.0,0.0,0.552,-0.033,0.869,-0.241,0.0,0.0,0.834,-0.808,0,0.0,1,0.172,0.90667,-0.053
1,1,0.0,1.143,0.054,0.85143,-0.002,0.656,0.009,0.79571,-0.04286,1.288,0.0,0.85571,-0.06714,1.227,0.004,1.059,-0.05429,1.049,-0.06,0.799,-0.073,1.142,-0.044,0.543,-0.038,0.443,-0.08669,0.565,-0.09,0.81429,-0.074,0.632,-0.15143
0,1.487,0,0.0,0.0,0.0,0,0.0,0.0,0.0,0.0,0.0,0.0,-1.08,1.396,1,0.822,0,0.0,0.0,0,0,0.0,0.0,0.0,0.0,0.0,1,1.295,0.0,0,0,0.0,0,0.0
1,1,0,0.41,0.014,0.563,-0.09610,0.722,-0.059,0.447,0.096,0.574,0.049,0.294,-0.177,0.298,-0.048,0.742,-0.073,0.754,-0.008,0.401,-0.03377,0.49091,-0.01039,0.59221,0.0,0.46,-0.029,0.289,0.02,0.54545,-0.063,0.58961,-0.08571
0,0.0,0,0.0,0.0,0.0,0.0,0.0,0.0,0,0.0,0,0,0.0,0.0,0,0.0,0.0,0,0.0,0.0,0.0,0.0,0.0,0,0,0.0,1.274,-0.841,0.0,0.0,0.0,0,0,0.0
1,1,0.0,1,0.623,0.57,0.25000,0.328,1.253,0.167,0.91180,-0.094,0.872,-0.403,0.867,-0.469,0.219,-0.484,0.16709,-0.36676,0.00678,-0.368,-0.09025,-0.152,-0.147,-0.07782,-0.072,-0.016,-0.125,0.011,-0.082,0.025,-0.051,0.021,-0.02017
0,1,0.0,0,0.0,0.0,0.0,0.726,1,-1.489,-1.47,0.0,0.0,1,-0.11111,0.0,0.0,0.0,0.0,-1.057,1,1,0.947,1.186,-1.303,0.0,0.0,1,-0.503,0.0,0.0,0.0,0,1,0.575
1,0.568,0,0.533,0.38027,0.892,0.942,0.278,0.8,-0.024,1.317,-0.294,0.501,-0.473,0.401,-1.203,0.22735,-0.933,-0.147,-0.67474,-0.301,-0.194,-0.62861,-0.079,-0.771,0.15552,-0.66421,0.335,-0.444,0.357,-0.254,0.556,-0.05938,0.51460,0.16645
0,1.111,0,0.0,0,0.0,0.0,0.0,0.0,-1.328,1,0.0,0,1,0.37333,-0.12000,-0.119,0.0,0.0,-1,-0.827,0.0,0,1.041,-1,0.0,0.0,0.918,0.114,0.0,0.0,0.0,0.0,0.0,0.0
1,0.557,0,0.793,0.43491,0.59573,0.997,0.205,0.94537,-0.311,0.621,-0.707,0.388,-0.93,0.33652,-0.878,-0.05338,-0.77356,-0.247,-0.559,-1.067,-0.10237,-0.816,0.22,-0.65,0.741,-0.376,0.698,-0.24433,1.079,0.074,0.51,0.267,0.293,0.57656
1,1,0.0,0.447,0.031,0.137,0.3,0.132,0.519,-0.301,1.136,-0.136,0.19380,-0.61352,0.192,-0.691,-0.05409,-0.159,-0.154,-0.30315,-0.298,-0.139,-0.85597,0.025,-0.22786,0.299,-0.045,0.22,-0.145,0.27657,-0.075,0.15078,0.139,0.12197,0.176
1,1.005,0,0.607,0.438,0.688,0.422,0.082,0.89402,-0.174,0.455,-0.852,0.59564,-0.641,0.21909,-0.482,-0.24164,-0.59714,-0.594,-0.14,-1.185,0.08,-0.89064,0.51109,-0.912,1.106,-0.375,0.83008,0.08718,0.652,0.369,0.212,0.537,-0.024,0.767
1,1,0.0,0.62335,-0.03490,0.608,0.00481,0.705,-0.059,0.738,0.00963,0.871,-0.089,0.716,0.073,0.816,-0.071,0.795,0.046,0.819,0.0,0.613,0.142,0.466,0.045,0.845,0.14079,0.741,0.016,0.511,0.04452,0.61733,-0.00963,0.61372,-0.085
1,1.228,0,0.604,-0.02,0.755,0.027,0.656,0.16912,1.142,0.07721,0.931,0.43934,0.393,0.006,0.70772,0.236,0.791,0.059,0.468,0.05147,0.597,0.044,0.658,-0.272,0.72978,-0.15809,0.61727,0.085,0.343,0.079,0.503,0.07458,0.787,0.258
1,0.635,0.0,0.61538,0.18923,0.78157,0.009,0.751,0.017,0.559,-0.153,1.128,0.064,0.73961,0.036,0.663,0.05776,0.68615,-0.098,0.85,0.243,0.685,0.043,0.763,0.08041,0.349,-0.07231,0.663,0.089,0.502,0.196,0.53389,0.122,0.50609,0.099
1,0.512,0.0,0.813,0.05375,1.05,0.002,0.641,0.003,1.262,0.076,0.75813,0.052,0.791,0.00585,0.80738,0.00673,0.813,-0.12447,0.839,-0.035,1.018,0.013,0.486,0.00978,0.79632,-0.04,0.70824,0.012,0.62235,0.085,0.939,0.009,0.4,0.015
1,1,0.0,0.575,0.0,0.395,0.10435,0.27,0.076,0.46957,-0.03913,0.35652,-0.125,0.245,0.059,0.50435,0.024,0.35652,0.135,0.42174,0.099,0.595,-0.035,0.47,-0.147,0.453,-0.007,0.585,0.06908,0.436,0.049,0.449,0.19,0.44783,0.186
1,1,0.0,0.79830,0.064,0.533,0.276,0.679,0.378,0.829,0.295,0.952,0.50122,0.697,0.60814,0.661,0.58445,0.194,0.684,0.33,0.63548,0.117,0.888,0.023,0.72236,-0.068,0.463,-0.11925,0.748,-0.18226,0.742,-0.188,0.51701,-0.361,0.542
1,0.627,0.0,1,0.1,1,0.25101,0.98390,0.372,0.907,0.701,1.023,0.59,0.575,0.708,0.55311,0.373,0.29452,1.101,0.205,0.79777,0.066,1.176,-0.01734,0.529,-0.203,0.697,-0.235,0.845,-0.31713,0.60948,-0.462,0.392,-0.38,0.63
1,1,0.0,0.89410,0.13425,1.248,0.27,1.098,0.32,0.63388,0.694,0.763,0.71016,0.367,0.395,0.297,0.928,0.114,0.79598,-0.09,1.065,-0.243,0.341,-0.172,0.433,-0.265,0.316,-0.46215,0.601,-0.38,0.325,-0.52823,0.19172,-0.583,0.05972
1,1,0.0,1.26,0.139,0.90946,0.282,0.791,0.49960,0.437,0.49,0.657,0.46,0.346,0.803,0.30459,0.868,0.194,1.195,-0.006,0.742,-0.126,1.023,-0.184,0.82492,-0.244,0.76482,-0.457,0.66335,-0.67929,0.622,-1.043,0.42488,-0.626,0.26092
1,1.171,0.0,0.607,0.257,0.821,0.512,0.395,0.634,0.799,0.884,0.50376,0.976,0.2,1.045,0.15664,0.83558,0.00396,0.85210,-0.198,0.77853,-0.445,0.76193,-0.397,0.8,-0.585,0.411,-0.645,0.40972,-0.904,0.27338,-0.571,0.148,-0.499,0.05394
1,0.606,0.0,0.76627,0.11,0.327,0.548,0.626,0.52500,0.088,0.256,0.13753,0.456,-0.05,0.55,0,0.48636,-0.234,0.308,-0.381,0.326,-0.315,0.119,-0.309,0.07588,-0.258,-0.03229,-0.392,-0.127,-0.27540,-0.19714,-0.19962,-0.146,-0.11,-0.349
1,1.087,0.0,0.489,-0.872,0.872,0.658,0.81126,0.046,0.56623,0.16225,0.273,0.299,0.50331,0.102,0.63907,0.144,0.482,0.502,0.759,0.169,0.65232,0.274,0.967,0.107,0.51872,0.26653,0.49013,0.27687,0.467,0.386,0.64,0.295,0.579,0.422
1,1.072,0,0.619,0.095,0.832,-0.12144,1.119,0.082,0.911,0.006,0.541,-0.085,0.69070,0.12524,0.329,0.03985,0.542,-0.043,0.384,0.16888,1.053,0.07211,0.268,0.058,0.716,0.384,0.72,0.225,0.214,0.168,0.26,0.18897,0.56167,0.15180
1,0.571,0.0,0.84843,0.087,0.704,-0.022,0.603,-0.032,0.687,-0.056,0.42,-0.044,0.67260,-0.081,0.64260,-0.06438,0.39199,0.051,0.9,0.01394,0.55970,-0.052,0.378,-0.081,0.668,-0.22822,0.479,-0.131,0.38,-0.104,0.44277,-0.08,0.509,-0.09808
1,0.824,0,1,0.083,0.96775,-0.00482,0.96683,-0.005,0.764,-0.022,0.808,0.008,0.632,-0.021,0.797,-0.023,0.98497,0.013,0.901,-0.103,1.366,-0.031,0.999,-0.024,0.819,0.02003,1.244,-0.038,1.427,-0.05843,0.612,-0.02,0.92226,-0.03673
1,1,0,0.71,-0.103,0.319,-0.12371,0.605,-0.39175,0.929,0.07216,0.37,-0.119,0.44,0.087,0.349,-0.11856,0.611,0.079,0.71,-0.139,0.472,0.222,0.42268,0.08247,0.734,0.271,0.365,-0.169,0.2,-0.26289,0.47423,0.029,0.667,-0.44
1,1,0.0,0.375,-0.047,1.061,0.02968,0.623,0.36028,0.446,-0.007,0.5,0.061,0.593,-0.43418,0.754,0.54965,0.381,0.09,0.947,0.304,0.63279,-0.311,0.919,0.078,0.726,0.23095,0.718,0.103,0.61663,0.07621,0.66316,0.277,0.823,0.52
1,1,0.0,0.657,-0.042,0.869,0.016,0.486,0.022,0.395,0.013,0.577,-0.004,0.977,-0.04719,0.548,0.007,0.457,0.02472,0.923,-0.07416,0.56854,0.14157,0.507,-0.022,0.466,0.061,0.56588,0.00824,0.706,-0.03596,0.54607,0.136,0.792,-0.047
1,1,0.0,0.602,-0.008,0.978,-0.036,0.63107,-0.046,0.969,0.043,0.67314,0.09709,0.681,0.114,0.706,-0.015,0.751,-0.04531,0.46926,-0.082,0.526,0.14887,0.39159,0.215,0.468,-0.05502,0.533,0.001,0.328,-0.07,0.252,-0.08,0.30421,-0.035
1,1,0.0,0.68148,0.152,0.911,0.031,0.668,0.08148,0.709,-0.004,0.79012,0.089,0.687,0.026,0.62469,0.143,0.78272,-0.221,0.482,-0.108,0.48642,0.00988,0.744,0.081,0.614,-0.12840,0.835,-0.027,0.798,0.016,0.686,-0.058,0.4,-0.04691
1,1.404,0,0.60678,-0.017,0.721,0.04068,0.32,-0.04407,0.50508,0.027,0.936,-0.083,0.57966,-0.02034,0.535,0.066,0.64068,0.125,0.48,-0.015,0.322,0.006,1.033,-0.049,0.52881,-0.051,0.603,0.00750,0.565,-0.004,0.835,-0.019,0.501,0.074
1,1,0,0.476,0.05,0.19,0.069,0.184,0.0,0.672,-0.03,0.443,0.031,0.33495,0.057,0.52427,0.00485,0.328,-0.10680,0.43204,0.003,0.291,0.082,0.18932,0.179,0.232,-0.151,0.359,0.03815,0.41,0.222,0.306,0.0,0.543,-0.01942
1,0.629,0,0.98822,0.022,0.915,0.488,0.46,0.368,0.74706,0.48906,0.73584,0.51879,0.378,0.60179,0.254,0.679,0.277,0.756,0.393,0.68873,0.07515,0.899,0.032,0.591,-0.157,0.847,-0.125,0.683,-0.156,0.406,-0.31,0.309,-0.433,0.37465
1,1,0.0,0.97905,0.15810,0.72,0.473,0.82039,0.48561,0.685,0.614,0.377,0.598,0.488,0.649,0.234,1.208,0.041,0.953,-0.109,0.79749,-0.271,0.80754,-0.37835,0.796,-0.315,0.58324,-0.379,0.621,-0.438,0.456,-0.339,0.248,-0.348,0.02968
1,1,0.0,0.73,0.21677,0.91966,0.291,0.466,0.825,0.341,0.723,0.231,1.312,0.079,0.699,-0.057,0.721,-0.401,0.72073,-0.43707,0.859,-0.55769,0.48120,-0.654,0.402,-0.919,0.15908,-0.349,0.019,-0.759,-0.122,-0.37,-0.279,-0.47201,-0.35032
1,1.195,0,0.485,0.2,0.96132,0.209,0.495,0.56569,0.783,0.856,0.484,0.83230,0.133,0.89489,0.045,0.62,-0.201,0.83939,-0.42811,0.859,-0.329,0.755,-0.629,0.595,-0.631,0.30912,-0.567,0.15619,-0.896,-0.063,-0.812,-0.17921,-0.82,-0.393
1,1,0,1.142,0.387,0.582,0.491,0.58167,0.998,0.429,0.781,0.10797,0.918,-0.297,0.684,-0.39730,0.82163,-0.621,0.62867,-0.843,0.331,-0.588,0.273,-0.491,-0.039,-0.992,-0.144,-0.63237,-0.325,-0.339,-0.908,-0.273,-0.70835,-0.08937,-0.481
1,1,0.0,0.565,0.185,0.758,0.62233,0.283,0.94353,-0.03643,0.486,-0.129,0.75334,-0.197,0.441,-0.491,0.423,-0.66750,0.083,-0.508,-0.047,-0.81056,-0.086,-0.279,-0.618,-0.099,-0.53620,0.041,-0.303,0.285,-0.374,0.468,-0.30057,0.545,0.13297
1,1,0.0,0.29073,0.10025,0.292,0.219,0.023,0.259,0.12030,0.26316,0.043,0.286,-0.032,0.072,-0.041,0.047,-0.044,0.032,-0.05431,0.014,-0.029,-0.002,-0.02876,-0.012,-0.018,-0.022,-0.00886,-0.019,-0.003,-0.018,0.001,-0.00948,0.00290,-0.007
1,1,0.0,0.81,-0.22,0.658,0.298,0.795,-0.00564,0.986,0.24,0.701,-0.202,0.424,0.075,0.363,0.217,0.72368,-0.42669,0.527,0.04,0.998,0.29,0.717,-0.40977,0.64850,-0.04699,0.56836,-0.137,0.738,-0.155,0.113,-0.12218,0.539,-0.10309
1,1,0.0,0.427,0.184,0.831,0.06059,0.65829,0.093,0.337,0.12,0.518,0.283,0.402,0.12686,0.44747,0.146,0.181,0.02,0.417,0.216,0.32835,0.163,0.29495,0.14638,0.26436,0.086,0.353,0.14314,0.186,0.175,0.189,0.113,0.231,0.124
1,1,0.0,1.184,0.11933,1.008,0.007,0.85124,0.014,0.564,-0.002,0.444,0.072,0.83289,0.039,1.066,0.041,0.884,0.01943,0.80019,0.026,0.996,0.057,1.06,0.027,0.852,0.015,0.79058,0.081,0.88,0.118,0.566,0.07090,0.77269,0.07508
1,1,0,0.796,0.038,0.504,0.274,0.998,0.267,1.265,-0.08337,0.714,-0.017,1.047,-0.199,1.29,0.294,1.017,-0.053,1.113,-0.013,1.207,-0.376,0.78954,-0.25101,0.86661,-0.094,0.85967,-0.04,0.859,-0.04101,1.092,0.21812,0.875,0.09193
1,1,0.0,0.494,0.013,0.98994,0.085,0.906,0.072,0.599,-0.103,0.95842,0.017,1.003,-0.005,1.19,0.078,0.91482,0.035,0.417,0.014,0.493,-0.08048,1.485,0.0,0.71764,-0.01207,0.82271,0.037,0.727,-0.01073,1.31,0.147,1.022,0.02750
1,0.508,0.0,0.47337,0.19527,0.06213,-0.195,0.75,0.014,0.68,-0.051,0.465,0.025,0.406,0.297,0.77,-0.028,0.55621,0.12426,0.361,0.11538,0.414,0.02842,0.51183,-0.1,0.571,-0.017,0.46514,0.038,0.55,0.143,0.161,-0.209,0.485,-0.00296
1,1,0.0,0.314,0.14689,0.482,-0.13936,0.436,-0.118,0.61,0.02448,0.277,0.02825,0.516,-0.04,0.622,-0.14,0.51412,-0.189,1.153,-0.14313,0.688,-0.004,0.33333,0.055,0.56121,-0.185,0.764,-0.115,0.36,-0.02072,0.77,-0.311,0.688,-0.208
1,1.118,0.0,0.84713,-0.049,0.928,-0.08493,1.058,0.0,0.73673,-0.084,0.71975,-0.13588,0.461,-0.15,0.77495,-0.242,0.999,-0.193,0.334,-0.10191,1.168,-0.15711,0.89384,-0.039,1.162,-0.266,0.71,-0.253,0.669,-0.121,0.964,-0.37792,0.352,-0.292
1,1,0.0,1.02,-0.114,0.83424,0.075,0.84783,0.04076,1.058,-0.02174,0.624,-0.047,0.742,-0.146,0.492,-0.006,1.056,-0.20924,0.83424,0.019,0.533,-0.05978,1.099,-0.245,1.129,-0.18750,1.011,-0.10211,0.582,-0.028,0.903,-0.158,0.79,-0.006
1,1,0.0,0.7,-0.162,0.499,0.1,0.655,0.075,0.905,-0.11067,0.653,-0.256,0.457,-0.19170,1.008,0.057,0.63043,-0.002,0.63636,-0.11858,1.078,-0.197,0.859,-0.28656,0.481,-0.10474,0.818,-0.12041,0.829,-0.262,0.507,0.095,0.61067,-0.014
1,1,0,0.46785,0.088,0.311,0.009,0.55432,0.06874,0.47894,-0.191,0.535,0.01330,0.63858,-0.1,0.716,-0.026,0.54545,-0.1,0.39,-0.056,0.68,-0.126,0.50776,-0.189,0.305,-0.205,0.409,-0.079,0.556,-0.032,0.373,-0.141,0.615,-0.034
1,1,0.0,0.62,0.204,0.949,0.34,0.61559,0.391,0.38825,0.943,0.057,1.276,-0.19,0.565,-0.35737,0.482,-0.65114,0.62210,-0.799,0.649,-0.786,0.213,-0.83943,-0.117,-0.63,-0.26356,-0.71,-0.45511,-0.35,-0.324,-0.435,-0.653,-0.19312,-0.468
1,1,0.0,1.354,0.301,1.167,0.547,0.78,0.45,0.373,0.92651,0.04636,0.96748,-0.128,0.755,-0.77,0.81018,-0.73329,0.509,-0.538,0.326,-1.363,0.072,-0.93618,-0.104,-0.83192,-0.46906,-0.65165,-1.016,-0.233,-0.454,-0.085,-1.353,0.059,-0.497
1,1,0,0.937,0.30634,0.431,0.57816,0.34109,0.407,0.038,0.645,-0.12,0.692,-0.818,0.906,-0.69767,0.282,-0.81422,0.41195,-1,-0.006,-0.648,-0.414,-0.993,-0.543,-0.417,-0.647,-0.371,-1.148,-0.042,-0.576,0.365,-0.481,0.002,-0.81686
1,1.319,0.0,0.83479,0.28993,0.785,0.405,0.54,0.68381,0.164,0.66,-0.091,0.491,-0.35558,0.832,-0.695,0.85,-0.385,0.31291,-0.75821,0.029,-0.907,-0.13,-0.82,-0.39168,-0.28,-0.286,-0.121,-0.358,0.112,-0.61488,0.302,-0.48468,0.532,-0.35339
1,0.995,0.0,1.189,0.195,0.76168,0.789,0.49305,1.193,0.132,0.763,-0.185,1.031,-0.44,0.548,-0.70747,0.65490,-0.87474,0.269,-0.91814,0.049,-1.14,-0.35,-0.73969,-0.341,-0.50757,-0.827,-0.231,-0.621,0.07810,-0.655,0.246,-0.78057,0.468,-0.341
1,1,0.0,0.83367,0.31456,0.476,0.857,0.364,0.70677,0.17293,1.1,-0.138,0.79886,-0.292,0.66541,-0.68421,0.47744,-0.74725,0.224,-0.975,-0.045,-0.405,-0.23,-0.49,-0.622,-0.336,-0.497,-0.019,-1.022,0.223,-0.397,0.527,-0.456,0.754,-0.16
1,0.712,0.0,0.98455,-0.02736,1.053,-0.025,1.499,-0.108,1.245,0.014,0.952,-0.028,0.833,-0.045,0.634,-0.076,0.97396,-0.069,1.366,-0.12224,0.99294,-0.076,0.576,-0.094,1.293,-0.12,0.96653,-0.137,0.93469,-0.14916,0.818,-0.15755,0.972,-0.18800
1,1.236,0.0,0.925,-0.01,1.327,0.01001,0.501,-0.015,0.95878,-0.013,0.707,-0.03710,0.97173,-0.01767,1.313,-0.057,0.726,-0.052,0.95230,-0.055,1.1,-0.015,0.63,-0.031,0.885,-0.04476,0.481,-0.069,0.942,-0.062,0.91991,-0.07244,0.92049,-0.094
1,1,0,0.679,-0.14384,0.627,-0.00228,0.96575,-0.209,0.541,0.18265,0.691,0.001,0.551,-0.061,0.91324,-0.003,1.241,-0.08676,1.179,-0.209,0.959,0.098,0.802,-0.055,1.282,0.043,1.009,-0.09252,0.865,-0.167,0.847,-0.098,0.99,-0.21918
1,1,0.0,0.502,-0.027,0.516,0.076,0.52542,-0.16949,0.157,-0.01695,0.686,-0.151,0.609,0.185,0.86,-0.35593,0.657,0.01695,0.55932,0.027,0.801,0.30508,1.159,0.041,0.378,0.15254,0.592,-0.002,0.734,-0.026,1.183,-0.226,0.471,-0.10169
1,0.523,0,0.207,-0.33,0.279,0.206,0.38889,0.16667,0.41667,0.13889,0.5,-0.11111,0.642,-0.054,0.395,0.33333,0.55556,0.022,0.25000,-0.271,0.575,-0.047,0.433,-0.028,0.552,0.094,0.346,-0.203,0.118,-0.112,0.335,-0.108,0.119,-0.743
1,1,0.0,0.619,1.08,1.188,0.53810,0.813,1.116,0.37,0.342,0.33081,1.158,0.256,0.877,-0.198,1,-0.216,0.98722,-0.61382,0.512,-0.506,0.717,-1.084,0.439,-1,0.35175,-0.514,0.113,-0.662,-0.149,-0.615,-0.605,-0.91903,-0.65557
1,1,0.0,0.75564,0.603,0.604,0.54301,0.294,0.76,0.289,0.658,0.13469,1.164,-0.072,0.678,-0.389,1.121,-0.474,0.71161,-0.479,0.67989,-1.037,0.276,-0.79147,0.02,-1.305,-0.296,-1.017,-0.251,-0.873,-0.19185,-0.34131,-0.60454,-0.19,-0.38
1,1,0.0,1.248,0.46,0.407,0.58385,0.357,0.934,0.16470,0.82732,-0.13012,1.107,-0.395,0.414,-0.59435,0.676,-0.708,0.207,-0.724,0.03,-0.362,-0.353,-0.47412,-0.48905,-0.37298,-0.966,-0.033,-0.62691,0.123,-0.289,0.434,-0.236,0.368,-0.14
1,1.343,0.0,0.93658,0.35107,0.956,0.678,0.259,1.108,0.105,0.95776,-0.21775,1.439,-0.715,0.833,-0.55,0.456,-0.94,0.186,-0.58,-0.048,-0.594,-0.40949,-0.453,-0.67464,-0.217,-0.543,-0.04578,-0.91221,0.192,-0.85762,0.555,-0.69613,1.018,-0.446
1,1.296,0,0.825,0.36924,0.71976,0.956,0.215,1.124,-0.154,0.807,-0.31605,0.782,-0.66616,0.78766,-1.374,0.357,-0.686,0.111,-1,0.021,-0.813,-0.66278,-0.571,-1.159,-0.162,-0.545,0.28,-0.443,0.683,-0.70247,0.824,-0.296,0.76066,-0.091
1,1,0,0.865,0.152,0.668,-0.056,1,0.019,1.393,-0.134,1.412,-0.021,0.595,-0.026,1,-0.059,0.51,-0.07157,0.814,0.066,0.705,-0.098,1.152,-0.02685,0.832,-0.141,1.118,-0.06823,1,0.08299,1,-0.154,1.182,-0.104
1,1,0.0,0.632,-0.002,0.86421,-0.13244,1.224,-0.006,0.965,-0.51171,0.92441,0.106,1,-0.13,0.723,-0.013,1.266,-0.18,0.975,0.61739,0.733,-0.205,1.034,-0.11,0.451,-0.011,0.84132,-0.012,0.82427,-0.024,0.889,-0.025,0.573,-0.02039
1,1,0.0,0.592,0.442,0.563,0.6,0.584,0.898,0.121,0.83548,-0.16831,0.78772,-0.468,0.72328,-0.57165,0.418,-0.75436,0.207,-0.772,-0.079,-0.364,-0.233,-0.371,-0.349,-0.224,-0.723,0.017,-0.701,0.19030,-0.44,0.457,-0.23199,0.499,-0.08036
1,1,0,0.902,0.523,0.594,0.949,0.194,0.79784,0.038,0.847,-0.29784,0.86490,-0.833,0.905,-0.387,0.239,-1.024,0.08408,-0.836,-0.241,-0.727,-0.351,-0.369,-0.959,-0.138,-0.75533,0.131,-0.42,0.40675,-0.464,0.299,-0.36765,0.91,-0.13305
1,1.307,0.0,0.654,0.324,0.679,0.563,0.29521,1.046,-0.034,0.94415,-0.23,0.84605,-0.77660,0.58511,-1.311,0.143,-0.92282,-0.214,-0.663,-0.48404,-0.76,-0.76197,-0.14895,-1.027,0.203,-1.2,0.484,-0.728,0.74846,-0.489,1.2,-0.076,0.39,0.333
1,0.558,0.0,0.848,-0.227,0.753,-0.138,0.772,-0.10127,0.88608,0.009,0.978,0.06,1.159,0.032,0.84810,-0.026,0.63291,-0.36709,0.87342,-0.01266,1.164,0.062,0.996,0.196,0.546,-0.292,0.84637,-0.042,1,-0.089,0.541,0.014,1.195,-0.02532
1,1,0.0,0.74790,0.011,0.83312,0.021,0.96,0.023,0.86555,0.017,0.778,0.063,0.858,0.026,0.414,0.05407,0.724,0.285,0.84034,0.057,0.438,0.083,0.66,0.07577,0.86,0.08403,0.343,0.085,0.881,0.022,0.58187,0.097,0.55330,0.115
1,0.846,0.0,1.02,0.019,1.058,0.017,0.92046,0.02180,0.572,0.112,1.058,0.099,0.91161,0.047,0.90738,0.05,0.87339,0.032,0.864,0.0,0.89097,0.082,0.503,0.064,1.154,0.079,0.86923,0.08950,0.708,0.103,1.236,0.10134,0.571,0.10698
1,1,0.0,1,-0.016,1.351,-0.002,1.301,-0.012,1.372,-0.021,1,-0.022,1.252,-0.024,0.984,-0.035,0.99528,-0.03238,0.923,-0.042,0.978,-0.03881,1.367,-0.05039,1,-0.026,0.935,-0.033,1.372,-0.036,0.893,-0.084,0.98971,-0.06668
1,0.759,0,0.89505,-0.023,0.643,0.062,0.945,0.011,0.938,0.02772,0.91287,-0.007,0.874,-0.012,0.485,0.03366,1.33,0,0.94257,0.01,0.90495,0.005,0.88713,-0.014,1.245,0.016,1.065,0.01611,1.206,0.003,0.887,0.045,1.038,0.015
1,1,0.0,0.852,0.01773,1.45,-0.011,0.865,0.005,0.52,0.05674,0.673,0.03546,0.606,0.01064,1.391,0.051,0.804,-0.017,1.191,-0.03191,0.898,0.049,1.115,0.073,0.882,0.04610,1.24,0.023,0.94681,0.014,1.014,0.007,0.93617,0.02128
1,1,0,0.575,-0.358,0.371,0.007,0.45455,0.09091,0.905,0.048,0.308,-0.21212,0.358,0.221,0.512,0.0,0.774,0.041,0.769,0.024,0.78788,0.148,0.362,-0.15152,0.305,0.05929,0.274,0.06142,0.188,-0.031,0.603,0.034,0.39394,0.126
1,1,0.0,0.86689,0.464,0.422,0.511,0.37201,0.881,0.109,1.114,-0.211,0.86121,-0.51763,0.47,-0.444,0.581,-0.515,0.09898,-0.46,-0.13652,-0.372,-0.592,-0.312,-0.473,-0.02844,-0.437,0.09,-0.765,0.379,-0.37088,0.465,-0.19681,0.489,0.016
1,1,0,0.89563,0.391,0.758,0.589,0.35916,1.181,-0.04193,1.024,-0.296,0.461,-0.389,0.462,-0.885,0.22,-1.035,-0.04,-0.964,-0.201,-0.753,-0.62443,-0.266,-0.73855,0.059,-0.974,0.471,-0.445,0.667,-0.227,0.61217,-0.17343,0.792,0.08660
1,1,0.0,0.90547,0.41113,0.569,0.945,0.4,0.721,-0.107,1.252,-0.541,0.83263,-1.011,0.729,-0.901,0.168,-0.93001,-0.201,-1.018,-0.389,-0.245,-0.85205,-0.016,-0.728,0.248,-0.523,0.672,-0.61959,0.85977,-0.28123,0.56,0.105,0.554,0.46301
1,1,0,1.223,0.729,0.195,0.064,0.098,1.078,-0.344,1.391,-0.281,0.376,-0.57,0.269,-1.083,-0.08867,-0.359,-0.279,-0.46552,-1.06,-0.05419,-0.93596,0.376,-0.20443,0.454,-0.45950,0.84,-0.086,0.7,1,0.38670,0.003,0.247,1.078
1,1,0.0,0.638,0.51515,0.45455,0.354,0.037,0.545,-0.338,1.026,-0.45455,0.408,-0.609,0.0,-0.555,-0.073,-0.482,-0.345,-0.091,-0.513,0.48485,-0.626,0.57576,-0.6,0.846,-0.366,0.526,0.155,1.041,0.57576,0.24242,0.483,0.09091,0.33333
1,1,0.0,0.733,0.0,0.94817,-0.037,1.19,-0.006,0.90244,0.01829,1.058,0.012,1.108,0.00915,0.95732,0.00305,1.042,0.04,0.926,-0.017,1.075,0.031,0.683,0.065,0.99695,0.047,0.682,0.022,0.472,0.00915,0.697,0.068,0.679,-0.01220
1,1,0.0,0.486,0.117,0.79078,-0.059,0.789,-0.018,0.92908,0.01064,0.80142,0.091,1.155,-0.005,0.783,0,0.895,0.20213,0.487,-0.00709,0.899,0.007,1.041,0.076,0.686,0.1,0.89527,0.099,1.077,0.064,0.508,0.127,1.044,0
1,0.515,0.0,0.477,0.101,0.88706,0.008,0.983,0.022,0.768,-0.016,0.451,0.10638,1.183,0.02912,0.681,0.031,0.95745,0.07801,0.852,0.035,0.85597,0.031,0.678,0.054,0.474,0.108,0.83429,0.086,0.74468,-0.048,0.81710,0.082,1.09,0.07173
1,1,0,0.87578,0.023,1.337,0.005,0.57,0.00510,0.782,0,0.643,0.091,1.24,0.006,0.67,0.008,0.527,-0.051,0.72,0.02484,1.197,0.022,0.84,0.01749,0.735,-0.035,0.82111,0.029,0.81988,0.098,0.673,0.027,0.80088,0.013
1,1,0.0,0.718,0.008,1.192,0.01,0.615,0.01954,1.171,0.011,1.173,0.032,0.97158,0.033,0.654,0.04,1.402,0.026,1.121,0.05684,0.97158,0.056,0.767,0.05506,0.984,0.03552,0.868,0.06477,0.94849,0.098,0.951,0.06217,0.868,0.118
1,0.675,0.0,1,0.011,0.97,0.008,1.035,0.034,0.99448,-0.015,0.99448,-0.001,0.98343,0.032,1.105,0.00884,0.97569,0.007,1.447,0.01,1.292,0.005,0.883,0.026,1.405,-0.005,1.191,0.012,0.708,0.01547,0.98564,0.015,0.98674,0.02762
1,1.298,0.0,0.779,-0.012,1,0.009,1,-0.001,1,0.06264,0.837,0.029,1.08,0.02908,1.489,0.06488,0.577,0.043,1.195,0.022,0.99776,0.12,1.364,0.058,0.564,0.077,1.17,0.046,0.99105,0.08501,0.761,0.091,1.072,0.10067
1,0.567,0.0,0.893,0.227,0.67123,0.461,0.401,0.86399,0.017,1.309,-0.355,0.83713,-0.60316,0.744,-0.78658,0.521,-0.83285,-0.008,-0.408,-0.259,-0.367,-0.806,-0.19,-0.68126,0.011,-0.526,0.183,-0.60678,0.566,-0.277,0.54209,-0.222,0.562,0.02823
1,0.846,0.0,0.579,0.41786,0.47,0.551,0.30440,1.233,-0.20449,1.118,-0.654,0.562,-0.426,0.712,-0.96986,0.153,-1.296,-0.378,-0.70163,-0.65461,-0.401,-0.88999,0.081,-0.94172,0.44483,-0.508,0.488,-0.66,0.943,-0.167,0.87893,0.304,0.985,0.463
1,1.492,0.0,0.456,0.096,0.113,0.29308,0.14020,1.037,-0.349,0.91993,-0.098,0.269,-0.712,0.233,-0.601,-0.004,-0.215,-0.223,-0.419,-0.563,-0.14426,-0.732,0.132,-0.28916,0.235,-0.219,0.383,-0.124,0.31005,0.038,0.21443,0.20540,0.13376,0.26422
1,1.102,0.0,0.765,0.43617,0.44681,0.508,0.049,0.563,-0.328,1.059,-0.796,0.347,-0.84211,0.052,-0.82811,-0.366,-0.47032,-0.903,-0.056,-0.929,0.23292,-0.76316,0.56663,-0.613,0.74300,-0.239,0.921,0.125,0.23,0.78,0.15,0.993,-0.136,0.74356
1,1,0.0,0.28,0.059,0.04198,0.222,-0.121,0.364,-0.18321,-0.2,-0.41985,0.06107,-0.45420,0.126,-0.237,-0.458,-0.114,-0.39695,0.24,-0.17557,0.311,-0.138,0.244,-0.184,0.136,0.24692,0.052,0.44,-0.03817,0.261,-0.135,0.247,-0.275,-0.339
1,0.768,0,0.914,0.001,1.449,0.0,0.653,-0.001,0.951,0.02394,1.099,0.017,0.97888,0.046,1.184,0.024,1.369,0.029,0.93552,0.074,0.97738,0.029,0.929,0.06241,0.526,0.08107,0.84,0.043,0.95701,0.108,1.006,0.08126,0.682,0.08616
1,1,0.0,0.82254,-0.078,0.409,0.002,0.821,-0.017,0.86821,-0.07514,0.72832,-0.164,0.618,0.054,0.685,-0.07399,0.867,0.097,0.393,0.083,0.622,-0.021,1.176,-0.072,0.584,-0.033,0.884,-0.02731,0.674,-0.082,0.397,-0.04220,0.78439,0.01214
1,0.848,0,0.35346,-0.094,0.69387,-0.017,0.375,-0.027,0.55717,-0.06119,0.775,-0.102,0.633,-0.093,0.458,-0.055,0.598,-0.26409,0.58213,0.049,0.34,-0.046,0.46241,-0.079,0.347,-0.00564,0.39,-0.05,0.315,-0.105,0.304,-0.107,0.148,-0.08300
1,1.104,0.0,0.85,0.012,0.86335,0.00258,1.104,0.002,0.933,0.02304,1.115,0.12068,0.83096,0.01,0.887,0.012,1.221,-0.067,0.412,0.03881,0.419,0.013,0.684,0.01232,0.906,-0.00303,0.965,0.01375,0.846,0.009,0.408,0.01484,0.825,0.02
1,1.2,0,0.411,-0.015,1.117,0.074,0.691,0.585,0.756,-0.00273,0.67,-0.08,0.40164,-0.48907,0.343,0.398,0.883,0.31831,0.635,0.11339,0.402,-0.44945,0.902,0.009,0.836,0.081,0.911,0.142,0.87568,0.056,0.803,0.297,0.13934,0.48087
1,0.929,0.0,0.659,0.114,0.954,-0.201,1.164,-0.072,0.90441,-0.05,0.64,0.13130,1.017,0.066,1.071,-0.118,1.223,-0.02101,0.96639,0.06618,0.504,0.01,0.77521,0.06618,0.496,-0.047,0.83479,0.001,0.937,0.125,0.86660,-0.084,0.90546,-0.059
1,1,0.0,0.95113,0.003,0.961,-0.019,0.93438,-0.01920,0.94590,0.019,0.711,0.03281,0.956,0.099,0.94625,-0.008,1.355,0.001,1.001,0.067,0.489,0.065,0.684,0.138,0.718,0.01361,1.021,0.039,0.865,0.116,0.94066,-0.0,0.636,0.04712
1,1.45,0.0,1.257,-0.0,1.329,-0.033,0.95177,-0.03431,0.71,0.02446,0.583,0.017,0.92595,0.04688,0.92,-0.012,0.763,0.012,0.6,0.01393,0.91406,0.08,0.602,0.038,0.577,0.017,0.651,0.016,0.92120,0.032,1.216,0.00442,0.876,-0.00577
1,1,0.0,1.178,-0.009,0.98122,-0.02,0.95691,-0.03646,0.85746,0.00110,0.494,-0.02,0.915,-0.01436,0.74,-0.066,0.91381,-0.005,1.194,-0.193,0.552,0.018,0.481,-0.028,0.514,-0.03,0.527,-0.07,0.82983,-0.237,1.396,-0.024,0.87403,-0.129
1,1,0,0.811,0.177,0.955,-0.06151,0.587,0.115,0.944,-0.107,0.94,0.06678,0.80668,-0.005,0.692,-0.009,1.107,-0.046,0.511,-0.044,0.527,-0.09490,0.545,0.026,0.63,-0.15114,0.81147,-0.04822,0.519,-0.005,0.75747,-0.094,0.744,-0.046
