1,1,0.0,0.749,-0.083,0.85243,0.013,0.596,-0.37708,1.07,0.03760,0.724,-0.096,0.761,-0.246,0.799,-0.43,0.611,-0.397,0.58212,-0.24,0.646,-0.253,0.36946,-0.52,0.334,-0.67,0.597,-0.351,0.21266,-0.41,0.563,-0.54487,0.118,-0.45300
0,1,0,0.655,-0.138,0.671,-0.36156,-0.108,-0.737,1.269,-0.028,0.313,-0.383,0.34432,-0.771,-0.684,-1.233,0.05499,-0.425,0.265,-1,-0.123,-0.582,-0.18056,-0.383,-0.211,-0.156,-0.154,-0.261,-0.19040,-0.09,-0.145,-0.084,-0.176,-0.02447
1,1,0.0,1.248,-0.03365,1.466,0.00485,1.042,-0.12062,0.622,0.01,0.841,0.079,0.85443,0.012,0.46,0.00299,0.772,-0.159,0.879,-0.084,0.70887,-0.27502,0.548,-0.088,0.418,-0.544,0.314,-0.22145,0.458,-0.161,0.602,-0.182,0.499,-0.468
0,1,0,1.442,-0.273,0.721,1,0.454,-1.415,0.0,0,0.0,0.0,0.0,0.0,-1.053,0.108,0.54094,-0.39330,-0.999,-0.787,-0.428,1.173,0.0,0.0,1,0.986,0.554,1.272,1.005,-0.122,0.183,1,-0.274,1
1,1,0.0,0.679,-0.028,0.655,0.084,0.92106,-0.162,0.765,-0.113,0.52798,-0.241,0.667,-0.00712,0.465,-0.27457,0.403,-0.21780,0.266,-0.191,0.057,-0.371,0.02309,-0.529,0.048,-0.641,0.069,-0.28,0.03,-0.62197,-0.06,-0.839,-0.04608,-0.547
0,1,0.0,0.021,-0.00592,-0.09924,-0.095,-0.007,-0.11824,0.179,0.068,0.052,-0.057,0,0.0,-0.033,-0.148,-0.003,-0.123,-0.101,-0.05414,0.012,0.026,0.01519,0.006,0.027,-0.008,-0.027,0.09223,-0.095,0.01,0.0,0.0,-0.001,0.12011
1,0.64,0,0.932,-0.14,0.94601,-0.20800,0.721,-0.383,1.16,-0.222,0.702,-0.47929,1.049,-0.472,0.461,-0.512,0.807,-0.759,0.3,-0.4,0.36324,-0.56,0.474,-1.18,0.253,-0.421,0.13659,-0.934,0.048,-0.542,-0.061,-0.81318,-0.13832,-0.80975
0,0.0,0.0,0,0.0,0.0,0.0,0.96,-1.17,0,0.0,-1.006,-1,0,0.0,0.0,0.0,0.84,1,-1.143,-1,0.0,0.0,0.0,0.0,0.523,1,0.512,1.217,0.0,0,0.639,0.89,0.0,0
1,1.179,0.0,0.964,-0.076,1,-0.14333,1.318,-0.21313,1,-0.437,1.339,-0.601,1.044,-0.583,0.90392,-0.338,1.186,-0.487,0.84537,-0.478,0.872,-0.744,0.69637,-0.42,0.864,-0.782,0.57577,-0.793,0.302,-0.69,0.332,-0.448,0.2,-0.73420
0,0.701,0,-0.011,-0.072,0.0,0.0,0.0,0,0.094,-0.26810,-0.45663,-0.38172,0.0,0.0,-0.282,0.375,-0.451,0.15018,0.488,0.229,0.0,0.0,0.0,0.0,-0.14803,-0.02,0.178,-0.02294,0,0.0,0.095,0.145,-0.112,0.257
1,1.28,0.0,1.273,0.06655,0.564,-0.197,0.761,-0.27320,0.715,-0.295,1.251,-0.618,1.292,-0.391,1.178,-0.311,0.89230,-0.84,0.69876,-0.70997,1.052,-0.76320,0.569,-0.63,0.566,-0.89128,0.553,-0.662,0.243,-0.588,0.198,-0.92,0.22995,-0.89158
0,0.698,0,1,-0.737,1.009,-1.405,0.683,-1,0.52,0.469,1.397,-0.271,1.24,1,1.179,-0.844,1.483,-0.29354,1.009,-1.19,1,0.998,1,1,0.733,-0.58,0.619,-0.493,1.491,-0.695,1,-0.892,0.589,-0.567
1,0.615,0.0,0.643,-0.227,0.618,-0.11,1.195,-0.15197,1,-0.223,1.328,-0.35151,1.315,-0.29785,1.147,-0.477,0.94486,-0.263,0.656,-0.301,1.202,-0.529,0.718,-0.51220,0.711,-0.567,0.76224,-0.871,0.65723,-0.68794,0.954,-0.722,0.538,-0.709
0,0.508,0.0,1.081,-0.442,1.08,0.262,0.696,-0.364,0.733,-0.14,1.008,0.35147,0.728,0.055,1.102,-0.171,1,-1.321,1,-1.392,0.61831,0.15803,1,0.62349,0.668,-0.214,1,0.238,1.152,-0.396,0.966,1.144,0.661,-0.18826
1,1,0,0.728,0.104,0.526,0.045,1,-0.05563,1.283,0.108,1.091,0.229,1.289,0.20328,1.157,0.12785,1.149,0.135,0.911,0.27087,0.853,0.451,1.104,0.514,1.024,0.237,0.679,0.551,0.95603,0.392,1,0.467,1.285,0.642
0,0.88,0.0,0.321,-0.93996,1,0.162,-0.032,-0.933,1,-1,0.637,-1.025,0,0.0,-1.403,-0.276,-0.37681,0.031,1,-1.022,0.0,0.0,0.0,0.0,-0.114,0.463,0.39752,0.263,0.0,0.0,1.238,0.302,0,0.0
1,1,0.0,1.325,0.094,1.159,-0.01236,1.038,0.023,0.965,0.02312,1.481,0.07808,0.701,0.10346,1.36,0.031,0.451,0.11120,1.204,0.089,0.596,0.141,0.83668,0.076,0.709,0.088,0.655,0.157,0.952,0.215,0.716,0.15930,0.545,0.12015
0,0.0,0,0.0,0.0,-0.683,-0.978,1.43,1.018,-0.512,0.567,-1.243,1.076,0.765,-0.502,1,0.848,-1.02,-0.938,-1,1,1.414,-1,-1,0.943,-1.254,0.549,1,-1.307,-1,0.69,-1.078,-1,0.525,-0.717
1,0.88,0,0.643,0.037,0.852,0.05031,0.672,0.255,0.09,0.397,0.346,0.12131,0.62099,0.108,0.424,0.119,0.571,0.124,0.191,0.461,0.53888,0.248,0.397,0.206,0.668,0.236,0.46167,0.24618,0.43433,0.25306,0.525,0.26,1.296,0.365
0,0,0.0,1,-0.874,0.0,0.0,0.0,0.0,0.724,0.902,1,-1.327,-0.71875,0.569,0.0,0.0,-1.074,1,1.371,1,-0.677,1.207,1,0.775,-0.846,0.832,1,0.615,1.029,-1.437,1.287,1.15,1.394,1
1,1,0.0,1,-0.005,1.322,-0.097,0.978,-0.07649,1.081,-0.137,0.78,-0.121,1.38,-0.205,0.901,-0.214,0.92124,-0.228,0.86473,-0.34534,1.239,-0.529,0.96060,-0.524,1.119,-0.232,0.82681,-0.574,1.04,-0.382,0.754,-0.377,0.439,-0.45039
0,0,0.0,1.116,0.616,0,0.0,0.0,0.0,-1.394,-1.223,0.0,0.0,0.0,0.0,-1.252,-1,-1,-0.645,-1.056,1,-0.929,1,0.0,0,0,0.0,0.735,-1.196,-1.196,1.42,-1,0.74,-1.092,0.695
1,1,0.0,0.96071,0.048,0.704,0.034,1.45,0.091,0.90169,-0.032,1.273,0.026,0.443,-0.035,0.671,0.09831,0.735,0.003,0.989,-0.055,0.65961,-0.051,0.398,-0.085,0.55677,-0.048,0.61,-0.029,0.49664,-0.014,0.51310,-0.0,0.52099,-0.001
0,0,0.0,-1.461,0.628,0.0,0.0,0,0.0,-0.53,1,1.454,1.44,0.0,0.0,0,0.0,1,-0.816,-1.028,1.3,1,0.794,0.0,0.0,-1.46,-0.902,1,-1,0.525,1.478,-0.622,0.98,0.0,0
1,0.867,0.0,0.663,-0.08,1.291,0.022,1.007,-0.05131,1,-0.015,0.588,-0.085,0.495,-0.034,1.344,-0.06598,0.69170,-0.087,0.629,-0.156,0.94910,-0.31558,0.965,-0.444,0.84932,-0.34838,1.014,-0.367,0.6,-0.409,0.54356,-0.176,0.662,-0.518
0,1,0.0,0.578,0.57820,1,-0.852,0.995,-0.588,1.331,-1,1.31,-1.273,1.454,-0.745,1,-0.54,0.752,-0.849,0.632,-1,1,-0.455,1.319,-1.318,0.547,-1.202,1.07,-1.406,0.714,-1,1.134,-1.126,0.761,-1
1,1,0,0.733,-0.076,1.072,-0.106,1.096,-0.656,0.983,0.345,0.95473,-0.321,0.88486,-0.406,0.6,-0.154,0.585,-0.688,0.12245,-1.269,1.195,0.087,0.883,-0.59,0.55389,-1.065,0.449,-0.51,0.249,-0.89674,0.32984,-1.231,-0.18,-1
0,0.0,0.0,-1.042,-0.921,0.0,0.0,-0.729,1.393,1,-0.398,0,0.0,0.0,0.0,0.0,0.0,0.891,-1,-1.166,-0.7,0.605,-1,0.0,0,1,-0.996,-0.532,1.223,-0.816,-1,0.0,0.0,-1,1
1,1.499,0.0,0.721,0.098,0.747,0.175,1,-0.188,0.98172,0.701,1,0.691,0.964,0.59,1.272,0.598,1.328,0.875,1,0.95099,1.173,0.638,1.033,0.605,0.984,0.712,0.83899,1.445,0.943,1,0.64358,1,0.321,1.289
0,0,0,-1,-1.19,1,1.045,0.641,-1,-1,1.183,1.454,-0.983,-1.409,-0.992,0,0.0,1.18,1.353,-1.073,-1.042,0.679,-0.589,0.686,-0.832,1,0.697,0.527,-0.761,0.519,-1.001,-1,0.696,1.236,-1.22
1,0.799,0,1,-0.14236,1.293,-0.115,1,-0.23656,1.025,-0.104,0.872,-0.232,0.892,-0.134,0.727,-0.216,0.954,-0.243,1,-0.561,1.21,-0.249,0.959,-0.854,1,-0.451,0.886,-0.561,1,-0.416,0.78,-0.629,0.753,-0.84437
0,1.349,0,1.036,-1,0.833,0.955,1.48,-1,0.64,-1.486,1.349,-0.88,1.11,-0.026,1.425,-0.618,1.115,1,0.811,-0.703,0.515,0.658,1,-1,0,0.0,0.777,1,0.793,-0.579,1.321,1.341,1,0.543
1,0.512,0.0,0.555,-0.119,0.831,-0.11057,0.926,-0.16450,0.88307,-0.103,0.743,-0.385,0.85269,-0.285,0.72,-0.188,0.80681,-0.477,0.916,-0.537,0.70555,-0.453,0.41,-0.459,0.874,-0.563,0.56804,-0.37,0.50179,-0.554,0.38,-0.816,0.42189,-0.712
0,1.137,0.0,0.875,-0.036,0.493,-0.167,0.98019,-0.069,0.734,-0.141,1,-0.056,0.637,1,0.83726,-1.0,0.798,-0.17863,0.892,-0.187,-0.371,0.92730,0.51933,0.065,0.65493,-0.215,0.573,-0.42,0.77,-0.254,0.86136,-0.572,-0.335,-1.318
1,0.861,0,0.675,-0.15899,0.72314,0.148,0.83443,-0.5,1,-0.402,0.9,-0.287,1.185,-0.12527,0.448,0.216,0.701,0.47,1.035,0.26590,0.96354,-0.025,0.67,-0.699,0.93,0.14803,0.819,-0.141,0.603,-0.07,0.779,0.448,1.364,-0.372
0,0.564,0.0,0.66161,-1.273,1.494,1.013,0.64,-0.67321,0.80893,-0.473,1,-0.783,1.125,-0.612,0.604,0.559,0.22,0.909,1,0.597,1,0.599,1,-0.715,1,0.771,0.754,-0.128,0.991,-0.487,0.527,0.7,1.264,0.34732
1,1.483,0.0,0.998,0.005,0.786,-0.014,1,-0.022,1.009,-0.04,0.668,-0.087,0.844,-0.077,0.573,-0.071,1.199,-0.194,0.94184,-0.201,0.99589,-0.181,0.957,-0.13565,1.334,-0.145,0.89067,-0.17909,0.85644,-0.252,0.551,-0.124,0.83867,-0.20766
0,0.0,0.0,0.832,0.643,1.492,-0.693,0,0,0.0,0.0,-1.397,-1.182,0,0.0,0.0,0.0,-1,1.224,1.386,1,-1,0.615,-1.412,1.159,1.119,-1.082,0.618,1.054,-1,0.865,1.392,1,0.0,0
1,1.008,0,0.833,0.05,0.94191,0.021,0.94705,0.05345,0.557,0.009,0.91911,0.06348,0.471,0.062,1.159,0.06211,0.96,0.067,0.972,0.14439,0.933,0.078,0.565,0.184,0.551,0.075,0.73550,0.094,0.877,0.18,0.577,0.116,0.719,0.111
0,1,0.0,1.166,0.037,1.02,0.062,0.97545,0.091,0.873,-0.806,1.252,0.102,1.14,0.53640,0.82077,0.174,0.884,0.15189,1,0.278,0.664,0.16371,0.773,0.18,0.54446,0.202,0.445,0.211,0.625,0.17,0.327,0.173,1.157,1
1,1,0,0.701,0.058,1,0.238,1.194,0.202,0.93051,0.32213,0.86773,0.439,1.121,0.28,0.399,0.33,0.858,0.877,0.35,0.547,0.474,0.541,0.415,0.68840,0.482,0.72082,0.284,0.54,0.198,1.03,0.141,0.678,0.103,0.71444
0,1,0,-0.73,-0.872,1.4,1.492,1.444,-0.203,0,0.0,-1,0.508,0.528,1,0.214,-1.204,-1,-0.659,0.072,-1.399,1.004,-0.784,-1.152,1.061,-1.027,-1,0.717,-0.929,-1,-0.91,1,1.159,0.0,0.0
1,0.549,0,0.98,0.06,0.597,0.094,1.076,0.208,0.562,0.68154,0.70207,0.36719,0.159,0.403,0.541,0.659,0.51067,0.49618,0.413,0.12967,0.289,0.462,0.157,0.286,0.191,0.703,0.165,0.297,0.12635,0.318,0.098,0.548,0.124,0.67739
0,1,0,-0.629,-1.361,1.118,0.624,1,-1.279,1.368,-0.272,1.01,0.657,0.958,-0.37679,0.911,-1.166,0.772,0.122,1,-1.074,1,-0.05,-0.931,1.02,0.29,0.85714,1.174,1.296,0.544,-1.328,1,-1.084,1.291,-1
1,0.808,0.0,0.99025,-0.079,0.722,-0.11,0.98663,-0.12,0.99374,-0.297,0.628,-0.42,0.835,-0.37965,1.238,-0.249,0.874,-0.756,1.16,-0.655,0.423,-0.86,0.74725,-0.538,0.68282,-0.68479,0.839,-0.884,0.533,-0.879,0.54752,-0.933,0.303,-0.83245
0,0.0,0.0,0.0,0.0,0.0,0.0,0.0,0,1.367,0.78,1.2,0.937,0,0.0,0.0,0.0,-0.515,-1.252,-1,-1,0,0,0.0,0,-0.52,-1.351,-1.37,-0.591,-0.901,0.929,0.576,0,0.0,0
1,1.368,0.0,1.015,-0.03730,0.737,-0.088,1.052,-0.068,0.765,-0.09931,1.379,-0.13814,0.96674,-0.171,0.95288,-0.307,0.633,-0.34400,1.22,-0.359,0.666,-0.415,0.611,-0.534,0.556,-0.469,0.772,-0.435,0.81433,-0.42593,0.411,-0.371,0.552,-0.50152
0,0.614,0.0,0.94598,-0.02685,-1,0.251,-0.36393,0.265,0.439,-0.406,1.426,-0.027,-0.233,-0.003,-0.782,0.096,0.719,-0.46270,0.622,-0.50424,-0.332,-0.31454,-0.698,0.542,0.874,-0.46734,0.368,-0.765,1,-0.601,-0.065,0.215,-0.035,0.556
1,1,0.0,0.54,0.00874,1.276,-0.02,0.97565,-0.034,0.986,-0.06971,1.445,-0.024,1.4,-0.07,0.762,-0.093,0.94217,-0.11583,0.632,-0.119,0.88274,-0.103,1.254,-0.258,1.274,-0.103,1.221,-0.309,0.443,-0.215,0.76911,-0.276,0.729,-0.23902
0,1,0.0,0.0,0.0,1.297,0.51724,0,0.0,0.10991,-0.82,0,0.0,0,0.0,-1,-0.131,-0.731,-0.994,0.737,0.371,0.0,0.0,0.567,0.35668,-1.267,0.3,0.874,-1.259,-0.867,0.613,0.0,0,0.0,0.0
1,1.31,0.0,1.12,-0.197,0.434,0.025,0.667,-0.003,0.87947,0.13795,0.469,-0.013,0.484,0.623,0.495,-0.363,0.75000,-0.29520,1.142,-0.226,1,1,0.615,-0.139,0.685,-0.02778,0.93358,-0.016,0.815,-0.243,0.629,-0.374,0.548,-0.01425
0,0.0,0.0,1,1.416,0.683,-0.655,0,0.0,0.0,0.0,0.776,0.788,0.733,1.265,-1,-1.036,1,-1,-1,0.802,0.0,0.0,1.072,-0.613,0.565,-1,0.589,1.248,-1,-0.752,0.0,0.0,0,0.0
1,1.263,0.0,0.921,1.393,0.842,1,0.91010,1,-0.251,0.983,-0.83152,0.891,-1.053,1.163,-0.816,0.72526,-1.486,-0.602,-1.466,-0.42052,-0.7,-0.532,-0.385,-0.996,1.049,-1.223,0.605,-0.653,1,-1,0.752,-0.399,0.727,0.34845
0,1,0.0,-0.793,-1.289,-1.499,0.747,0.638,0.889,0.03515,-1.261,-1,-1.087,1.272,0.605,0.75,-0.612,-1,1.442,0.83840,1.074,0.712,-1.005,-1,-0.999,-0.267,1.328,0.964,-0.721,-1.057,-1.19,-1.173,1,1,0.33611
1,1,0,0.728,0.055,0.967,-0.08,0.676,-0.083,0.566,-0.07,0.99,0.009,0.503,-0.175,0.491,-0.19497,0.958,-0.268,1.069,-0.261,1.237,-0.333,1.063,-0.205,0.99899,-0.592,0.87244,-0.34586,1.138,-0.307,0.83951,-0.39061,0.527,-0.41173
0,1,0.0,0.119,-0.13,-1.387,1,-1,0.512,0.71875,0.532,-0.737,-0.602,-1.431,-0.78,-0.7,0.954,-0.023,0.719,-0.432,-0.42113,-0.706,-1,-1,-0.257,-0.872,0.23810,1.293,-0.983,-0.753,-0.275,-1,-0.892,-0.799,0.571
1,1,0.0,0.658,-0.02,1.321,-0.029,0.821,-0.09,1.132,-0.08799,0.618,0.758,0.777,-0.172,0.732,-0.118,1.11,0.32407,1.486,-0.261,0.99484,-0.18949,1.332,-0.208,1,-0.92284,0.973,-0.21793,0.834,-0.122,0.78479,-0.181,0.707,-0.118
0,0,0.0,-0.917,1,1.217,-0.812,-0.639,1,0.0,0.0,1,0.512,-1,-0.173,0.84,0.89,-1.143,-1,0.629,-0.807,-1.422,-1.17,0.677,1.225,1,-1,0.615,1.425,0.606,1.419,0.0,0.0,-1,-0.906
1,1.016,0.0,0.97,0.07,0.486,0.106,1.38,0.13231,0.736,-0.01911,1.098,0.076,0.95713,0.14644,1.127,0.073,1.034,0.20119,1.156,0.16265,0.817,0.168,0.662,0.226,0.91667,0.324,0.933,0.23571,1.088,0.249,0.78324,0.296,1.102,0.206
0,1,0,0.17188,-0.861,-1,1.195,0.0,0.0,0.0,0,-0.675,0.93,0.0,0.0,-0.796,-0.518,0.80521,0.374,0.77,0.104,0.0,0,-1,-0.174,-0.763,1.313,1,0.629,-0.701,0.58,0.0,0.0,0.0,0.0
1,1.072,0.0,1,0.133,0.698,0.083,1.013,0.172,1.018,0.09237,0.94930,0.101,0.712,0.326,0.571,0.28343,1.095,0.191,0.505,0.388,0.83393,0.31698,1.114,0.495,0.596,0.34658,0.865,0.322,0.62764,0.259,0.848,0.425,0.381,0.50903
0,1,0.0,0.01667,-0.35625,0,0.0,0,0.0,0.0,0,0.0,0.0,0.0,0.0,0.145,-0.55000,0.34,0.82813,0.695,-0.594,0.0,0.0,0.106,-0.567,-0.107,-0.122,0.658,-0.523,-1.24,0.117,0.0,0.0,1,-0.23
1,1,0.0,1,0.199,0.723,0.231,0.608,0.313,0.91759,0.316,0.91408,0.515,0.729,0.653,0.561,0.682,0.553,0.664,0.65091,0.35,0.56553,0.58071,0.601,0.75,0.721,0.467,0.484,0.428,0.376,0.76147,0.282,0.931,0.266,0.78685
0,0.51,0,0.63816,0.728,0.24,-1.102,1.08,0.966,0.581,0.359,-0.865,1,-0.06,0.58772,0.02,0.033,-0.471,-0.508,0.188,-0.03,0.384,-0.293,-1,1.161,1.019,-1.081,1,-0.05,0.733,1,0.123,-1,0.526,1
1,1.182,0.0,0.728,-0.528,0.806,0.979,0.95,0.18593,1.024,-0.09925,1.036,0.66,0.84,-0.231,1.149,0.00879,0.889,-0.458,0.985,-0.166,1.245,-0.19095,1,-0.12312,0.928,0.132,1.198,-0.096,1,-0.317,0.43970,0.169,0.51382,-0.081
0,1,0.0,0.881,0.093,1.024,0.487,1,-1.147,0.939,0.08424,1.238,0.394,1.022,0.761,0.502,0.215,0.746,0.02672,0.368,-0.331,0.933,0.63496,0.89130,0.272,1.314,-0.491,0.907,0.15942,0.37681,-0.029,0.701,0.181,1,0.487
1,1,0.0,1.493,0.28046,1.071,0.018,0.868,0.11,1,0.047,0.927,0.38,1,0.032,0.745,0.048,0.835,-0.278,0.826,-0.116,1.161,0.04150,0.99933,0.27376,0.563,-0.283,0.823,-0.016,0.86747,0.3,0.64,-0.323,1.013,-0.07329
0,0.0,0.0,1.429,-0.602,0.661,-1.465,1.294,-1.425,1.305,-1,0.788,0.839,1.057,1,1.108,-1.297,1.305,1.332,1.227,1.302,1.31,1.239,1,-0.993,0.851,-1,1.005,-1,1,0.65625,0,0,0.957,-0.738
1,1,0.0,0.699,0.922,0.899,0.937,0.43019,1.313,0.248,0.858,-0.61,1.185,-0.869,0.699,-1,0.40268,-0.197,-0.524,-0.97907,-0.244,-0.73083,-0.789,-0.397,-1.173,0.41366,-1.245,0.527,-1.073,0.25773,-0.632,0.742,-0.35222,0.583,0.02
0,0.708,0.0,0.716,1.331,0.888,-1.136,1,-1.196,0.652,0.795,0.759,0.956,1,1.016,1.096,-1,1.269,1,0.614,1,1.397,0.661,1,1.424,1.303,0.808,0.584,0.508,0.0,0,1.425,-1,0.734,-1
1,1,0.0,0.79,0.03529,1,0.093,0.614,0.348,1,0.193,0.985,0.28778,0.818,0.455,1,0.363,0.611,0.854,0.596,0.376,1.037,0.308,1,0.702,0.941,0.446,0.867,0.377,0.464,0.67149,0.873,0.908,0.61,0.75837
0,0.0,0.0,1.293,-0.837,1,1.147,-0.953,-0.636,1,-0.552,0.0,0.0,0.0,0.0,-1.154,0.888,1,-1.441,1.218,-0.703,-0.75000,1,0.985,-1,0.762,-1,0.727,-1.186,-1.382,-0.615,0.0,0,1.226,-1
1,1.099,0.0,1.238,0.048,0.964,0.103,0.96026,0.154,0.521,0.515,1.121,0.516,1.255,0.554,0.441,0.58794,0.73242,0.69065,0.69003,0.969,0.54473,0.519,0.537,1.092,0.498,0.74689,0.283,0.83796,0.342,0.821,0.156,0.86835,0.065,0.687
0,1.175,0.0,1.038,0.38889,0.0,0.0,-0.345,0.596,0.0,0.0,0.0,0,0.0,0,0.163,-0.286,0.146,0.156,0.46429,0.783,0.0,0,0.0,0.0,0.769,0.155,0.76190,0.625,0.0,0,0,0.0,0.0,0
1,1.16,0.0,1.381,0.05070,0.524,0.10827,0.551,0.115,0.604,0.202,1,0.407,1.119,0.347,0.94575,0.508,0.481,0.595,0.584,0.613,0.66,0.688,0.79578,0.652,0.547,0.63942,0.785,0.69435,0.348,0.72684,0.47027,0.991,0.2,0.773
0,0,0.0,1.11,1.031,0.0,0.0,1,-0.737,1.206,-0.931,1,0.584,1.083,1.168,0.539,-0.752,1,0.6,0.671,1.332,1.376,-1,-1,-1.461,1.071,-1.48,1.015,-0.637,1.356,1.295,0,0,1,-0.516
1,1,0.0,0.556,0.04,0.992,0.11982,0.67,0.16159,1.014,0.197,0.992,0.265,0.939,0.445,0.91118,0.39749,0.81939,0.635,0.915,0.253,0.964,0.431,0.91,0.553,0.442,0.395,0.58903,0.732,0.45,0.396,0.514,0.63636,0.527,0.62658
0,0.0,0.0,1.26,0.543,0.714,-1,1,1.036,1.023,1.247,1.27,1.341,1.403,0.829,0.79,1,1,-1.26,-0.95,1.231,-0.631,0.63,-0.877,0.783,0.778,-1,1.43,0.67,-0.657,1,-1,-0.688,-1,1
1,1.124,0,0.692,0.157,1,0.573,1,1.066,0.869,0.868,0.754,1,0.665,1.477,1.188,0.907,0.66,1.062,1.016,1,0.74468,1.376,0.89647,1.067,0.64628,0.5,0.527,1.418,0.137,0.749,-0.169,1,-0.639,1.076
0,0.0,0.0,1,0.946,0.815,-1,0.683,0.568,-1.037,1.278,0.0,0.0,1.263,0.834,0.0,0.0,0.0,0.0,-0.575,1.419,-1,1.302,0.792,1,1.152,-0.527,0.869,0.552,1.455,1,1,-1,-1,1
1,1,0.0,0.718,-0.07,1,0.51,0.709,0.129,1,0.267,1.085,-0.897,1.486,-0.287,1,-0.15851,1.128,0.04895,0.998,-0.899,0.737,-0.26573,1,-1.223,1.021,-0.81,1.201,-0.424,0.813,-1.126,1.357,-0.78555,1.438,-0.25
0,0.0,0.0,1.162,-0.898,1,1.066,1,1,1.241,1.458,1.022,1.102,1,-0.629,0.793,-1.078,1.449,1.209,1,-1.446,1,0.659,0.775,1,1,-0.941,0.805,1.155,1.088,-0.528,0.567,1,1.152,-1.256
1,0.963,0.0,1.303,0.048,1.127,0.215,0.89702,0.24618,0.84111,0.35197,0.519,0.42196,0.68,0.334,0.70796,0.56476,0.44,0.519,0.646,0.828,0.439,0.877,0.477,0.393,0.23693,0.553,0.153,0.964,0.106,0.574,0.021,0.879,-0.04023,0.776
0,0.629,0.0,0.51,-0.184,0.98,0.19,0.46643,0.32862,0.233,0.58304,0.667,-0.15,0.01060,0.629,0.013,0.324,0.178,0.41168,0.133,0.235,0.024,0.30745,-0.001,0.24936,-0.02862,0.206,-0.023,0.203,-0.05,0.106,-0.042,0.046,-0.048,0.04586
1,0.642,0.0,0.74852,-0.02811,0.582,-0.028,0.729,0.02811,0.874,0.033,0.63462,0.105,0.657,0.107,0.788,0.05178,0.78550,-0.21,0.682,-0.012,0.942,0.072,0.339,-0.097,0.562,0.019,0.61009,-0.06637,0.358,-0.287,0.778,-0.209,0.372,0.02959
0,0.863,0.0,0.39179,-0.06343,0.97464,0.062,1,1,0.234,0.081,0.531,0.13060,0.707,-0.924,0.57836,0.615,0.465,-0.135,0.522,-0.11567,0.874,0.083,0.552,0.421,0.488,0.176,0.687,0.076,0.35,-0.02612,0.587,0.115,0.396,0.125
1,1.463,0,0.649,0.054,0.76,-0.10566,0.77358,0.033,0.635,-0.049,0.64528,0.013,0.856,-0.122,0.859,-0.02264,0.645,0.08679,0.493,-0.102,0.604,-0.23774,0.527,-0.184,0.513,-0.196,0.708,-0.05801,0.586,0.013,0.865,0.02,0.44,0.00755
0,1,0,0.484,-0.028,1.048,0.021,1.081,0.72727,0.723,-0.05909,0.332,-0.16818,0.81809,0.134,0.56818,1,0.558,0.132,0.71,0.058,1.232,-0.438,1.17,-1.339,0.57273,0.307,0.573,0.077,0.592,0.092,0.635,0.219,1.369,0.584
1,0.556,0.0,0.611,-0.011,0.40392,0.0,0.516,0.133,0.285,-0.05882,0.56471,0.106,0.539,0.105,0.52549,-0.036,0.571,0.015,0.3,0.0,0.365,0.037,0.328,0.08235,0.309,0.00392,0.48601,0.144,0.684,0.08235,0.53,0.23529,0.448,0.14
0,1,0.0,0.41932,0.12482,0.294,0.095,0.318,0.27955,-0.049,0.578,0.04517,0.365,-0.19091,0.438,-0.177,0.226,0.02727,0.427,-0.214,0.131,-0.137,0.072,-0.196,0.36364,-0.174,-0.048,-0.118,-0.043,-1.354,-0.705,-0.037,-0.046,-0.00526,-0.092
1,1,0,0.918,-0.294,0.907,0.539,0.82403,0.12,0.85086,0.057,0.90558,-0.038,0.899,0.17,1.099,0.25322,0.69206,0.852,0.509,0.318,0.501,0.346,0.769,0.352,0.562,0.511,0.995,0.53235,0.595,0.66,0.43026,0.885,0.651,0.403
0,1.094,0.0,0.84557,-0.064,-0.346,-0.473,-0.08961,-0.553,0.80648,0.043,1.011,-0.011,-0.271,0.73,-0.175,-0.495,0.731,-0.122,1.101,-0.15729,-0.06959,0.64,-0.34128,0.456,1.015,-0.032,0.70882,-0.183,0.58,-0.164,-0.287,-0.78170,-0.24,-0.59867
1,1,0.0,0.427,-0.321,0.64348,0.055,0.307,0.499,0.955,0.261,0.42,0.285,0.753,-0.23043,0.372,0.469,0.38696,-0.42609,0.473,-0.26087,0.258,0.069,0.759,-0.025,0.311,-0.135,0.652,-0.04264,0.411,-0.04448,0.857,-0.199,0.507,0.14783
0,1,0,-0.687,0.14861,-0.33746,0.666,0.598,-0.082,0.201,-0.06811,0.20743,-0.211,0.375,0.08978,0.593,-0.15480,0.182,0.404,0.426,0.046,0.254,0.076,-0.794,-0.502,1.142,0.79,0.289,-0.483,-0.199,0.122,0.025,0.319,0.52632,-0.106
1,1,0,0.32,0.103,0.45331,0.119,0.526,-0.00509,0.52632,0.125,0.321,-0.16638,0.453,-0.062,0.493,0.047,0.501,-0.31,0.28,-0.034,0.257,0.053,0.32,-0.292,0.51731,-0.021,0.50369,-0.048,0.202,0.14,0.507,-0.019,0.527,-0.03226
0,1,0.0,0.486,0.176,0.0,0.0,0.56541,0.073,0.39468,1.037,0.314,1.176,-0.017,0.625,0.23725,0.065,-0.021,1.229,-0.536,0.84922,-0.087,0.504,-0.42572,0.23725,-0.706,0.527,-0.204,0.444,-0.969,0.959,-0.542,0.068,0,0
1,1.186,0,0.90116,0.16607,0.966,0.263,0.72990,0.508,0.38,0.843,0.44303,0.68,0.299,0.636,0.06,0.81,-0.078,0.776,-0.288,0.607,-0.535,0.65924,-0.57135,0.496,-0.995,0.517,-0.972,0.219,-0.713,0.062,-0.575,-0.08,-0.67699,-0.19904
1,1.114,0.0,1.108,0.212,0.82683,0.331,1.029,0.468,0.47968,0.926,0.313,0.92643,0.109,0.501,-0.13254,0.473,-0.32020,0.487,-0.639,0.96,-0.547,0.49508,-0.77408,0.186,-1.171,0.17,-0.83314,-0.02,-0.439,-0.199,-0.867,-0.33662,-0.452,-0.73
0,1,0.0,-0.688,-1.495,0,0,0.28,-0.78502,0.60586,0.33,-1.183,-0.322,0,0.0,0.0,0,0.791,-0.194,0.382,-0.747,0.97068,-0.601,-0.596,-1.295,1.458,-0.639,-0.542,-1,-0.908,-1.416,0.985,-0.907,0.0,0.0
1,1.027,0.0,0.979,0.035,0.649,0.015,0.919,0.042,0.768,0.114,0.67801,0.31152,0.398,0.076,1.033,0.08442,0.566,-0.071,0.878,0,0.378,0.11355,0.805,0.12185,0.67016,0.15445,0.385,0.082,0.685,0.144,0.46,0.103,0.68,0.15114
0,0.517,0.0,1.48,-1,0.0,0.0,0.586,-0.595,0.80882,0.514,-0.432,-1.286,0.0,0.0,0.0,0.0,0.72059,-0.398,0.816,-0.671,0,0.0,0.18382,-0.896,-1,-1.376,-1.461,-1.332,1,-1.015,1.071,-1.083,0,0
1,1,0.0,1,0.022,0.637,-0.021,1.012,-0.03436,0.992,-0.06,0.759,-0.059,0.973,-0.09002,0.63,-0.191,1.014,-0.171,0.98310,-0.066,1.164,-0.159,1,-0.219,1.364,-0.22083,0.918,-0.262,0.951,-0.17123,0.519,-0.149,0.615,-0.23296
0,0.0,0.0,0.0,0.0,0.0,0.0,0,0,0.0,0,0,0.0,0.0,0.0,0.0,0.0,0.0,0.0,0.0,0.0,0.0,0.0,0.0,0.0,0,0,1.43,-1,0,0.0,0.0,0.0,0.0,0
1,1.477,0,1.398,-0.12095,0.55,-0.084,0.96365,-0.259,0.597,0.107,0.92003,-0.01124,0.899,-0.171,1.062,-0.373,0.99273,-0.292,0.651,-0.236,1,-0.319,0.947,-0.384,1.067,-0.19233,0.67,-0.206,0.708,-0.178,0.7,-0.31857,0.348,-0.49
0,1.152,0,0.363,-0.276,0.0,0.0,0.861,-0.914,0.169,0.698,0.64394,0.034,0.276,-0.579,0.0,0.0,0.59091,-0.35,0.45076,-0.80682,0.0,0.0,0.0,0.0,0.148,0.148,1.455,-0.135,0.06061,-0.48485,0.133,-0.70076,0.0,0
1,0.813,0.0,0.669,-0.49311,1.128,-0.019,0.887,-0.87052,1.339,0.963,1.126,-0.11,0.718,-0.174,0.521,-0.15017,0.811,-0.258,1,-0.278,1.315,-0.23452,0.998,-0.319,1.209,-0.29852,1.453,-0.407,1,-0.377,1.055,-0.40740,1,-0.317
0,0.659,0.0,0.0,0.0,0,0,0.0,0.0,0.0,0,0.328,0.629,0.0,0,0,0,0.403,-0.408,0.516,-1.449,0.0,0.0,0.0,0,0.0,0.0,1.458,0.126,0.0,0,0.0,0.0,0,0.0
1,1,0.0,1.302,0.00526,1.172,-0.144,0.712,-0.16431,1.082,-0.06257,0.928,-0.098,0.49,0.018,0.574,-0.233,1.245,-0.102,1.195,-0.08935,1.269,0.001,0.846,-0.05882,1.177,-0.144,0.707,-0.146,1.076,-0.138,0.80253,-0.183,0.76586,-0.27794
0,1.385,0.0,0.10135,0.10811,0,0.0,0.0,0.0,0.577,0.981,0.171,0.629,0.0,0.0,0.0,0.0,0.278,-1.062,0.352,-1,0,0.0,0,0,-0.284,-0.955,0.647,-0.648,0.508,-0.23649,0.0,0.0,0.0,0
1,1,0,1,-0.685,0.54,-0.651,0.81,-0.823,1.037,-0.487,1.365,-0.23229,0.317,-1.143,1.079,-0.494,0.979,-0.511,0.507,-0.88952,0.729,-1.206,0.925,-0.74896,0.414,-0.798,0.547,-0.407,1.204,-1,1,-1.033,0.203,-0.76112
0,1,0.0,0.757,-0.703,0.0,0.0,0.0,0,0.753,1.077,1.289,-0.186,0.0,0.0,0,0.0,0.715,-0.323,0.901,-0.924,1,-1,0.0,0,0,0.0,1,-1.111,-0.126,-0.804,0.0,0,0.0,0.0
1,1,0.0,0.929,0.162,0.81,0.49,0.644,0.337,0.54559,0.69962,0.36705,0.805,0.255,1.102,-0.04061,0.687,-0.252,0.75785,-0.377,0.573,-0.463,0.4,-0.724,0.233,-0.739,0.155,-0.63038,0.047,-0.502,-0.07816,-0.704,-0.192,-0.42912,-0.278
0,1,0.0,0.29,-0.61000,0,0.0,1.006,-1.089,1.315,1.404,0.286,0.876,0,0.0,0,0.0,0.409,-0.344,0.49,-1,0.0,0,0,0.0,0.12,0.68000,1.298,0.233,0.0,0.0,0.0,0.0,0.0,0.0
1,1,0,1,0.23395,0.91404,0.311,0.995,0.574,0.267,0.468,0.285,0.513,0.067,0.717,-0.316,0.91404,-0.446,1.117,-0.333,0.594,-0.484,0.515,-0.77,0.343,-0.686,0.03,-0.71731,-0.118,-0.367,-0.175,-0.51251,-0.598,-0.257,-0.53319
0,1.03,0.0,0.615,1.015,-0.72973,1,-0.416,0.55735,0.037,0.376,-0.154,-0.10241,-0.041,-0.131,0.01401,-0.034,0.013,-0.008,0.002,0.001,0.0,0.001,-0.0,0.00019,-0.00003,0.0,-0.0,0.0,0.0,0.0,0.0,0.0,0,0
1,1.039,0.0,0.267,-0.127,0.33333,0.07143,0.19048,0.19048,0.23810,0.073,0.456,0.019,0.388,-0.04762,0.228,-0.047,0.28571,-0.175,0.494,0.067,0.211,0.0,0.217,-0.085,0.313,-0.04762,0.164,-0.024,0.238,0.0,0.116,-0.013,0.133,-0.01877
0,1,0.0,1.412,-0.167,1.094,0.048,0.771,-0.011,0.572,0.014,0.62,-0.037,0.616,0,0.75,-0.154,0.115,-0.22,0.369,-0.17176,0.67213,0.024,1.161,-0.316,0.457,-0.446,0.446,-0.20325,0.413,-0.03279,0.208,-0.44262,0.49180,-0.06557
1,1,0.0,1.088,0.0,0.744,0.03131,1.263,0.04572,1.041,0.0,0.69091,0.065,0.469,0.08436,0.955,0.095,0.811,0.354,0.462,0.12727,0.426,0.133,0.68604,0.13493,0.587,0.217,0.477,0.152,0.896,0.018,0.745,0.215,0.841,0.17077
0,1.053,0.0,0.356,0.688,-0.934,0.11342,-0.16628,-0.76378,0.767,0.013,0.989,0.462,-0.67230,0.155,-0.205,-0.402,0.589,0.193,0.49,0.05952,-0.51830,0.366,-0.285,-0.648,0.32143,0.726,0.554,0.271,0.57143,0.496,-0.603,-0.171,0.202,-0.55837
1,1.303,0.0,0.883,-0.099,1,-0.036,1,-0.061,1.25,0.001,0.83556,-0.071,1,-0.055,0.614,-0.20000,0.987,0.035,0.7,-0.027,1.382,-0.11526,1,-0.134,0.516,0.03556,0.808,-0.104,0.48,-0.195,0.652,-0.149,1.196,-0.44222
0,1,0.0,0.463,-0.149,0.804,-0.153,0.092,-0.869,0.449,-0.03636,0.304,-0.057,0.238,0.146,0.36364,-0.41818,0.229,-0.014,0.36364,0.033,0.067,0.484,0.581,0.193,0.32727,0.16364,0.287,-0.083,0.335,-0.05455,0.078,-0.36364,0.23,-0.248
1,0.615,0.0,1.154,-1.35,1.325,0.548,0.634,-0.05660,0.626,0.0,1.226,-0.00054,0.537,0.07,0.62264,-0.05660,0.696,-0.00085,0.529,0.0,0.715,0.072,0.525,-0.001,0.888,0.966,0.92192,-0.00128,0.801,-0.837,1.441,0.43396,0.43396,-0.13
0,1,0.0,0.759,0.443,-0.406,-0.23810,0.33333,-0.14286,0.497,-0.104,-0.67285,0.097,0.33333,0.0,0.345,-0.102,-0.561,0.58,0.23810,0.013,0.324,0.047,0.186,-0.291,-0.738,-0.10234,0.14,-0.626,0.954,0.0,-0.704,-0.069,0.26190,0.019
1,0.596,0.0,0.458,0.038,0.611,-0.10417,0.425,0,0.229,-0.06250,0.472,0.0,0.265,0.10417,0.299,0.03,0.263,-0.23,0.458,-0.22917,0.33333,0.098,0.271,0.133,0.39583,-0.16,0.44012,-0.15,0.607,-0.045,0.331,-0.243,0.394,-0.06250
0,1,0,0.819,0.931,0,0.0,0.0,0.0,0,0.0,0.564,-1.033,-0.707,0.473,-0.501,0.28571,0.64662,0.589,0.0,0,0.0,0.0,0.82,0.24,-0.769,-1.382,0.8,-1.147,1.027,1.119,0,0.0,0.0,0
1,1,0.0,1.02,0.06595,0.93614,0.13030,0.923,0.224,0.944,-0.688,0.999,0.664,1.139,0.253,0.72254,0.458,0.979,0.40844,0.95472,0.727,0.549,0.238,0.605,0.23,0.243,0.281,0.178,0.387,1.203,0.752,0.23405,0.537,0.125,0.37191
0,0.662,0,0.607,0.458,0.821,0.554,0.723,0.716,0.594,-0.10984,0.97311,0.07981,1.132,-1.028,0.91962,0.737,0.82,-0.05206,1.032,0.114,0.98484,-0.533,1.195,-0.862,0.154,-0.295,1.293,0.111,0.415,0.237,0.588,0.81007,1.069,0.68822
1,1,0.0,0.95882,0.10129,0.79,-0.027,1.006,0.021,1.005,-0.128,0.65,-0.017,0.53,-0.027,1,-0.066,0.95,-0.037,0.93840,0.021,0.97620,-0.09284,1.205,-0.05318,1.153,-0.199,0.749,-0.083,1.146,0.009,1,-0.059,0.725,-0.086
0,1.067,0,0.0,0.0,-0.378,0.907,0.0,0.0,0.68869,-1,0.843,0.237,-0.18,-0.59212,-0.384,0.705,0.613,0.167,0.0,0.0,0,0.0,-0.119,-1.302,0.0,0,1.378,-1,0.0,0.0,0.043,0.61881,0.0,0
1,1,0.0,0.808,0.008,0.527,0.011,0.98658,-0.01,0.97868,-0.029,1.417,-0.028,0.683,-0.008,0.744,-0.024,1.367,-0.01175,1.336,0.00025,1.152,-0.02612,1.111,-0.046,0.834,-0.04527,1.443,-0.028,0.97020,-0.014,0.729,-0.022,0.725,-0.04112
0,1,0,0.0,0.0,0.98919,-0.184,0.231,-0.059,0.0,0,1.301,0.088,0.709,-0.163,1.458,0.07,1.438,-0.116,0.0,0.0,1.126,-0.21081,1,-0.299,0,0.0,0.518,-0.212,0.0,0,1.453,-0.274,0.39,-0.15676
1,1,0.0,0.64122,0.018,0.215,-0.023,0.776,0.028,0.155,0.12195,0.43313,0.027,0.116,0.071,0.29268,0,0.284,0.0,0.345,0.07317,0.195,0.14,0.156,0.084,0.202,0.105,0.249,0.058,0.17410,0.064,0.175,0.0,0.17073,0.081
0,1,0,0.963,0.962,1.275,-1.206,0.0,0.0,0.0,0,1.412,0.575,1.116,-1.101,1,0.834,0.658,-1.261,0.0,0.0,0.0,0.0,0.808,-0.197,0.0,0,1,-1,1.309,1,0.61,-1.305,0.0,0
1,1,0,0.364,0.20408,0.258,0.222,0.433,0.288,0.46939,0.459,0.43,0.744,0.12245,0.55102,0.0,0.331,-0.072,0.763,-0.132,0.587,-0.213,0.234,-0.34,0.218,-0.646,0.141,-0.46579,0.099,-0.535,0.18367,-0.343,0.0,-0.26531,-0.225
0,1,0.0,0.0,0.0,1.319,-0.642,0.0,0.0,0.0,0.0,0.504,0.522,1,-0.377,1,0.127,1.206,-1.033,0.0,0,0.0,0,1,1,0.0,0.0,1,-1.037,0.0,0.0,1,-0.905,0.0,0.0
1,1,0.0,0.89706,0.33,0.91176,0.367,0.74265,0.67647,0.256,0.76,0.266,0.88971,-0.015,0.86029,-0.108,0.43,-0.347,0.441,-0.645,0.535,-0.844,0.412,-1.29,0.05,-0.74265,-0.144,-0.541,-0.272,-0.652,-0.457,-0.627,-0.676,-0.2,-0.56618
0,0.838,0,-1,0.28105,0.214,0.15033,-0.407,-0.506,-0.369,0.767,-1,1.299,-1.048,0.33987,-0.688,-0.038,-1.168,-1.213,-0.363,-0.473,-0.051,-0.661,0.94118,-0.905,-1,-0.555,0.74385,0.08,-0.958,0.06,0.183,0.026,-0.502,-0.29
1,0.689,0.0,0.374,-0.101,0.692,0.0,0.446,-0.144,0.43,0.11667,0.6,0.009,1.004,0.05,0.70000,-0.039,0.326,0.20000,0.41667,-0.009,0.185,0.20000,0.786,0.0,0.25000,0.164,0.503,0.033,0.40000,0.035,0.554,0.03333,0.57,-0.05000
0,1,0,-0.26667,0.368,-0.27303,0.068,-0.17778,-0.046,0.06,-0.088,0.029,0.016,-0.012,0.015,-0.016,-0.001,-0.00093,-0.007,0.00470,-0.002,0.001,0.00238,-0.001,0.001,-0.001,-0.00050,0.0,-0.0,0.0,0.0,0.0,0.0,-0.0,0.0
1,1,0.0,1,-0.399,0.862,0.203,0.391,-0.24324,0.873,0.18919,0.615,-0.32,0.703,0.0,0.62162,-0.073,0.474,-0.309,0.71833,-0.148,0.655,0.072,0.534,0.103,0.291,-0.2,0.794,-0.22163,0.792,-0.142,0.751,-0.59459,0.504,-0.24324
0,0.907,0.0,0.94531,-0.03516,-1,-0.33203,-0.769,-0.023,0.983,0.009,1.318,-0.01953,-1,0.204,-0.97,-0.003,1.006,-0.024,1.314,-0.02734,-0.99219,0.11719,-1.172,0.434,0.948,-0.003,0.924,0.086,0.672,-0.048,-0.815,-0.276,-0.684,-0.357
1,1,0.0,1.397,0.02254,1.324,-0.009,0.93526,0.011,1.123,-0.019,0.96936,0.004,0.95665,-0.03064,0.95260,-0.004,0.741,-0.023,1.257,0.02,0.879,-0.049,1.216,-0.027,1.449,-0.057,0.835,-0.022,0.979,0.014,0.95434,-0.023,0.95838,0.005
0,1.239,0.0,1,-0.072,1.465,-1.227,0.295,-0.11111,0.481,-0.309,0.993,-0.335,0.217,-0.159,0.571,-0.34660,0.678,-0.38853,1,-0.42862,0,-0.185,1.057,-0.50333,0.957,-0.363,1.108,-0.814,1.272,-0.167,0.788,-0.53,0.661,-0.65935
1,1,0.0,0.31034,-0.10345,0.344,-0.136,0.263,-0.079,0.088,-0.069,0.045,-0.039,0.02,-0.032,0.00741,-0.018,0.003,-0.007,0.001,-0.00523,-0.0,-0.00299,-0.00028,-0.001,-0.00031,-0.001,-0.0,-0.001,-0.0,-0.0,-0.0,-0.0,-0.00008,-0.0
0,1.136,0.0,0.687,-0.112,1.003,0,0.60784,-0.058,0.557,-0.153,0.401,-0.077,0.797,-0.09,0.395,-0.13,0.437,-0.11765,0.54902,-0.21569,0.598,-0.158,0.638,-0.155,0.323,-0.3,0.52409,-0.24668,0.56863,-0.193,0.602,-0.153,0.357,-0.27451
1,0.503,0.0,0.25000,0.24,0.369,0.26667,0.218,0.25,0.075,0.234,0.011,0.14,-0.017,0.10188,-0.03685,0.062,-0.023,0.03458,-0.042,0.02,-0.02474,0.003,-0.009,-0.00273,-0.009,-0.003,-0.005,-0.00586,-0.003,-0.005,-0.001,-0.002,0.0,-0.00291
0,1,0.0,-0.654,0.15625,0.077,0,0.0,0.045,0.398,0.052,0.18750,0,-0.031,0.066,0.062,0.0,0.185,-0.202,0.269,-0.302,0,-0.086,0.0,0.0,0.03125,-0.357,0.042,0.0,-0.685,0.036,-0.031,0.0,0,0.09375
1,1.226,0.0,0.561,-0.015,0.754,-0.02703,1.134,-0.078,1.226,-0.01622,1.017,-0.036,0.549,0.069,0.532,-0.06486,1.045,0.102,0.97838,-0.003,0.802,0.06486,0.954,0.023,1.025,0.066,0.715,0.017,1,-0.047,1,0.04,1,-0.07027
0,1,0.0,1.002,0.05426,1,0.079,0.695,1.002,0.829,-0.009,0.506,0.03876,0.908,0.211,1.047,1,0.485,0.04,1.174,0.11628,1.085,0.758,1,-0.551,1.142,0.027,1.073,1.044,0.458,0.06977,0.791,0.87317,0.567,0.711
1,0.821,0.0,0.542,-0.019,1.374,0.064,0.589,0.01604,0.716,0.00535,0.973,-0.01604,1.147,0,1.382,0.06417,1.181,0.057,0.493,0.04278,0.681,0.022,1.107,-0.019,1.003,0.044,1.282,0.061,0.795,0.006,1,0.09091,0.911,0.06417
0,1,0.0,-0.20500,0.39,0.237,0.052,0.341,0.31750,0.32250,0.466,0.212,-0.404,0.09250,0.402,-0.141,0.126,-0.103,0.261,-0.34187,0.349,-0.322,-0.086,0.19,0.244,-0.299,-0.24000,0.391,-0.308,-0.47000,0.18500,-0.146,-0.235,0.362,0.042
1,0.951,0.0,0.72,0.034,0.63333,0.086,0.462,0.046,0.70000,0,0.873,0.0,1.043,0.0,0.73333,0.0,0.704,0.065,0.66667,0.114,0.63,-0.03333,0.639,0.0,0.63333,0.089,0.767,0.10168,0.397,0.187,0.60000,0.09,0.621,0.169
0,0.79,0,0.05866,-0.00838,0.044,0.01,0.0,-0.015,0.00559,-0.03,0.011,-0.07542,-0.00559,0.065,0.079,-0.046,0.0,0.066,-0.046,0.108,-0.049,0.014,0.035,-0.00559,0.007,0.00559,0.056,-0.009,0.024,-0.002,0.056,0.0,0.045,-0.03352
1,1.124,0,0.94653,0.28713,0.547,0.927,0.603,0.648,0.019,0.946,-0.216,0.52,-0.566,0.603,-0.568,0.527,-0.66455,0.07208,-0.665,-0.13,-0.744,-0.573,-0.268,-0.805,-0.04,-0.422,0.08,-0.56420,0.392,-0.493,0.304,-0.22535,0.50376,-0.05980
0,1,0.0,0.05460,0.01437,-0.029,0.04,0.008,0.042,-0.075,0.006,0.023,-0.06609,-0.026,0.063,-0.096,-0.038,-0.098,0.08046,-0.055,0.05172,0.015,0.013,-0.03736,-0.009,0.026,-0.006,0.005,0.014,0.037,0.015,0.015,0.01149,-0.04598,-0.005
1,0.998,0.0,0.976,-0.01084,0.565,0.01084,1.052,0.001,0.79015,0.016,0.406,-0.007,0.678,0.03251,0.85123,0.025,1.164,-0.008,0.79113,-0.036,0.857,0.049,0.811,0.05517,0.766,-0.013,0.78041,0.007,1.033,-0.04,0.934,0.021,0.949,0.00788
0,1,0.0,0.022,0.02568,0.006,0.0,0.026,-0.01997,0.024,-0.053,-0.04850,-0.012,0.01427,-0.02282,0.0,-0.038,-0.068,-0.026,-0.02,0.052,0.02,0.005,0.05136,-0.014,0.037,0.023,0.046,0.01,0.01997,0.006,-0.028,-0.01,-0.021,0.01997
1,0.575,0.0,0.453,0.184,0.463,0.239,0.25661,0.47619,0.021,0.4,-0.015,0.45,-0.279,0.31217,-0.41270,0.454,-0.65,0.083,-0.655,-0.154,-0.116,-0.089,-0.097,-0.38095,-0.297,0.004,0.03574,-0.31739,0.169,-0.247,0.24868,-0.234,0.325,0.04233
0,0.989,0,0.104,0.00686,0.093,-0.039,0.095,-0.116,0.084,-0.092,0.23341,-0.01144,0.126,0.07780,0.081,-0.124,0.29062,-0.031,0.18993,0.077,0.165,0.0,0.155,-0.003,0.137,-0.067,0.063,0.017,0.11213,-0.035,0.102,-0.063,0.123,-0.06865
1,1.319,0.0,1.248,0.258,0.48263,0.554,0.219,0.801,-0.55941,0.64899,-0.73675,0.507,-0.401,0.0,-0.533,-0.323,-0.38391,-0.744,-0.12797,-0.941,0.321,-0.564,0.39,-0.391,0.372,-0.05484,0.60098,0.159,0.446,0.60512,0.03,0.46,-0.195,0.689
0,0.797,0,0.01975,0.007,0.023,-0.01,0.014,0.01128,0.015,0.049,0.003,0.00141,0.019,-0.018,-0.01975,0.086,-0.037,0.023,-0.028,-0.003,0.047,-0.029,0.01834,0,0,-0.017,0.02,-0.017,0.006,-0.008,-0.012,-0.013,0.01,0
1,1,0.0,0.824,0.001,0.653,-0.05676,0.742,-0.04182,0.918,0.109,1.11,0.085,0.948,-0.06124,0.683,0.035,0.83719,-0.041,0.83570,-0.162,0.88125,0.014,1.001,0.02240,1.165,-0.017,0.825,-0.031,1.1,-0.056,0.73936,-0.028,0.761,-0.056
0,1,0.0,0.666,-1,1.369,1.123,-0.57,1,1.006,-1,0.584,-1,-1.081,-0.611,-1.404,0.937,1,1.232,1,1.174,-0.527,1,1.187,-0.689,0.56,-1.063,1,0.605,1.401,1.339,-0.598,0.58,-1.06,1.496
1,0.556,0.0,0.704,0.361,0.383,0.574,0.119,0.679,-0.276,1.042,-0.76229,0.49980,-0.93092,0.10768,-0.485,-0.174,-0.66030,-0.55262,-0.277,-0.685,0.421,-0.81,0.64649,-0.35230,0.808,-0.145,0.694,0.246,0.389,0.79,0.16,0.865,-0.143,0.64933
0,1,0.0,1,0.829,1,0.51250,0.813,-0.705,0.981,0.673,0.031,0.043,1,1,0.0,0.0,0.682,-1.183,1.054,0.764,1.03,1.009,0.188,1,1.266,1,0.615,1.461,1.055,1.427,-1.263,0.683,0.0,0
1,1.126,0.0,1,0.808,0.62745,1.129,0.029,0.991,-0.615,0.92157,-0.82353,0.611,-1,0.11765,-0.739,-0.292,-0.805,-0.68627,-0.173,-0.782,0.357,-0.815,0.723,-0.765,0.66,-0.16,0.58,0.309,0.497,0.811,0.23529,1.126,-0.069,0.90196
0,1.141,0,0,0.0,-1.467,-1.493,-1.089,0.979,0,0,-1.412,1.297,1.005,1.071,0.872,-0.854,0,0.0,0.0,0.0,-0.868,-1.343,-1.094,0.563,1.26,0.571,1.286,-1,0.0,0,-1,-0.728,-0.677,1
1,1.425,0.0,0.44444,0.35,0.53695,1.329,-0.309,0.957,-0.226,1.131,-1,0.435,-0.839,-0.11111,-1,-0.235,-0.868,-0.954,0.794,-1,-0.296,-0.514,0.468,-0.246,0.168,0.0,0.92120,0.332,0.57454,0.482,0.287,1.31,-0.552,1
0,0,0.0,0,0.0,0.0,0.0,0.0,0.0,0.0,0.0,0.0,0,0.0,0.0,0.0,0,0.0,0,0,0.0,0,0.0,0.0,0.0,0.0,0.0,1,0.0,0,0.0,0.0,0.0,0.0,0.0
1,1,0.0,1.016,0.0,1.196,0.0,0.478,0.568,0.458,0.0,0.646,0.096,0.791,0.14210,0.567,0.216,0.569,0.165,0.537,0.5,0.551,0.0,1.382,-0.25000,0.5,0.50000,0.73944,0.26388,1.047,0.154,0.69635,0.19,0.962,0.245
0,0.0,0.0,-1,1.037,0.969,0.985,0,0,0.939,-0.503,0.818,-1,1.043,-0.771,-0.529,-0.506,0.0,0.0,-1.3,-1,0.0,0.0,0.0,0.0,-1.145,-1,0.614,-1.353,1.181,0.596,-1,-1.174,0,0
1,1,0.0,1,0,1.46,0.0,0.41,0.135,1,-0.11111,0.625,-0.102,0.849,-0.186,1.006,0.0,0.77778,0.0,1.005,-0.132,0.77778,-0.11111,0.818,-0.061,0.664,0.0,0.861,-0.054,0.762,0.081,0.876,-0.128,0.636,0
0,0.0,0,0.0,0,0.0,0.0,0.0,0.0,0,0.0,0.0,0.0,-0.531,-1,0.0,0.0,1.029,0.836,0.0,0.0,0.0,0,-1.134,1,0.0,0,1.207,-1.099,-1,-1.183,1,1.111,0.0,0.0
1,1,0.0,0.791,0.493,1.047,-0.45455,0.604,0.071,1.458,-0.054,1.002,0.0,0.601,-0.233,1,-0.103,1,0.09091,1,0.0,0.8,-0.427,1.295,0.09,0.711,-0.082,1,-0.07,1.073,0.45455,0.908,-0.15,0.688,-0.18182
0,0.931,0,0.727,-0.841,0.0,0,0,0,0.34470,0.155,0.588,0.51,-0.07576,0.533,0.298,0.365,-0.617,0.173,0.11,-0.154,0.013,-0.438,-0.345,0.211,0.172,-0.377,0.356,-0.767,0.43182,0.252,0.14,-0.027,0.17045,-0.41667
1,1,0.0,1.48,0.172,0.516,0.252,0.517,0.247,0.752,0.043,1.083,0.15,1,0.162,0.671,0.638,1.113,-0.065,1,-0.143,1,0.303,1,0.24,1.015,-0.11765,1.206,0.239,1,0.05882,0.896,0.19,1.031,0.23529
0,1.164,0.0,0,0.0,-1,-0.62766,1,0.51064,0.044,-0.195,-1.293,-0.499,0.129,-0.453,0.538,-0.992,0.0,0.0,0.82979,-0.078,-0.25000,1.2,0.114,-0.46,0.0,0.0,-0.25,-0.46809,-0.313,-0.492,0.493,0.90426,-0.426,0.315
1,1,0.0,0.797,0.367,1.039,-0.132,0.70833,0.25000,0.552,-0.045,0.713,0.04167,1.147,0.179,0.734,0.0,1.032,0.04167,0.783,0.045,0.66667,-0.059,1.005,0.212,0.791,-0.128,0.83796,0.05503,0.692,0.173,0.872,0.0,0.465,0.04167
0,1.175,0,0.18590,-0.21,0,0.0,0.0,0.0,0.0,0.0,0,0.0,0.086,-0.227,0.0,0.0,0,0,0.0,0.0,0.0,0,-0.045,-0.043,0.076,0.08974,0.253,-0.122,0.063,0.103,0.033,-0.063,0.16827,0.19
1,1,0,0.744,-0.091,1.357,-0.128,0.786,-0.169,0.946,-0.244,0.806,-0.34281,1.248,-0.544,0.953,-0.254,0.73084,-0.596,0.967,-0.63544,0.474,-0.78316,0.36,-0.956,0.67033,-0.837,0.48757,-0.585,0.309,-0.68,0.133,-0.647,0.399,-0.89621
0,0.998,0,0.708,1.209,-1.128,1,-1.085,-1.225,0.498,0.169,0.375,0.037,0.274,0.041,0.461,0.365,0.981,-0.048,0.22807,0.53070,0,0.0,-0.304,-0.16228,1.458,-0.964,0.709,-1.46,1,-0.24561,0.35088,0.281,1.204,0.041
1,1.155,0.0,0.775,0.136,1.085,0.00369,0.932,-0.308,0.958,-0.295,0.665,-0.191,0.73855,-0.192,0.471,-0.36078,0.424,-0.61189,0.528,-0.634,0.61041,-0.579,0.53176,-0.173,0.174,-0.562,0.29208,-0.624,0.12777,-0.431,0.227,-0.472,0.18353,-0.578
0,0,0.0,-0.963,1.309,0.575,-0.807,0.0,0.0,0,0.0,1.394,-1,1,1.216,0,0.0,0.61,-0.834,0.0,0.0,0.0,0.0,1.261,0.808,-1,1.116,1.093,-1.326,-1,1,-1.206,-1,0.0,0.0
1,0.668,0,1.278,-0.19448,1.148,-0.186,0.889,-0.22602,0.449,-0.141,0.79271,-0.276,0.832,-0.624,0.581,-0.452,0.195,-0.70729,0.245,-0.454,0.572,-0.405,0.33509,-0.398,0.14750,-0.412,0.131,-0.516,-0.07162,-0.543,-0.027,-0.576,-0.048,-0.47898
0,1,0,-0.905,-0.504,-0.526,0.545,1,-0.859,0.845,0.53819,0.0,0.0,0.249,-1.033,1,1.196,0.0,0.0,0.664,1,1.365,1.319,0.0,0.0,-0.727,0.755,0.223,-1,0.85,-0.642,0.69792,-1,0.513,0.887
1,1,0.0,0.472,0.43460,0.5,0.398,0.112,1.302,-0.349,0.761,-0.705,0.61181,-1.006,0.176,-0.86709,-0.25,-0.62869,-0.846,-0.25105,-0.985,0.231,-1.297,0.41,-0.791,0.74895,-0.155,0.872,0.085,0.737,0.42827,0.205,0.833,-0.003,0.394
0,1,0.0,0.838,1.191,0.0,0.0,0.797,-1.089,-0.602,-1.142,1.001,1,1.081,-1.463,0.0,0,0.877,-1,1,1,0.0,0.0,1.286,-1,-1,-0.713,0.962,1.461,-1.299,1.106,-0.987,1.202,0.0,0
1,1,0.0,1.123,0.356,1,0.57,0.905,0.584,-0.204,0.598,-0.666,0.58,0.0,1,-1.496,1.369,-1.187,0,-1.401,-0.403,-1,-0.488,-1.06,-0.385,-0.33333,-1.232,0.133,-0.937,1.298,-1,0.0,-1.404,1,-0.66667
0,0,0,-1.354,0.796,-1,-1,0.0,0.0,-0.713,1.276,1,-1.006,-1.479,-1,-1,0.812,0.0,0,-0.565,-0.826,-1.305,0.686,0.0,0.0,0.751,-0.559,0.984,0.648,1.344,-0.556,0.621,1,0.0,0.0
1,1,0.0,1,0.057,1.461,0.146,1.302,0.169,1.329,-0.12500,0.705,0.327,1,0.48981,1.355,0.734,-0.535,1.338,0.617,0,1.183,1.164,0.981,1,0.603,1.054,1,0.97,1,0.17,0.615,0.683,1.009,1.055
0,0.0,0,-1.039,-1,0.0,0.0,0.0,0,0.0,0.0,0.0,0.0,0.0,0.0,1.129,-1,0.0,0.0,-0.677,-0.684,0,0,1,1.244,1,-0.717,1.471,-1.482,0.0,0.0,0.0,0.0,0,0.0
1,1,0.0,0.653,-0.07896,0.87,-0.081,-0.123,-0.21384,0.26,0.057,0.38096,-0.26339,0.33,-0.343,0.038,-0.206,0.20269,-0.431,0.215,-0.29052,0.081,-0.366,0.06556,-0.262,0.039,-0.183,-0.0,-0.293,-0.019,-0.31,-0.063,-0.161,0.01336,-0.35
0,1,0,0.0,0.0,0.0,0.0,0.0,0.0,0,0.0,0.591,-0.33333,0.16667,0.205,0,0.0,0,0.0,0.0,0.0,-0.219,-0.161,-0.217,1.259,-1.429,0.295,0.028,0.97,-0.228,-1,-0.153,-0.355,-0.19792,-0.636
1,1.15,0,1,0.05149,0.628,0.071,1.157,0.201,1.15,-0.279,0.704,0.601,0.80426,0.25283,1.051,0.347,0.593,0.28714,0.783,0.29304,0.6,0.265,0.371,0.28476,0.492,0.163,0.294,0.25553,0.217,0.244,0.266,0.234,0.225,0.211
0,1,0.0,1.397,-0.09524,-1.176,-1,-1.425,-1.196,0.611,0.361,0.576,0.76190,-0.614,-1.016,-0.956,1,0.359,0.653,1.382,1,0.349,-0.661,-0.795,-0.584,0.609,0.261,1.016,1,0.652,0.50794,-0.542,-0.263,-1.331,0.72831
1,1,0,1.35,-0.001,0.63,0.43204,0.867,-0.309,0.93123,0.219,1.13,0.095,1.057,0.113,0.956,0.03,0.722,-0.249,0.691,-0.101,0.84871,0.26133,0.86,-0.019,1.144,-0.02589,0.714,-0.02302,0.98544,0.091,0.481,-0.132,1.014,-0.19
0,1.46,0,1,-1.147,0.996,0.636,1.001,1,0.953,-0.503,0.703,0.837,1,0.985,0.615,1.325,0.0,0.0,0.804,1,0.555,0.921,0.888,-1,1,0.849,1.226,0.62500,1.154,-0.716,-0.545,0.552,1,1.186
1,1,0.0,1.226,0.316,1.111,-0.948,1,-0.10401,1.134,0.15414,0.725,0.286,0.98120,-0.055,1,0.047,1.374,-0.101,1.216,-0.164,1.028,0.055,1.283,0.049,0.754,-0.01,0.54,-0.025,1.078,0.03885,1.114,-0.13722,1.061,-0.11717
0,1.047,0,0.396,-0.907,-0.688,-0.601,-0.075,0.567,1.085,1.386,0.74597,-0.33,-1,-0.473,-0.069,1.295,0.39,0.256,0.475,-0.389,-0.14343,-0.20188,-0.11976,0.06895,0.021,0.078,0.021,-0.012,-0.002,-0.013,-0.00761,0.00108,0.0,0.004
1,1.381,0,0.79847,0.206,0.80804,-0.201,1,-0.102,0.589,-0.085,0.964,0.221,1.318,0.012,1.271,0.026,0.703,-0.13074,0.95663,0.079,0.821,0.003,0.90306,0.36,0.931,-0.119,0.524,-0.004,0.877,0.093,0.769,-0.195,1,-0.05740
0,0,0,0.0,0.0,0.0,0.0,0.0,0,0.0,0.0,0.0,0.0,0.6,0.584,1.005,1,1.113,-0.859,0.0,0.0,1.48,1,1.356,-0.539,0.737,1.168,1,0.0,1.083,1,1.11,-0.896,0,0
1,1.26,0,1.293,-0.341,0.688,-0.25346,1.192,-0.334,1.014,-0.199,1.053,-0.676,0.90818,-0.245,0.535,-0.371,0.69748,-0.389,0.59623,-0.57579,0.693,-0.70975,0.418,-0.47,0.49214,-0.486,0.296,-0.992,0.307,-0.516,0.165,-1.026,0.13994,-0.687
0,1,0.0,0.0,0.0,0,0.0,0,0.0,-0.85000,-0.79,0,0.0,0.877,-1.27,0,0.0,-1,-1.247,-0.869,-1,1.231,-1.023,-0.57,-0.714,0.829,1.43,-0.631,-0.131,1.376,-0.754,0.0,0.543,0.0,0
1,1,0.0,0.651,0.056,0.95455,-0.098,0.785,0.0,1,0.0,1.073,0.0,0.785,0.054,1.148,-0.04545,0.868,0.0,1,0.0,0.86364,0.125,0.825,0.088,0.681,0.053,0.608,0.041,1.211,0.133,0.86364,-0.097,0.86364,0.04545
0,0.0,0.0,0.0,0,-1.357,1.152,1,1.037,-0.815,-0.575,0.0,0.0,-1.348,-0.683,-1.367,-0.347,-0.869,-1,0.737,-0.568,0.729,-1,0,0.0,1,-0.811,-0.552,-0.792,0,0.0,0.527,-1,0,0.0
1,1.209,0,1.331,-0.106,0.688,0.255,0.82353,0.1,0.91176,-0.015,0.97059,-0.17647,0.687,0.14706,0.94118,0.042,1.486,0.0,1.021,0.0,0.76471,0.144,0.634,0.032,1.121,0.03,0.831,0.026,1.313,-0.096,0.97059,0.047,1.325,0.03
0,0.528,0.0,-0.567,0.793,-0.659,0.14,0.28354,1.155,-1.102,0.629,-1.088,-1.449,1,0.941,-1.256,-0.25,0.272,-1,1,1.471,-0.39,-1.305,-1.152,-1.078,1,-1,-1,-0.03578,0.711,-1.162,-1,-0.417,0.116,0.898
1,0.723,0.0,0.62,-0.077,0.83781,0.009,0.83155,0.017,0.38,-0.033,0.68421,0.0,0.873,0.05028,0.606,0.033,1.074,0.603,1.172,0.064,0.72550,0.07631,0.774,0.113,0.578,0.193,0.65419,0.111,0.543,-0.308,0.60150,0.051,0.655,0.09719
0,1,0.0,-0.004,-0.534,0,0.0,-0.011,0.503,0.0,0.0,0,0.0,0.0,0.0,0.0,0.0,0.0,0.0,0.31410,1.064,-0.383,0.74359,-0.258,-0.80769,0,0,-0.515,-0.311,0.0,0.0,0.0,0.0,0.0,0
1,1.071,0,0.501,0.575,1,0.54545,0.443,0.517,0.893,-0.094,0.682,0.0,0.498,-0.668,0.457,0.344,1.035,-0.845,0.697,-0.249,0.90909,-0.31,0.582,0.07750,1,-0.09091,1.076,0.074,0.627,0.36364,1.1,0.715,0.388,0.27273
0,0,0.0,-1.422,-0.707,0.896,-1,-1.347,0.622,0.0,0,0.607,-1.41,1.122,-1,0.0,0,0.0,0.0,0.0,0.0,-1.472,1,1.328,-1,-1.285,1,1.119,1.378,0.0,0.0,1.295,0.5,0.0,0.0
1,1,0.0,0.438,0.09091,0.758,0.09091,0.247,0.114,0.403,0.0,0.544,-0.09091,0.596,-0.127,0.333,-0.007,0.656,-0.101,0.298,0,0.355,-0.09091,0.306,0.135,0.438,-0.09091,0.34442,-0.016,0.148,0.0,0.531,0.0,0.24,-0.01832
0,1,0.0,-1,-0.59677,0.0,0.0,-1,0.653,-1.011,1,0.0,0.0,0.0,0.0,0.0,0.0,0.0,0.0,0.0,0.0,-1,-0.835,0.0,0,0.202,0.319,1,0.636,0,0.0,0.0,0.0,0.0,0.0
1,1,0.0,1,0.14286,0.99,0.496,1.022,0.775,1,-0.105,0.85714,-0.113,1,0.036,0.725,0.0,0.307,-0.14286,1.358,0.032,1.16,-0.28571,0.843,0.0,0.317,-0.323,1,0.057,1.021,0.044,0.504,0.685,0.967,0.0
0,0,0.0,0.507,1,1.124,-1,1.159,1.465,1,0.855,1.431,1.474,1,-0.869,1.105,1,1,-1.479,0.574,-0.698,1.374,0.606,0.535,1.475,1.452,-1,1.378,0.788,0.646,1.099,1.401,1,0.502,1.027
1,0.733,0,0.87032,0.661,0.373,0.74,0.10380,1.216,-0.38033,0.756,-0.73939,0.333,-0.564,0.16731,-0.619,-0.31,-0.59383,-0.661,-0.177,-0.495,0.18823,-0.572,0.718,-0.636,0.883,-0.18,0.892,0.105,0.267,0.548,0.268,0.769,-0.065,0.57552
0,0,0.0,1.413,-0.778,1,1,0.721,-1,1.099,0.977,0.891,-1.105,0.853,-0.6,1.247,-0.785,0.769,0.643,0.57,1,0.948,1,1.484,-1.115,1.388,0.573,0.692,0.855,0.617,1.247,1,0.889,1,-1
1,1,0.0,1.146,0.029,0.89266,0.206,0.677,0.154,0.952,0.5,0.895,0.283,0.788,0.545,0.872,0.553,0.60101,0.51752,0.53392,0.579,0.674,0.285,0.42546,0.597,0.301,0.29,0.282,0.54214,0.22307,0.394,0.19,0.676,0.076,0.46571
0,0,0.0,0.569,1.271,0.897,-1,0.691,-0.918,1,1.043,0.0,0.0,0.816,-1,0.0,0.0,0.0,0.0,0,0,-1.404,1.139,1,1,0.0,0.0,1,1.448,0.0,0.0,-1.197,-1.151,0.0,0.0
1,0.632,0.0,1.06,0.13645,1.372,0.185,0.85705,0.383,0.487,0.457,0.859,0.407,0.965,0.953,0.715,0.485,0.522,0.465,0.25539,0.877,0.085,0.61,0.00494,0.653,-0.108,0.79780,-0.20995,0.776,-0.351,0.71454,-0.396,0.896,-0.47419,0.55835
0,0.0,0.0,1,-1,-1,1.41,-0.878,1.312,1,1.257,1.142,1.09,-1.447,-1.45,-0.971,-1.18,0.73,0.799,0.724,-0.621,-0.844,-1.48,-1,-1.182,1,0.0,0.882,-1,1.497,-1.189,-0.725,1,-0.707,1
1,1,0.0,0.862,0.082,0.766,0.207,0.641,0.161,0.36923,0.537,0.43,0.46439,0.148,0.57308,0.268,0.285,0.15215,0.487,-0.131,0.57500,-0.024,0.628,-0.124,0.583,-0.124,0.40006,-0.154,0.341,-0.242,0.155,-0.377,0.23896,-0.138,0.31154
0,0.0,0.0,1,-0.558,0.974,1.414,1,-1.174,1.405,1.183,1.102,-1.139,0.544,1,1.19,-0.767,0.848,-1,1.271,1.416,0.935,0.884,1,-1,0.766,-1.13,1.003,-1,0.85,1,0.753,-1.379,0.569,1
1,1.016,0.0,1.094,0.13082,0.985,0.147,1.043,0.211,0.89009,0.201,0.552,0.588,0.517,0.363,0.69946,0.392,0.703,0.394,0.599,0.616,0.272,0.68159,0.196,0.75622,0.26832,0.76210,0.16813,0.78541,0.09,1.104,-0.037,0.684,-0.106,1.083
0,0.0,0.0,0,0,0.879,1.322,0.0,0.0,1.149,1,0,0,0.985,-1.143,0.0,0.0,0,0.0,0.0,0.0,0.0,0.0,0.0,0,0.0,0,1.1,-1.1,0,0.0,-0.928,0.872,0.0,0.0
1,1,0.0,0.987,0.184,0.86399,0.156,0.421,0.439,0.994,0.444,0.861,0.62719,0.257,0.74676,0.31705,0.791,0.232,0.781,0.034,1.098,-0.15,0.901,-0.17,0.679,-0.29291,0.671,-0.38798,0.4,-0.641,0.678,-0.581,0.40732,-0.366,0.35095
0,0.0,0,0.0,0.0,1,1.324,1.32,1,0.0,0.0,0,0.0,-1,-1.377,0.0,0.0,-1.318,-1.261,0.0,0,0,0,1,0.905,0.0,0.0,0.814,0.787,0.0,0.0,-0.681,1.424,0.0,0.0
1,1.032,0.0,0.915,0.385,0.65926,0.967,0.279,0.502,-0.063,0.927,-0.39597,0.444,-0.845,0.56502,-0.82960,0.181,-0.536,-0.105,-0.45,-0.30942,-0.544,-0.548,-0.16449,-0.718,0.129,-0.854,0.30406,-0.48392,0.267,-0.286,0.485,-0.084,0.42152,0.08
0,0.0,0,0.84,-0.872,0.554,0.592,1.041,0.691,0.853,1,1.489,1,0.886,-1,1.451,0.954,1.113,1,1.099,-1,1.273,-0.534,1,-1.063,1.01,-0.825,1.057,1.434,1,-0.971,0.723,1.465,0.857,1
1,0.992,0.0,0.73523,-0.424,1.16,0.078,0.781,0.173,0.55580,0.05252,1.387,0.201,0.588,0.209,0.404,0.32925,0.637,0.254,0.483,-0.02845,0.857,0.426,0.53120,0.275,0.624,0.497,0.231,0.48200,0.165,1,0.225,0.294,0.154,0.49831
0,0,0.0,0.0,0.0,0.0,0.0,0.0,0,0.0,0.0,0,0.0,0.0,0.0,0,0.0,0,0,0.0,0.0,0.0,0.0,0.0,0.0,0.0,0.0,0.804,1,0.0,0.0,0.0,0.0,0,0
1,1,0.0,0.706,0.006,0.991,-0.003,1.454,0.005,0.95801,0.017,0.633,0.03530,0.97213,0.053,0.69,0.012,0.817,0.104,1.411,-0.005,0.828,0.04980,0.744,0.09,0.93274,0.053,0.555,0.063,1.06,0.009,0.97845,0.07061,1.271,-0.00260
0,0.0,0,0.916,1.325,-1.043,-1,-1.393,-1.464,0.0,0.0,0.0,0.0,-1.372,-1.1,0.0,0,0.0,0,0,0,-1.109,1.217,1,1,0.0,0.0,0.525,-1.032,0.0,0.0,-0.919,-0.723,-0.626,-1
1,1.069,0.0,0.694,-0.194,0.47,0.01513,0.499,0.032,0.608,0.017,0.423,0.05594,0.946,0.03,0.591,0.038,0.67023,0.029,0.63403,-0.04662,0.701,0.081,0.527,0.041,0.422,0.137,0.363,0.096,0.38228,0.06760,0.535,0.09046,0.678,0.09346
0,1,0.0,1.01,1.266,0.461,-0.637,0.57,0.047,0.855,0.065,0.86789,0.73746,0.374,0.189,0.566,0.086,0.93478,-0.25084,0.508,0.249,0.64883,0.168,0.326,0.63,0.582,-0.563,0.922,0.22216,0.782,0.367,1.076,-0.06522,0.516,0.23913
1,1,0.0,0.802,-0.084,1,-0.21,1.378,-0.85741,1.177,0.052,0.428,-0.576,1,-0.12581,1.204,-0.937,0.695,0.024,0.82222,-0.05,0.98215,-0.19938,1.446,0.315,0.376,-0.352,0.559,-0.153,0.884,0.02037,1.244,-0.29,1.119,-0.511
0,0.829,0.0,0.285,0.15564,0.259,0.071,0.181,0.249,0.23346,0.072,0.127,0.378,0.24514,0.485,0.057,0.202,-0.022,0.36965,0.05058,0.28,0.139,0.136,0.093,0.269,-0.02494,0.28482,-0.059,0.358,-0.134,0.14786,-0.09339,0.159,-0.242,0.42
1,1,0.0,0.741,-0.03175,0.965,-0.054,0.486,-0.012,0.728,0.049,0.61706,0.09921,0.858,-0.029,0.384,0.008,0.70833,0.015,0.7,0.022,0.47817,-0.023,0.4,0.047,0.552,0.03968,0.364,-0.018,0.61706,-0.145,0.68849,-0.016,0.865,-0.035
0,1.13,0.0,0.065,-0.15271,-0.04433,0.052,0.086,-0.024,-0.02,0.16,0.063,0.0,0.12315,-0.09852,0.069,0,0.023,-0.021,-0.077,-0.152,0.098,0.011,0.035,0.032,0.07882,0.16256,0.293,-0.042,-0.071,-0.091,0.032,0.06,0.07389,-0.10837
1,1,0,0.898,0.155,0.358,-0.078,0.967,0.013,1.088,0.00224,0.38,0.15772,0.986,-0.001,1.175,0.057,1.234,-0.192,0.68680,-0.09060,0.62528,-0.015,0.60962,0.15,0.732,-0.061,1.033,-0.018,0.493,0.067,0.78859,-0.036,0.328,-0.027
0,1.242,0.0,0.145,0.398,0.0,0.0,-0.177,-1,0.0,0.0,0.055,-0.102,0.0,0.0,0.0,0,0.0,0,0.0,0,0.01,0.704,-0.201,0.33671,-0.146,0.35696,0.05570,-1,0.0,0.0,0.066,-1.276,0,0.0
1,1.484,0.0,0.88103,-0.008,1.12,-0.02465,0.565,-0.02,0.846,-0.113,0.732,-0.086,0.88853,0.01179,0.863,-0.099,0.87138,-0.032,0.707,-0.02,0.87996,-0.182,0.82851,-0.106,1.274,-0.135,0.506,-0.165,0.94,-0.079,0.569,-0.18542,0.91747,-0.234
0,0.652,0,0.528,-0.696,0.0,0.0,0,0.0,0.347,0.51042,0.464,0.027,0,0.0,0,0.0,0.16458,-0.335,0.534,-0.143,0.0,0,0.0,0.0,0.98750,-0.453,-1.376,-0.687,-0.318,-0.811,0.0,0,0.0,0.0
1,0.773,0,1.309,0.013,0.523,0.012,0.829,0.01359,1.067,-0.065,1.248,-0.12,1.183,-0.008,0.971,-0.103,1.208,-0.05057,0.514,-0.028,0.836,-0.12126,0.88907,-0.156,0.895,-0.092,0.695,-0.168,1.239,-0.13051,0.83524,-0.12452,1.268,-0.12235
0,0.995,0.0,0,0.0,0.712,0.133,0.773,-0.028,0.0,0.0,0.617,-0.433,1,0.19556,0.659,-0.05333,1,-0.81556,0.0,0.0,1,-0.05,1.058,-0.118,0.0,0.0,0.735,-1,0.0,0.0,1.09,0.08,0.51,-0.09556
1,1,0.0,0.868,0.03,0.664,-0.001,0.49,0.009,0.79571,-0.031,0.85,0,0.977,-0.06714,1.253,0.002,1.042,-0.038,0.684,-0.176,0.907,-0.08429,0.74,-0.05000,0.679,-0.099,0.592,-0.08669,1.236,-0.10429,0.968,-0.059,0.82143,-0.214
0,1,0.0,0.0,0,0.0,0.0,0.0,0,0,0.0,0,0.0,-1.062,0.846,1.416,0.382,0.0,0.0,0.0,0.0,0,0,0.0,0.0,0.0,0.0,1.379,1.163,0,0,0.0,0.0,0.0,0.0
1,1,0.0,0.49870,0.01818,0.506,-0.081,0.644,-0.049,0.28,0.074,0.628,0.068,0.631,-0.116,0.396,-0.02,0.52727,-0.056,0.435,-0.011,0.429,-0.029,0.492,-0.011,0.59221,0.0,0.754,-0.03280,0.325,0.04,0.771,-0.05455,0.58961,-0.08571
0,0.0,0.0,0.0,0.0,0.0,0.0,0.0,0,0,0,0,0.0,0.0,0.0,0,0,0.0,0.0,0.0,0.0,0.0,0.0,0,0.0,0,0,1.373,-0.556,0.0,0.0,0.0,0.0,0.0,0.0
1,1.1,0,1.153,0.5,1.414,0.26,0.137,0.872,0.214,0.91180,-0.13336,0.925,-0.336,0.849,-0.657,0.335,-0.43663,0.165,-0.229,0.008,-0.35,-0.099,-0.173,-0.12,-0.064,-0.12744,-0.02089,-0.118,0.01033,-0.07036,0.012,-0.036,0.013,-0.03
0,0.651,0,0.0,0,0.0,0.0,1,0.718,-1.168,-0.975,0,0,1.499,-0.121,0.0,0.0,0.0,0.0,-0.87,1,1.352,0.523,1.408,-1.192,0.0,0,1,-1.37,0.0,0.0,0.0,0.0,1,1.069
1,1.324,0.0,0.708,0.38027,0.522,0.914,0.413,0.685,-0.031,0.90740,-0.265,0.914,-0.70561,0.502,-0.595,0.313,-0.81136,-0.12539,-0.961,-0.38102,-0.483,-0.385,-0.123,-0.64,0.115,-0.66421,0.38544,-0.303,0.414,-0.204,0.322,-0.05938,0.42,0.239
0,1,0.0,0.0,0,0.0,0.0,0,0.0,-0.672,1.347,0.0,0.0,1.03,0.37333,-0.12000,-0.12000,0.0,0.0,-1,-0.959,0.0,0.0,1.309,-1,0,0.0,0.641,0.234,0.0,0.0,0.0,0.0,0.0,0.0
1,1,0.0,0.856,0.43491,0.491,1.127,0.169,0.559,-0.256,1.378,-0.62526,0.71257,-0.825,0.243,-0.92384,-0.047,-0.754,-0.376,-0.522,-0.528,-0.071,-0.83,0.336,-0.662,0.31,-0.819,0.72147,-0.24433,0.72478,0.101,0.58137,0.428,0.186,0.503
1,1,0.0,0.455,0.022,0.195,0.161,0.148,0.74003,-0.25706,0.614,-0.114,0.158,-0.377,0.151,-1.361,-0.041,-0.13117,-0.14329,-0.179,-0.44615,-0.06,-0.85597,0.03,-0.146,0.277,-0.032,0.338,-0.11876,0.413,-0.075,0.2,0.196,0.12197,0.154
1,1,0.0,1.187,0.561,0.319,0.824,0.108,0.497,-0.304,0.83578,-0.415,0.631,-0.86622,0.209,-0.504,-0.194,-0.59714,-0.61894,-0.168,-0.728,0.178,-1.329,0.47,-0.462,1.01,-0.27734,0.574,0.105,0.66592,0.366,0.285,0.70011,-0.058,0.79444
1,0.649,0.0,0.62335,-0.036,0.398,0.006,0.60409,-0.058,0.548,0.007,0.62455,-0.052,0.469,0.07220,0.912,-0.111,0.67509,0.06,0.569,0,0.343,0.10108,0.732,0.042,0.717,0.207,0.768,0.02019,0.582,0.064,0.388,-0.00963,0.67,-0.063
1,1,0.0,0.682,-0.019,0.785,0.039,0.991,0.176,0.79228,0.07721,0.833,0.289,0.701,0.004,0.4,0.157,1,0.089,0.61029,0.05147,0.791,0.023,0.325,-0.258,0.929,-0.196,0.61727,0.055,0.30882,0.079,0.55916,0.039,0.84,0.264
1,1,0.0,0.846,0.18923,0.835,0.015,0.544,0.016,0.753,-0.10308,0.693,0.08000,0.904,0.072,0.978,0.072,0.786,-0.062,0.61692,0.142,0.783,0.039,0.939,0.087,0.60154,-0.099,0.58803,0.048,0.277,0.25692,0.506,0.07,0.377,0.09322
1,0.718,0,0.624,0.06,1.126,0.00202,0.706,0.00301,0.84300,0.107,0.783,0.033,0.848,0.003,0.843,0.004,0.80622,-0.137,0.77935,-0.045,0.76365,0.005,0.74635,0.012,0.543,-0.04243,1.042,0.005,0.434,0.071,0.417,0.008,0.48,0.013
1,1,0.0,0.5,0.0,0.559,0.139,0.702,0.06522,0.505,-0.024,0.48,-0.141,0.323,0.051,0.493,0.016,0.306,0.164,0.473,0.191,0.542,-0.024,0.288,-0.11304,0.674,-0.009,0.503,0.06908,0.38696,0.03913,0.394,0.208,0.44783,0.17391
1,0.686,0.0,0.432,0.124,1.168,0.20656,0.71628,0.178,0.513,0.363,0.962,0.328,0.325,0.60814,0.49210,0.58445,0.375,0.67861,0.352,0.576,0.086,0.38,0.017,0.368,-0.111,0.63183,-0.11925,0.381,-0.248,0.56015,-0.246,0.636,-0.167,0.594
1,1,0.0,0.789,0.132,1.176,0.364,1.165,0.407,1.113,0.586,0.962,0.503,0.733,0.427,0.55311,0.74079,0.29452,0.589,0.135,0.79777,0.104,0.82162,-0.01734,0.928,-0.102,0.75596,-0.286,0.976,-0.349,0.892,-0.408,0.773,-0.42815,0.263
1,1,0.0,0.992,0.099,0.983,0.31543,0.572,0.508,0.736,0.59975,0.54003,0.703,0.239,0.76161,0.248,1.08,0.088,0.775,-0.077,0.76261,-0.17,0.339,-0.328,0.536,-0.40552,0.516,-0.46215,0.577,-0.253,0.327,-0.52823,0.133,-0.426,0.062
1,1,0,0.94631,0.203,0.588,0.364,1.254,0.686,0.73678,0.927,0.754,1.017,0.384,0.447,0.265,0.90665,0.103,1.368,-0.005,1.029,-0.194,0.89383,-0.487,0.82492,-0.523,1.071,-0.456,0.981,-0.67929,0.264,-1.077,0.42488,-0.567,0.158
1,1,0.0,0.562,0.18198,1.099,0.18,0.99,0.45747,0.439,0.69865,0.483,0.427,0.373,0.853,0.218,1.153,0.00396,0.85210,-0.231,0.563,-0.277,0.686,-0.43087,0.452,-0.317,0.669,-0.668,0.40972,-0.369,0.27338,-0.659,0.1,-0.827,0.046
1,1.099,0.0,0.596,0.111,0.63935,0.326,0.604,0.654,0.212,0.309,0.088,0.884,-0.073,0.61,0,0.336,-0.158,0.259,-0.499,0.36818,-0.357,0.208,-0.40533,0.085,-0.38483,-0.019,-0.245,-0.098,-0.235,-0.19714,-0.178,-0.24648,-0.11894,-0.27218
1,1.034,0.0,0.671,-0.60927,1.117,0.55298,0.9,0.054,0.56623,0.223,0.364,0.24172,0.668,0.12252,0.731,0.136,0.565,0.486,0.54305,0.149,0.481,0.217,0.68874,0.101,0.273,0.217,0.49013,0.342,0.621,0.201,0.569,0.191,0.369,0.29942
1,1,0.0,1.197,0.094,0.994,-0.173,0.732,0.09677,0.71157,0.007,0.606,-0.07780,0.72,0.12524,0.337,0.037,0.786,-0.048,0.537,0.16,0.502,0.092,0.444,0.05882,0.772,0.37381,0.717,0.17951,0.224,0.211,0.577,0.152,0.646,0.15180
1,0.617,0.0,0.845,0.085,0.546,-0.016,0.77031,-0.03299,0.647,-0.06620,0.59582,-0.07666,0.425,-0.05771,0.64260,-0.068,0.4,0.054,0.623,0.015,0.407,-0.083,0.782,-0.08453,0.29,-0.321,0.579,-0.116,0.296,-0.063,0.44277,-0.109,0.278,-0.137
1,1,0.0,0.725,0.116,0.773,-0.003,0.939,-0.006,0.87980,-0.029,1,0.02,0.608,-0.01,1.026,-0.019,0.831,0.01002,0.91152,-0.131,0.95016,-0.017,1.119,-0.02,1.159,0.026,0.93772,-0.017,1.257,-0.051,1.342,-0.03464,1.38,-0.03673
1,1,0.0,0.37,-0.12371,0.504,-0.12371,0.659,-0.271,0.961,0.096,0.26289,-0.128,0.49485,0.17,0.377,-0.11856,0.43,0.036,0.5,-0.232,0.765,0.178,0.598,0.063,0.688,0.27,0.53,-0.105,0.15464,-0.165,0.497,0.048,0.45361,-0.396
1,1.174,0.0,0.441,-0.052,0.65,0.035,0.7,0.196,0.65358,-0.00462,0.64203,0.078,1.01,-0.479,1.025,0.54965,0.59584,0.106,0.63510,0.311,0.559,-0.25404,0.712,0.135,0.697,0.181,0.391,0.2,0.601,0.07621,0.932,0.19841,0.585,0.276
1,1,0.0,0.307,-0.018,0.61124,0.012,0.58876,0.01,0.58876,0.018,0.698,-0.005,0.984,-0.04719,0.746,0.013,0.338,0.02472,0.807,-0.077,0.681,0.173,0.57528,-0.037,0.605,0.03,0.68,0.005,0.318,-0.03596,0.402,0.059,0.812,-0.08090
1,1.499,0.0,0.787,-0.007,0.66667,-0.046,0.558,-0.048,0.686,0.048,0.368,0.054,0.904,0.156,0.496,-0.022,0.801,-0.048,0.46926,-0.10032,0.672,0.14887,0.39159,0.21683,0.742,-0.05502,0.45105,0.001,0.361,-0.06796,0.626,-0.123,0.402,-0.032
1,0.651,0.0,0.744,0.099,0.77037,0.032,0.468,0.101,0.727,-0.007,0.958,0.167,0.408,0.04938,0.62469,0.098,1.173,-0.17531,0.386,-0.103,0.579,0.00988,0.712,0.08148,0.65,-0.075,0.555,-0.025,0.76543,0.03,0.61235,-0.056,0.601,-0.04691
1,1,0,0.412,-0.02712,0.654,0.039,0.423,-0.058,0.457,0.047,1.012,-0.049,0.456,-0.017,0.733,0.045,0.738,0.087,0.464,-0.02373,0.363,0.00678,0.71525,-0.045,0.324,-0.048,0.422,0.01,0.477,-0.003,0.58983,-0.016,0.50169,0.06780
1,1,0,0.693,0.142,0.212,0.036,0.353,0.0,0.57282,-0.02427,0.519,0.016,0.215,0.045,0.539,0.007,0.485,-0.153,0.551,0.005,0.471,0.05825,0.18932,0.25728,0.171,-0.086,0.36547,0.05,0.458,0.195,0.28,0,0.386,-0.019
1,1.01,0.0,0.98822,0.015,0.551,0.34100,0.892,0.188,0.74706,0.709,0.73584,0.436,0.48,0.67,0.37,0.69,0.31800,1.049,0.28379,0.382,0.079,0.608,0.081,0.514,-0.16489,0.69714,-0.147,0.438,-0.178,0.476,-0.204,0.429,-0.327,0.37465
1,0.591,0,0.971,0.08,1.304,0.467,0.82039,0.362,1.056,0.49,0.445,0.73743,0.259,0.553,0.189,0.963,0.04700,1.276,-0.156,0.79749,-0.26180,0.894,-0.198,0.678,-0.708,0.477,-0.57587,0.283,-0.613,0.203,-0.568,0.18345,-0.642,0.02968
1,0.628,0.0,0.802,0.165,0.974,0.47030,0.76902,0.62415,0.462,0.718,0.386,0.947,0.148,0.83312,-0.06827,0.89274,-0.157,0.427,-0.43707,0.364,-0.55769,0.287,-0.65000,0.509,-0.965,0.14,-0.803,0.016,-0.93,-0.123,-0.777,-0.19,-0.45,-0.447
1,1,0,1.239,0.19959,0.96132,0.354,0.622,0.56569,0.642,0.9,0.294,0.578,0.152,0.984,0.035,0.93682,-0.364,0.587,-0.62,0.955,-0.293,0.467,-0.958,0.549,-0.68851,0.41,-1.025,0.171,-0.639,-0.04399,-0.488,-0.17921,-0.958,-0.224
1,1,0.0,0.493,0.235,0.455,0.349,0.607,0.458,0.27,0.80511,0.12,0.733,-0.293,0.89335,-0.545,0.82163,-0.69,0.62867,-0.781,0.40368,-0.81262,0.18888,-0.99,-0.06,-0.692,-0.32,-0.63237,-0.258,-0.336,-0.329,-0.336,-0.466,-0.111,-0.653
1,0.893,0.0,0.89835,0.43,0.989,0.62233,0.241,0.94353,-0.03643,0.932,-0.198,0.75334,-0.288,0.53,-0.613,0.28415,-0.66750,0.146,-0.432,-0.088,-1.096,-0.045,-0.315,-0.361,-0.089,-0.53620,0.07158,-0.364,0.287,-0.225,0.222,-0.187,0.215,0.182
1,1.472,0.0,0.311,0.068,0.142,0.219,0.028,0.456,0.124,0.26316,0.069,0.145,-0.04725,0.068,-0.066,0.07907,-0.068,0.04097,-0.057,0.018,-0.029,-0.001,-0.02876,-0.007,-0.011,-0.008,-0.00886,-0.01475,-0.002,-0.01,0.00096,-0.011,0.003,-0.00647
1,1.41,0.0,0.628,-0.35526,0.857,0.35338,0.845,-0.005,0.775,0.203,0.312,-0.195,0.909,0.091,0.625,0.164,0.72368,-0.42669,0.744,0.04511,0.75,0.124,0.84774,-0.493,0.861,-0.04699,0.736,-0.057,0.679,-0.13346,0.15602,-0.111,0.64,-0.149
1,1,0.0,0.47,0.116,0.917,0.034,0.65829,0.102,0.177,0.07,0.275,0.104,0.739,0.173,0.44747,0.177,0.29352,0.019,0.573,0.108,0.32835,0.205,0.187,0.14638,0.219,0.089,0.23641,0.145,0.297,0.145,0.18767,0.141,0.16655,0.193
1,1,0.0,0.602,0.149,0.85738,0.01038,0.989,0.02,1.126,-0.003,0.5,0.10916,0.979,0.037,0.82680,0.021,0.625,0.014,0.947,0.031,1.147,0.071,0.883,0.05352,0.77336,0.026,1.095,0.042,0.85939,0.073,1.099,0.07,1.042,0.07508
1,1,0.0,0.87111,0.03,0.403,0.11,0.718,0.29292,0.992,-0.073,0.746,-0.02028,0.999,-0.363,0.453,0.193,1.063,-0.052,0.71,-0.015,1.02,-0.25,0.807,-0.256,0.86661,-0.13,0.735,-0.034,0.78774,-0.04,0.752,0.21812,0.88238,0.09193
1,1,0.0,0.74916,0.02,0.98994,0.074,0.966,0.142,0.768,-0.106,1.32,0.036,1.345,-0.003,0.96110,0.08,0.91482,0.055,0.71026,0.023,1.198,-0.04,0.606,0.0,1.061,-0.006,0.82271,0.02552,0.72435,-0.016,1.332,0.072,0.748,0.031
1,1,0,0.666,0.252,0.037,-0.105,0.45,0.01006,0.45562,-0.055,0.626,0.013,0.384,0.248,0.521,-0.039,0.772,0.086,0.318,0.11538,0.52767,0.04,0.51183,-0.111,0.612,-0.014,0.632,0.031,0.395,0.154,0.161,-0.14497,0.34615,-0.004
1,1.247,0.0,0.385,0.208,0.682,-0.155,0.936,-0.13936,0.80979,0.018,0.303,0.042,0.416,-0.043,0.463,-0.13,0.51412,-0.192,0.726,-0.14313,0.369,-0.00377,0.33333,0.085,0.56121,-0.284,0.61444,-0.131,0.38,-0.014,0.672,-0.267,0.745,-0.22034
1,1.144,0.0,0.634,-0.024,1.203,-0.058,0.81953,0.0,0.771,-0.07643,0.71975,-0.155,1.031,-0.092,0.632,-0.248,0.61,-0.21231,0.61996,-0.109,0.902,-0.083,0.89384,-0.03397,0.942,-0.351,0.484,-0.305,0.66242,-0.247,0.751,-0.37792,0.814,-0.224
1,1.271,0.0,0.499,-0.08152,0.83424,0.102,0.802,0.04076,0.77174,-0.017,1.098,-0.046,1.203,-0.10598,0.708,-0.003,1.275,-0.226,0.748,0.038,0.497,-0.049,0.97283,-0.414,0.588,-0.266,0.543,-0.133,0.85870,-0.03261,1.102,-0.105,0.79076,-0.006
1,1,0.0,0.461,-0.097,0.53755,0.149,0.72727,0.063,0.826,-0.139,0.66798,-0.256,0.541,-0.108,0.73715,0.044,0.63043,-0.003,0.633,-0.151,0.79249,-0.352,0.871,-0.295,0.664,-0.066,0.61847,-0.169,0.613,-0.152,0.426,0.101,0.726,-0.01383
1,1.142,0.0,0.324,0.11308,0.52,0.01,0.654,0.054,0.566,-0.13969,0.793,0.01330,0.63858,-0.228,0.492,-0.029,0.395,-0.131,0.784,-0.029,0.276,-0.156,0.736,-0.145,0.217,-0.17,0.53930,-0.11455,0.371,-0.021,0.53659,-0.11752,0.708,-0.04435
1,1,0.0,0.521,0.402,0.715,0.591,0.523,0.74,0.373,0.90502,0.139,0.96128,-0.20097,0.947,-0.206,0.913,-0.499,0.62210,-0.826,0.45535,-1.146,0.162,-0.817,-0.062,-0.796,-0.248,-0.67557,-0.45511,-0.719,-0.862,-0.236,-0.555,-0.19312,-0.475
1,1.078,0.0,0.93147,0.259,0.678,0.659,0.51,0.497,0.245,1.31,0.046,0.96748,-0.23237,0.95130,-0.55926,0.637,-0.808,0.62385,-0.801,0.36200,-1.098,0.071,-0.912,-0.152,-0.83192,-0.46906,-0.731,-0.388,-0.469,-0.466,-0.077,-0.707,0.127,-1.072
1,0.989,0.0,0.923,0.181,0.73232,0.57816,0.401,0.854,0.035,1,-0.095,0.815,-0.765,0.71996,-0.69767,0.424,-0.583,0.266,-0.614,-0.005,-0.802,-0.55,-0.513,-0.23,-0.786,-0.376,-0.379,-0.603,-0.026,-1.083,0.25392,-0.82127,0.00194,-0.81686
1,1.499,0.0,0.892,0.181,0.69256,0.47,0.542,1.008,0.291,0.901,-0.08096,0.701,-0.35558,0.424,-0.489,0.58425,-0.995,0.318,-0.834,0.034,-0.819,-0.15317,-0.346,-0.218,-0.37199,-0.605,-0.232,-0.85,0.08425,-0.61488,0.32,-0.558,0.40591,-0.311
1,0.905,0.0,1.156,0.354,0.76168,0.935,0.711,1.186,0.257,0.877,-0.143,0.558,-0.47202,0.6,-0.826,0.715,-0.87474,0.349,-0.91814,0.038,-1.071,-0.26173,-0.721,-0.731,-0.442,-0.74735,-0.117,-0.86122,0.07810,-1.02,0.437,-0.508,0.566,-0.60270
1,0.958,0.0,0.83367,0.415,0.516,0.339,0.284,0.445,0.228,0.582,-0.251,0.631,-0.594,0.407,-0.982,0.658,-0.608,0.19,-0.589,-0.04887,-0.782,-0.28195,-0.335,-0.616,-0.152,-0.484,-0.01530,-0.69706,0.22708,-0.64428,0.564,-0.348,0.64662,-0.30075
1,1,0.0,1.443,-0.02736,1.021,-0.04104,1.009,-0.107,0.564,0.009,0.984,-0.037,0.631,-0.077,1.061,-0.067,0.699,-0.085,0.97264,-0.156,0.99294,-0.029,0.64,-0.092,1.355,-0.08,1.127,-0.144,0.93469,-0.14916,0.97132,-0.162,0.953,-0.18800
1,1,0.0,0.65,-0.022,0.557,0.01,1.01,-0.022,0.95878,-0.009,0.682,-0.027,0.948,-0.01767,1.287,-0.032,1.062,-0.024,0.909,-0.046,0.94229,-0.024,0.92815,-0.024,0.92049,-0.057,0.92695,-0.05,0.759,-0.041,0.91991,-0.062,0.973,-0.07420
1,1,0.0,1.101,-0.14384,0.691,-0.001,0.96575,-0.17123,0.735,0.18265,1.273,0.002,0.753,-0.124,0.561,-0.002,0.86758,-0.045,0.97032,-0.317,1,0.10274,0.794,-0.035,0.925,0.099,0.625,-0.092,0.573,-0.199,0.641,-0.082,1.238,-0.243
1,1,0,0.557,-0.021,1.211,0.08475,0.52542,-0.178,0.279,-0.01,0.468,-0.08,0.489,0.43,0.688,-0.34,0.54237,0.011,0.55932,0.03390,0.85,0.368,0.48,0.03,0.436,0.224,0.592,-0.004,0.941,-0.03390,1.189,-0.15254,0.527,-0.088
1,1,0.0,0.33333,-0.203,0.44444,0.156,0.428,0.108,0.243,0.107,0.326,-0.11111,0.597,-0.08443,0.853,0.424,0.55556,0.021,0.328,-0.22,0.676,-0.057,0.447,-0.019,0.27,0.11,0.602,-0.14256,0.136,-0.12,0.403,-0.197,0.08333,-0.5
1,1,0,0.51207,0.566,1,0.597,0.71178,0.80833,0.353,0.425,0.421,1.393,0.264,0.919,-0.17416,0.626,-0.345,0.825,-0.61382,0.661,-0.292,0.733,-0.458,0.256,-1.19,0.412,-1.372,0.14,-1.217,-0.173,-0.658,-0.42226,-0.482,-0.474
1,1,0,0.75564,0.671,0.521,0.496,0.385,0.72063,0.408,0.389,0.154,0.94749,-0.116,1.336,-0.228,0.413,-0.775,0.53,-0.472,0.844,-0.70163,0.24956,-0.707,0.028,-0.859,-0.312,-0.764,-0.249,-0.63312,-0.234,-0.365,-0.831,-0.269,-0.62956
1,1,0.0,0.602,0.459,0.492,0.61,0.577,0.78115,0.208,0.82732,-0.071,0.899,-0.46177,0.78497,-0.298,0.52070,-1.155,0.198,-1.116,0.027,-0.331,-0.218,-0.51,-0.549,-0.234,-0.567,-0.05054,-0.365,0.164,-0.373,0.37093,-0.405,0.294,-0.24313
1,1.422,0.0,0.93658,0.35107,0.843,0.633,0.49,0.993,0.203,0.95776,-0.21775,1.298,-0.817,0.83397,-0.714,0.699,-1.196,0.158,-0.879,-0.06418,-0.47,-0.43,-0.405,-0.67464,-0.26,-0.84951,-0.038,-1.286,0.245,-0.735,0.536,-0.995,1.031,-0.44173
1,0.562,0.0,0.92436,0.253,0.886,0.603,0.179,0.616,-0.155,1.144,-0.461,0.92453,-0.907,0.494,-0.682,0.429,-1.237,0.09585,-0.558,0.033,-0.66431,-0.42,-0.46010,-0.464,-0.073,-0.88082,0.235,-0.434,0.48904,-0.789,0.628,-0.585,0.76066,-0.13194
1,1,0,1.16,0.178,0.64,-0.06,1,0.014,1,-0.103,1.411,-0.021,1,-0.022,1.104,-0.086,0.677,-0.051,1.252,0.069,1.287,-0.125,1.463,-0.02685,1.161,-0.334,1,-0.054,0.592,0.1,1,-0.168,1,-0.105
1,0.99,0,0.95559,-0.001,0.435,-0.13244,0.812,-0.004,0.609,-0.51171,0.642,0.10368,1.021,-0.158,0.99264,-0.025,0.95853,-0.159,0.506,0.838,1,-0.231,0.912,-0.083,0.947,-0.019,0.426,-0.021,1.155,-0.028,0.875,-0.017,0.664,-0.02039
1,1,0.0,0.79378,0.366,0.447,0.338,0.41319,0.975,0.208,0.48,-0.248,1.085,-0.42911,0.72328,-0.83,0.456,-0.75436,0.16755,-1.032,-0.09856,-0.735,-0.264,-0.471,-0.396,-0.093,-0.777,0.008,-0.48707,0.165,-0.231,0.242,-0.319,0.355,-0.06
1,1,0.0,0.445,0.35232,0.408,0.372,0.45,1.112,0.042,0.661,-0.29784,0.86490,-0.87,0.979,-0.533,0.224,-0.822,0.084,-0.81641,-0.25,-0.891,-0.45,-0.39766,-0.68337,-0.151,-0.554,0.104,-0.527,0.40675,-0.638,0.56626,-0.327,0.54,-0.17
1,0.977,0.0,1.117,0.432,0.66129,0.505,0.29521,0.861,-0.034,0.94415,-0.45725,0.943,-1.064,0.5,-0.487,0.223,-0.724,-0.146,-0.526,-0.48404,-0.376,-0.76197,-0.165,-0.88591,0.139,-1.068,0.79,-0.412,0.461,-0.575,0.709,-0.07029,0.598,0.27926
1,1,0.0,1.309,-0.24051,1.139,-0.20253,0.87342,-0.106,0.95,0.011,1.376,0.11392,1.242,0.07,0.941,-0.043,0.498,-0.511,0.682,-0.007,0.93671,0.065,0.687,0.29,0.556,-0.284,0.777,-0.05540,0.652,-0.078,0.695,0.02532,0.83544,-0.021
1,1,0.0,0.951,0.005,0.83312,0.022,0.82638,0.028,1.232,0.011,0.383,0.087,1.123,0.057,0.808,0.044,0.64706,0.183,0.84034,0.061,0.71285,0.103,0.532,0.07577,0.644,0.048,0.895,0.08296,0.493,0.023,0.628,0.061,0.818,0.08891
1,0.989,0.0,0.85013,0.018,0.976,0.01,0.67,0.03,1.217,0.08010,0.901,0.135,0.576,0.04320,0.90738,0.055,0.87339,0.02842,0.683,0.0,0.786,0.07047,1.05,0.108,0.83721,0.08,1.09,0.08950,0.894,0.077,0.479,0.069,1.234,0.066
1,0.707,0.0,0.971,-0.017,0.524,-0.004,0.799,-0.013,0.725,-0.023,0.724,-0.04,1,-0.02187,0.99828,-0.024,0.99528,-0.048,0.687,-0.03452,0.632,-0.03881,0.576,-0.063,1.142,-0.073,1.18,-0.04,0.99400,-0.06304,0.87,-0.077,1.435,-0.06668
1,0.85,0.0,0.562,-0.03,0.87525,0.05545,0.744,0.014,1.239,0.029,0.527,-0.014,1.297,-0.015,0.934,0.049,0.793,0,0.799,0.01386,1.189,0.006,0.88713,-0.01782,1.052,0.02376,0.526,0.012,0.936,0.002,0.87327,0.039,0.665,0.02376
1,1,0.0,0.90071,0.021,0.85,-0.012,1.011,0.009,0.934,0.05674,1.139,0.042,0.532,0.016,0.97518,0.05,1.003,-0.018,0.688,-0.028,0.86170,0.084,1,0.09,0.90071,0.065,1.066,0.029,0.744,0.014,1.174,0.01064,0.705,0.02128
1,1,0.0,0.39394,-0.143,0.554,0.01270,0.45455,0.092,0.63636,0.094,0.264,-0.222,0.372,0.186,0.527,0.0,0.313,0.033,0.379,0.019,0.946,0.18,0.30303,-0.101,0.666,0.036,0.46362,0.06142,0.434,-0.03030,0.233,0.032,0.345,0.285
1,1,0,0.86689,0.475,1.006,0.914,0.345,0.914,0.127,1.288,-0.278,0.86121,-0.283,0.401,-0.972,0.41524,-0.635,0.086,-0.684,-0.174,-0.569,-0.486,-0.32537,-0.616,-0.031,-0.59954,0.15360,-0.53127,0.336,-0.522,0.469,-0.123,0.468,0.016
1,1.168,0.0,1.211,0.37917,0.67311,0.452,0.331,0.844,-0.063,0.93345,-0.463,0.988,-0.39,0.739,-0.903,0.207,-0.88,-0.05365,-0.73564,-0.325,-0.51778,-0.777,-0.23428,-0.789,0.05,-0.73856,0.33531,-0.486,0.474,-0.287,0.32,-0.151,0.866,0.084
1,1,0.0,0.90547,0.335,0.931,0.943,0.239,0.95905,-0.13342,0.616,-0.684,0.611,-1.05,0.435,-0.96631,0.12,-0.533,-0.25554,-0.688,-0.484,-0.306,-0.85205,-0.031,-0.574,0.36318,-0.862,0.892,-0.603,0.85977,-0.404,1.174,0.08,0.513,0.533
1,1,0.0,1.434,1.347,0.352,0.065,0.083,0.529,-0.27586,0.93596,-0.368,0.37685,-0.538,0.471,-0.827,-0.091,-0.383,-0.32,-0.46552,-0.859,-0.056,-0.999,0.25616,-0.137,0.73792,-0.33,0.471,-0.06831,1.032,1.465,0.541,0.003,0.198,0.79790
1,1,0,0.872,0.425,0.603,0.424,0.059,0.251,-0.32104,0.405,-0.677,0.48485,-0.341,0,-0.415,-0.12121,-0.178,-0.537,-0.09091,-0.944,0.48485,-0.549,0.338,-0.356,1.451,-0.398,0.646,0.089,0.942,0.491,0.266,0.387,0.078,0.33333
1,1.387,0,0.761,0.0,1.076,-0.026,0.93598,-0.007,0.472,0.012,0.502,0.012,0.473,0.006,0.958,0.003,0.746,0.021,0.94207,-0.018,0.742,0.015,0.91463,0.042,1.467,0.04878,0.89666,0.017,0.731,0.013,1,0.05488,0.97561,-0.016
1,1,0,1.184,0.078,0.79078,-0.116,1.09,-0.026,0.92908,0.01,0.80142,0.08865,1.208,-0.00709,0.999,0.0,0.595,0.121,0.788,-0.008,0.793,0.005,0.476,0.102,0.573,0.15957,1.314,0.08165,0.537,0.04,0.703,0.19,0.851,0.0
1,0.673,0,0.74468,0.154,1.165,0.014,0.88542,0.013,0.566,-0.012,0.73050,0.117,0.511,0.02912,0.707,0.03382,0.673,0.058,1.034,0.04255,0.969,0.031,0.594,0.066,1.275,0.118,0.911,0.042,0.74468,-0.036,1.083,0.086,1.074,0.07173
1,1,0,1.066,0.025,1.116,0.003,0.505,0.004,1.027,0.0,0.735,0.102,0.457,0.006,1.098,0.006,0.555,-0.073,0.931,0.021,0.451,0.01603,0.83486,0.01749,0.79503,-0.024,1.202,0.021,0.81988,0.08,0.80757,0.024,1.116,0.02441
1,0.948,0.0,0.684,0.006,1.141,0.026,1,0.028,1.459,0.014,0.597,0.025,0.97158,0.049,1,0.046,1.346,0.02131,1.224,0.05684,0.565,0.051,0.475,0.05506,0.541,0.042,0.97540,0.045,0.72,0.061,0.99112,0.056,1.133,0.09947
1,1,0.0,0.682,0.01105,1,0.01105,0.627,0.024,0.678,-0.015,0.99448,-0.00221,0.706,0.017,1,0.00884,1.019,0.006,0.595,0.021,0.98011,0.003,1.049,0.023,0.518,-0.008,0.797,0.024,0.531,0.017,1.103,0.018,1.31,0.019
1,0.964,0.0,1.295,-0.01342,1,0.01566,1,-0.003,0.707,0.091,1.096,0.062,0.95973,0.018,1,0.058,1.039,0.045,1,0.034,1.426,0.092,1.29,0.095,0.54,0.061,0.99989,0.079,1.193,0.091,1.41,0.113,0.622,0.10067
1,1.123,0.0,0.88420,0.536,0.67123,0.695,0.503,0.566,0.015,0.553,-0.26,1.098,-0.336,0.88,-0.968,0.348,-0.83285,-0.009,-0.389,-0.32963,-0.52504,-0.53924,-0.277,-0.467,0.00806,-0.831,0.364,-0.60678,0.369,-0.382,0.276,-0.135,0.767,0.02823
1,1.104,0.0,1.16,0.579,0.64131,0.75725,0.30440,1.381,-0.20449,1.302,-0.595,0.943,-0.901,0.628,-0.621,0.129,-0.619,-0.248,-1.026,-0.924,-0.32354,-0.867,0.049,-0.674,0.44483,-0.953,0.74105,-0.55231,0.529,-0.18725,1.034,0.261,0.699,0.658
1,1.401,0.0,0.32789,0.11042,0.135,0.29308,0.14020,0.76,-0.219,0.91993,-0.084,0.289,-0.63714,0.24,-0.97650,-0.002,-0.23227,-0.144,-0.302,-0.553,-0.169,-1.344,0.081,-0.409,0.197,-0.156,0.199,-0.085,0.265,0.076,0.219,0.20540,0.139,0.293
1,1.274,0.0,0.65845,0.304,0.649,0.74804,0.078,1.217,-0.252,0.903,-0.513,0.677,-1.245,0.07111,-0.645,-0.396,-0.694,-0.985,-0.055,-0.522,0.134,-0.76316,0.586,-0.262,0.397,-0.21,0.929,0.23713,0.292,0.59071,0.20549,0.76764,-0.19,0.74356
1,0.769,0,0.19466,0.049,0.04198,0.15,-0.148,0.691,-0.254,-0.135,-0.308,0.054,-0.633,0.052,-0.148,-0.222,-0.103,-0.44,0.179,-0.183,0.34012,-0.165,0.28626,-0.16031,0.21645,0.125,0.022,0.225,-0.026,0.358,-0.103,0.16794,-0.30153,-0.429
1,0.617,0.0,0.929,0.00075,0.889,0.0,0.713,-0.001,1.181,0.023,0.586,0.02130,0.97888,0.024,0.99170,0.018,0.93929,0.05713,1.033,0.05279,0.628,0.069,0.977,0.07,0.805,0.089,1.073,0.042,0.662,0.042,0.69,0.08126,0.97247,0.128
1,1,0.0,0.882,-0.07572,0.917,0.002,0.655,-0.01214,0.86821,-0.07514,0.669,-0.067,0.886,0.07,0.75,-0.048,0.584,0.076,0.78324,0.085,0.778,-0.02370,0.62,-0.083,0.974,-0.026,0.76717,-0.014,0.983,-0.1,0.725,-0.048,0.78439,0.015
1,1.271,0.0,0.273,-0.193,0.399,-0.02423,0.735,-0.052,0.458,-0.073,0.903,-0.099,0.429,-0.052,0.878,-0.075,0.585,-0.26409,0.58213,0.048,0.49736,-0.08771,0.46241,-0.128,0.518,-0.008,0.39146,-0.094,0.231,-0.064,0.204,-0.127,0.28943,-0.08300
1,1.392,0.0,0.897,0.012,0.585,0.002,0.625,0.003,0.79988,0.029,1.069,0.12,1.056,0.00744,0.927,0.00854,0.845,-0.039,0.484,0.029,0.474,0.01148,0.75071,0.01232,0.509,-0.00303,0.841,0.02,0.584,0.012,0.66298,0.015,0.76,0.01525
1,1.069,0,0.585,-0.01366,0.674,0.097,0.36,0.50137,0.75683,-0.004,0.919,-0.102,0.254,-0.709,0.39208,0.694,0.76776,0.225,0.573,0.065,0.47541,-0.513,0.621,0.006,0.60656,0.068,0.548,0.17088,1.311,0.079,0.29,0.309,0.109,0.696
1,1,0,0.64,0.064,0.718,-0.173,0.487,-0.047,1.207,-0.04622,0.743,0.139,0.81197,0.095,0.671,-0.08929,0.96,-0.024,0.742,0.056,0.87605,0.015,0.854,0.06618,0.563,-0.062,1.151,0.00123,0.992,0.179,0.544,-0.112,0.851,-0.04307
1,0.767,0.0,1.067,0.005,0.841,-0.02723,0.703,-0.019,1.119,0.01606,1.099,0.03281,0.94171,0.07330,1.203,-0.019,0.553,0.00140,0.835,0.079,0.504,0.08412,1.317,0.086,0.656,0.015,0.874,0.04925,0.934,0.097,0.739,-0.0,0.91483,0.055
1,0.558,0,0.621,-0.00034,1.142,-0.03227,0.941,-0.021,1.279,0.02446,0.94124,0.009,0.546,0.049,1.172,-0.018,0.979,0.024,0.576,0.009,0.8,0.055,0.89470,0.034,0.955,0.02,1.27,0.022,1.104,0.017,0.92459,0.00442,0.598,-0.00577
1,1.322,0.0,0.90608,-0.015,1.131,-0.01989,0.523,-0.054,0.944,0.001,1.254,-0.03315,1.254,-0.017,0.893,-0.04530,1.053,-0.005,1.211,-0.12928,0.88729,0.01215,0.92155,-0.02320,0.751,-0.027,1.261,-0.079,0.724,-0.179,1.316,-0.047,0.934,-0.186
1,1,0.0,0.989,0.203,0.73638,-0.075,0.87873,0.104,0.694,-0.09139,0.78735,0.078,0.468,-0.004,0.81,-0.01054,0.448,-0.045,0.87170,-0.033,1.178,-0.068,0.654,0.04,0.924,-0.131,0.773,-0.065,0.533,-0.005,0.75747,-0.06678,1.022,-0.042
