1,1.455,0.0,1.058,-0.05889,0.937,0.023,0.83398,-0.268,1.034,0.032,0.467,-0.136,0.574,-0.597,0.904,-0.254,0.797,-0.301,0.803,-0.206,0.749,-0.29674,0.36946,-0.47357,0.56811,-0.551,0.511,-0.323,0.21266,-0.393,0.389,-0.429,0.184,-0.45300
0,1.173,0.0,1,-0.18829,0.567,-0.252,-0.149,-0.93597,1,-0.045,0.7,-0.67743,0.484,-0.877,-0.273,-1.314,0.061,-0.434,0.393,-1,-0.131,-0.418,-0.18056,-0.407,-0.20332,-0.282,-0.202,-0.227,-0.212,-0.12,-0.244,-0.092,-0.071,-0.035
1,1,0,1.274,-0.044,0.557,0.00485,1.195,-0.173,0.654,0.006,0.903,0.054,0.851,0.008,0.54591,0.003,0.865,-0.129,0.765,-0.07,1.006,-0.409,0.43385,-0.178,0.505,-0.40220,0.347,-0.131,0.471,-0.197,0.60436,-0.264,0.65,-0.38238
0,1,0.0,1.21,-0.45161,1,0.574,0.993,-0.957,0.0,0.0,0,0.0,0.0,0.0,-1.167,0.117,0.792,-0.261,-1.332,-0.686,-0.69975,1.463,0.0,0.0,1.128,1.245,0.334,1.233,1.334,-0.16,0.25682,1,-0.391,1
1,0.94,0.0,0.824,-0.031,0.94140,0.043,1.286,-0.265,1.092,-0.16399,0.52798,-0.215,0.56409,-0.009,0.263,-0.203,0.423,-0.296,0.322,-0.267,0.05982,-0.465,0.014,-0.65,0.044,-0.65158,0.124,-0.53206,0.018,-0.672,-0.064,-0.776,-0.033,-0.65697
0,0.616,0.0,0.029,-0.005,-0.096,-0.123,-0.01,-0.11824,0.14706,0.058,0.055,-0.049,0,0,-0.038,-0.174,-0.003,-0.113,-0.061,-0.055,0.018,0.027,0.021,0.008,0.048,-0.008,-0.03240,0.09223,-0.103,0.005,0.0,0.0,-0.00039,0.12011
1,1.453,0.0,0.992,-0.10602,0.709,-0.217,0.907,-0.28350,0.85996,-0.384,0.839,-0.455,1.06,-0.375,0.644,-0.762,0.57945,-0.68086,0.483,-0.407,0.235,-0.481,0.294,-0.79753,0.22792,-1.024,0.13659,-0.579,0.028,-0.482,-0.024,-0.62,-0.11,-1.185
0,0.0,0.0,0.0,0,0.0,0,0.568,-0.519,0.0,0.0,-0.843,-1,0.0,0.0,0,0.0,1,1.234,-0.987,-0.93,0.0,0,0.0,0,1.081,1,0.708,0.601,0.0,0.0,1.122,0.969,0.0,0.0
1,1.073,0.0,1.057,-0.08,1.134,-0.081,1.098,-0.153,1,-0.539,0.92570,-0.43569,0.954,-0.40668,0.677,-0.385,0.67,-0.521,1.076,-0.416,0.75346,-0.82,0.542,-0.356,0.807,-0.65440,0.626,-0.638,0.37,-0.816,0.45114,-0.72779,0.412,-0.711
0,0.771,0.0,-0.01864,-0.08459,0,0.0,0.0,0.0,0.103,-0.176,-0.414,-0.281,0,0.0,-0.343,0.492,-0.284,0.126,0.369,0.256,0.0,0.0,0,0.0,-0.091,-0.011,0.126,-0.02294,0.0,0,0.146,0.316,-0.043,0.38065
1,1,0.0,0.569,0.06655,1.315,-0.254,0.73,-0.281,0.779,-0.53,1,-0.41349,1.192,-0.552,1.339,-0.452,1.289,-0.816,0.717,-0.636,0.857,-0.648,0.377,-0.983,0.55867,-1.003,0.45,-0.86500,0.40303,-0.83675,0.368,-1.208,0.234,-0.488
0,1,0.0,0.623,-0.397,1.139,-1.289,0.846,-1.051,0.885,0.414,1,-0.553,1,0.921,1,-0.779,1.022,-0.341,1.127,-1.258,1,0.546,1,0.967,1.375,-0.534,1,-0.617,1.15,-1,1.293,-1.124,1.044,-0.644
1,0.677,0.0,0.866,-0.16316,1.448,-0.10169,1.053,-0.202,0.803,-0.19277,0.574,-0.489,0.497,-0.39,0.472,-0.432,1.336,-0.28106,1.079,-0.43383,0.946,-0.479,0.517,-0.365,0.84080,-0.317,1.128,-0.357,0.65723,-0.546,0.628,-0.477,0.421,-0.67226
0,0.961,0,0.625,-0.617,0.579,0.173,0.916,-0.39896,1.193,-0.094,0.845,0.27,1.158,0.07772,1,-0.165,0.719,-1.08,0.502,-0.654,0.596,0.215,0.787,0.62349,1,-0.205,1.14,0.484,1,-0.881,0.82,1.152,0.643,-0.18826
1,1,0,0.788,0.094,0.657,0.045,1,-0.05,0.573,0.125,0.798,0.192,1.099,0.253,1,0.155,0.833,0.065,1.389,0.27087,0.58,0.322,1.003,0.608,1,0.293,1,0.202,0.517,0.449,0.641,0.32492,0.604,0.524
0,1,0.0,0.435,-0.93996,0.578,0.248,-0.027,-0.706,1.403,-1.491,0.405,-1.438,0.0,0.0,-1,-0.229,-0.327,0.022,1,-1.012,0.0,0.0,0,0.0,-0.16253,0.92236,0.499,0.345,0.0,0.0,1.473,0.291,0,0.0
1,1.118,0.0,0.948,0.04,1.413,-0.014,0.97811,0.029,0.969,0.02312,0.99274,0.084,1.094,0.055,1.338,0.07,0.88809,0.137,1.29,0.101,0.964,0.076,1.133,0.14442,0.673,0.13412,0.79476,0.139,1.062,0.2,1.03,0.204,0.70941,0.166
0,0.0,0.0,0.0,0,-0.624,-1,0.943,0.66,-1.315,1,-1.269,0.786,1.243,-1.187,1,0.707,-0.511,-1,-0.715,1.056,1,-0.757,-1.144,1,-0.729,0.503,0.958,-1.249,-1.113,0.645,-1.405,-1.358,1,-0.94
1,0.715,0.0,0.407,0.015,0.722,0.031,0.847,0.18761,0.08776,0.254,0.434,0.144,0.87,0.145,0.921,0.16,0.47,0.18151,0.15,0.41224,0.634,0.289,0.51420,0.196,0.641,0.311,0.389,0.297,0.43433,0.29,0.521,0.25792,1.284,0.33036
0,0.0,0.0,0.569,-1.133,0.0,0,0,0,1.147,1,1.055,-0.573,-0.645,1.101,0.0,0.0,-1.296,1.267,1.341,1,-1.415,1.286,1.131,0.496,-1.32,1,1,0.893,0.858,-1.122,1.052,0.913,1,1.091
1,1,0.0,0.708,-0.006,0.738,-0.09834,0.527,-0.07649,1,-0.13,0.847,-0.112,1.36,-0.433,1.059,-0.15616,0.69,-0.457,1.142,-0.333,0.86,-0.44072,0.485,-0.46866,1.143,-0.516,0.415,-0.548,0.428,-0.398,0.676,-0.25,0.876,-0.45039
0,0,0.0,1.207,1,0,0.0,0.0,0,-0.951,-1.064,0,0.0,0.0,0.0,-0.96,-1.203,-1.055,-0.74,-1.201,0.641,-0.826,0.642,0.0,0.0,0.0,0.0,0.762,-1,-1,0.989,-1.352,1.429,-1,1.085
1,0.519,0.0,0.839,0.07088,1,0.041,1.113,0.089,0.902,-0.042,0.89263,0.027,0.83250,-0.074,0.829,0.09831,0.689,0.004,0.85,-0.065,0.483,-0.076,0.804,-0.049,0.68,-0.056,0.58051,-0.02,0.402,-0.017,0.51310,-0.0,0.52099,-0.002
0,0.0,0.0,-0.94,1.29,0.0,0.0,0.0,0,-0.858,0.918,1.443,1.324,0.0,0,0.0,0.0,1,-1,-1,1,0.906,0.945,0.0,0,-0.639,-1,0.533,-1.289,0.753,1.135,-0.755,0.975,0.0,0.0
1,1,0.0,1,-0.068,0.548,0.034,0.961,-0.075,1.329,-0.015,1,-0.078,0.832,-0.052,0.966,-0.06598,0.444,-0.057,0.982,-0.20367,0.94910,-0.248,0.80852,-0.291,0.96,-0.329,0.567,-0.207,0.777,-0.532,0.54356,-0.327,0.449,-0.519
0,1,0,1.061,0.534,0.994,-1.106,1.224,-1,1.468,-1.138,0.989,-1.173,1.348,-1.033,1,-1.421,0.698,-1.232,1,-1.258,1.466,-0.325,1,-1.188,1.406,-0.979,1.377,-0.528,0.698,-1.116,0.61,-1,1.369,-1
1,1.274,0.0,1.419,-0.095,0.904,-0.17263,0.86635,-0.829,0.964,0.449,0.904,-0.511,0.722,-0.379,0.908,-0.23433,0.81051,-0.806,0.12245,-1.093,0.466,0.128,0.919,-0.437,0.486,-0.942,0.283,-0.86583,0.605,-0.882,0.32984,-0.918,-0.079,-1
0,0,0.0,-1.128,-1,0,0.0,-1.233,1,1,-0.515,0.0,0.0,0.0,0.0,0,0.0,0.664,-1.464,-1.463,-1.334,1.276,-0.574,0.0,0,0.646,-0.545,-1.21,0.957,-1,-0.804,0.0,0.0,-1.105,1.167
1,1.416,0.0,1.301,0.096,0.937,0.198,1.08,-0.102,0.73,0.516,1,0.47904,1.287,0.886,1,0.441,1,0.591,1,0.95099,1.396,1.306,0.645,1.302,0.97,0.824,0.83899,1.336,0.838,0.739,0.605,1,0.645,0.722
0,0,0.0,-0.978,-1.113,1.158,1,1.284,-1.12,-1.402,1.228,1.032,-0.969,-1,-1,0.0,0.0,0.526,1.379,-1,-0.898,0.616,-1.223,0.859,-1.024,0.831,1.305,0.533,-0.779,1,-1,-1.452,1.364,0.744,-1
1,0.762,0.0,1.052,-0.179,1,-0.169,1,-0.23656,1.277,-0.047,1.453,-0.352,1,-0.383,1,-0.226,0.585,-0.29,0.921,-0.399,0.646,-0.35519,1.24,-0.419,0.978,-0.452,0.98820,-0.505,0.553,-0.603,0.606,-0.75761,0.738,-0.468
0,1,0.0,0.596,-0.93,1.122,1.234,0.605,-1,1,-0.969,1.064,-0.601,1.459,-0.022,0.708,-1,1.081,0.519,1.446,-0.85583,0.778,0.568,1,-1.422,0.0,0,1.247,0.843,0.895,-0.524,0.987,0.681,1,0.743
1,1,0.0,1.001,-0.187,1.016,-0.117,0.92100,-0.182,0.855,-0.156,0.633,-0.31809,0.481,-0.214,0.82116,-0.298,1.027,-0.361,0.826,-0.296,0.70555,-0.47153,0.978,-0.375,0.728,-0.717,0.827,-0.303,0.50179,-0.81,0.446,-0.63,0.426,-0.58086
0,1.274,0.0,0.527,-0.026,0.262,-0.223,0.513,-0.09473,0.734,-0.093,0.529,-0.084,0.421,0.58,0.736,-1.157,0.583,-0.109,0.678,-0.37,-0.321,1.262,0.318,0.036,0.65493,-0.20392,0.93124,-0.41307,0.63811,-0.169,0.86136,-0.785,-0.152,-1
1,1,0,1.064,-0.152,1.068,0.338,1.012,-0.58388,1,-0.349,0.597,-0.447,1.107,-0.091,0.865,0.08,1.017,0.467,1.026,0.274,1.392,-0.016,1.256,-0.91338,0.766,0.115,0.952,-0.066,1.229,-0.11129,1,0.702,1.228,-0.57758
0,1,0.0,0.691,-1,1.289,1,0.552,-0.783,0.716,-0.40446,1,-0.623,1.15,-0.89375,0.967,0.987,0.227,0.653,0.733,0.767,0.644,0.466,1.345,-0.779,1.306,0.897,1.124,-0.08571,1.097,-0.307,1.127,0.65268,1.139,0.478
1,1,0.0,0.913,0.003,1.197,-0.007,1,-0.03,0.866,-0.056,0.637,-0.05,1.269,-0.04,0.659,-0.056,1.233,-0.193,0.94184,-0.074,0.99589,-0.105,1.403,-0.068,1.173,-0.14,0.98,-0.249,0.85644,-0.233,0.83777,-0.20101,1.215,-0.20766
0,0,0,0.711,0.845,1.14,-0.625,0.0,0,0.0,0.0,-1.206,-0.787,0.0,0.0,0,0.0,-0.643,1.158,1.346,1.071,-0.654,0.719,-0.965,0.502,1.08,-1.193,0.78,1,-1.363,0.775,1.325,1,0,0
1,1.457,0.0,1.336,0.054,0.94191,0.029,0.52,0.05345,0.6,0.018,0.734,0.039,1.127,0.1,0.826,0.041,0.88899,0.12722,0.84,0.084,0.638,0.085,1.102,0.14222,1.002,0.127,0.809,0.08,0.38,0.15300,0.693,0.10754,0.602,0.11447
0,1,0.0,0.706,0.018,1.486,0.041,1.437,0.043,0.357,-1.303,0.91036,0.11147,1.11,0.746,0.831,0.203,0.713,0.198,0.927,0.41003,0.687,0.16371,0.522,0.169,0.682,0.109,0.688,0.113,0.334,0.15436,0.538,0.14677,1,1.093
1,1.413,0.0,0.622,0.06538,1.382,0.20746,1,0.26281,0.948,0.357,0.461,0.507,0.808,0.50082,0.927,0.641,0.812,0.60756,0.818,0.521,0.612,0.909,0.40553,0.694,0.515,0.72082,0.264,0.737,0.224,0.936,0.153,0.971,0.083,0.461
0,0.511,0.0,-1.249,-1,1,0.503,0.783,-0.109,0.0,0.0,-0.707,0.94,1.243,0.958,0.097,-0.66,-1,-1.113,0.092,-0.715,1.144,-1,-1.189,0.943,-1,-1,1,-1.269,-0.624,-1.358,0.729,1.315,0.0,0
1,1,0.0,0.90932,0.105,0.619,0.16888,1,0.195,0.817,0.78,0.822,0.319,0.176,0.336,0.393,0.46086,0.655,0.673,0.236,0.135,0.236,0.763,0.263,0.55826,0.362,0.343,0.239,0.743,0.102,0.735,0.04,0.55061,0.146,0.67739
0,1,0.0,-0.701,-1.055,1,1.074,0.765,-1.052,1.131,-0.209,1,1.079,1.104,-0.505,1.147,-1,1.32,0.111,0.913,-1.415,1,-0.019,-0.84286,0.569,0.36,0.85714,1.267,1.101,0.897,-0.881,0.509,-1.286,0.858,-1
1,1,0,0.742,-0.05785,1.317,-0.13009,1.377,-0.098,1.171,-0.136,0.684,-0.185,0.982,-0.37965,1.097,-0.248,0.426,-0.52064,0.735,-0.535,0.867,-0.623,0.848,-0.838,0.483,-0.68479,0.65247,-0.705,0.829,-1.079,0.464,-0.815,0.629,-0.859
0,0,0.0,0.0,0.0,0.0,0,0.0,0,1.126,1,1.009,1,0.0,0.0,0.0,0.0,-0.284,-0.951,-0.989,-0.74,0,0.0,0.0,0.0,-1,-1.207,-0.783,-0.762,-0.826,0.96,0.893,0.0,0.0,0
1,1.016,0.0,1,-0.051,0.824,-0.083,0.869,-0.139,0.99838,-0.08,0.98941,-0.072,0.96674,-0.208,0.913,-0.279,0.91236,-0.249,0.663,-0.322,0.852,-0.34691,0.718,-0.453,1.119,-0.539,1.015,-0.43122,0.733,-0.576,0.961,-0.425,0.719,-0.50152
0,1.435,0,0.782,-0.025,-1,0.346,-0.36393,0.499,0.377,-0.817,1,-0.038,-0.249,-0.00550,-0.35,0.142,0.699,-0.46270,0.975,-0.477,-0.187,-0.292,-0.776,0.282,0.76,-0.491,0.278,-0.58130,0.599,-0.462,-0.124,0.20477,-0.088,0.305
1,1,0.0,0.63,0.00874,1.22,-0.041,0.97565,-0.057,1.085,-0.067,0.99004,-0.03,1.306,-0.078,0.93369,-0.141,1.238,-0.082,0.733,-0.19200,0.484,-0.231,0.994,-0.146,0.915,-0.186,0.806,-0.227,1.143,-0.188,0.76911,-0.199,1.11,-0.23902
0,1,0,0.0,0.0,1,0.51724,0.0,0.0,0.151,-1,0.0,0.0,0.0,0.0,-1.116,-0.276,-0.55711,-0.581,0.816,0.625,0.0,0.0,0.759,0.424,-1.136,0.657,1.173,-1.138,-0.61,1.099,0.0,0.0,0,0
1,1,0.0,0.92,-0.135,0.649,0.041,1.062,-0.003,0.87947,0.203,0.479,-0.01,1.058,0.54991,0.947,-0.338,0.927,-0.423,0.448,-0.233,1,1,0.509,-0.16290,1.167,-0.026,0.93358,-0.015,0.557,-0.264,0.741,-0.253,0.93323,-0.014
0,0.0,0.0,1.372,0.664,0.957,-1,0.0,0,0.0,0.0,1,1.167,1.207,1.228,-0.646,-1.464,0.798,-1,-1.21,1.128,0.0,0,1,-1.276,1,-1,0.574,0.978,-1.259,-0.804,0.0,0.0,0.0,0.0
1,1,0.0,1.287,1.14,0.764,1.396,1.188,1.059,-0.201,1,-0.547,0.722,-1,1.359,-1.141,0.813,-0.714,-0.57779,-0.799,-0.547,-0.824,-0.623,-0.649,-1.499,1.274,-0.937,1,-1.336,1,-0.94,1,-0.452,1.08,0.34845
0,1,0.0,-0.664,-1.305,-0.625,1.223,0.969,0.63317,0.03515,-1.402,-0.744,-1.024,0.526,0.898,0.762,-1.364,-0.533,1.158,1.218,0.878,1.032,-0.616,-0.779,-0.831,-0.18856,1.284,1.228,-1,-1.379,-1,-1,1.12,1.113,0.33611
1,0.702,0.0,1.222,0.08143,0.898,-0.077,0.97165,-0.124,0.977,-0.092,0.94717,0.01279,1.183,-0.124,0.71,-0.126,1.25,-0.179,0.941,-0.351,0.868,-0.27316,0.948,-0.237,0.99899,-0.352,0.87244,-0.217,0.947,-0.185,0.465,-0.39061,0.626,-0.241
0,0.987,0.0,0.045,-0.249,-1.459,0.662,-1.081,0.778,0.423,0.351,-0.693,-0.377,-1.122,-1.064,-1,1,-0.014,0.73,-0.609,-0.392,-0.452,-0.596,-0.568,-0.419,-1,0.23810,0.969,-1,-1.422,-0.485,-1,-1,-1,0.418
1,1.105,0.0,1,-0.019,1.456,-0.028,0.969,-0.085,1,-0.069,1,0.56173,0.948,-0.19,0.748,-0.14522,1.188,0.414,1.01,-0.17639,1.471,-0.18949,1.026,-0.137,1.06,-1.047,0.958,-0.156,1.123,-0.126,0.718,-0.126,0.812,-0.22981
0,0,0.0,-1,0.656,0.736,-1.157,-0.524,0.739,0.0,0.0,1.24,0.969,-0.842,-0.165,0.611,1,-0.899,-0.709,0.613,-0.839,-0.714,-1,1,1,1,-0.655,1,1.361,0.58,1.311,0.0,0.0,-1.274,-0.908
1,1,0.0,0.569,0.05812,1.395,0.092,1.383,0.136,0.597,-0.01911,1.125,0.102,1.259,0.14644,1.009,0.11224,1.023,0.154,0.96741,0.2,0.847,0.128,0.864,0.12,0.874,0.231,0.88423,0.286,0.484,0.305,0.956,0.23,0.83574,0.383
0,1.293,0.0,0.094,-1,-1.143,1.022,0.0,0,0.0,0.0,-0.552,1.044,0,0.0,-0.714,-0.573,0.80521,0.355,0.51979,0.093,0.0,0.0,-1.124,-0.27083,-0.84792,1.294,1.139,1.127,-1.051,0.599,0.0,0.0,0,0.0
1,0.673,0,1,0.078,1.053,0.153,0.622,0.161,0.512,0.09237,0.94930,0.252,0.92992,0.352,0.903,0.28343,0.85529,0.32,1.115,0.216,0.722,0.349,1.108,0.293,0.465,0.275,0.464,0.261,0.316,0.584,0.519,0.47033,0.767,0.709
0,0.82,0.0,0.012,-0.485,0.0,0.0,0.0,0.0,0.0,0.0,0.0,0.0,0.0,0.0,0.165,-0.465,0.22813,0.799,0.961,-0.276,0,0.0,0.101,-0.719,-0.138,-0.18,1,-0.76667,-1,0.18854,0,0.0,1.193,-0.27292
1,1.323,0.0,1,0.189,0.537,0.234,0.94616,0.308,0.91759,0.148,0.761,0.37107,0.606,0.269,0.445,0.315,1.149,0.48311,0.904,0.557,0.56553,0.583,0.323,0.787,0.48311,0.496,0.539,0.552,0.392,1.109,0.205,0.85,0.22101,0.62
0,0.597,0.0,0.8,1,0.211,-0.769,1.305,1.408,0.87719,0.317,-0.997,1.473,-0.055,0.58772,0.01754,0.053,-0.298,-1.303,0.14254,-0.036,0.284,-0.43860,-0.742,0.734,1.125,-1.438,1,-0.077,1.403,0.854,0.191,-0.706,0.667,1
1,0.645,0.0,1.413,-0.621,1.008,0.775,1.115,0.18593,1.42,-0.09925,1.297,0.65,0.806,-0.16080,1,0.00879,0.97613,-0.664,0.933,-0.3,0.88065,-0.226,1,-0.117,1.086,0.143,0.995,-0.081,1.299,-0.279,0.274,0.267,0.425,-0.029
0,1,0.0,1.076,0.126,0.645,0.296,0.707,-0.729,0.442,0.08424,1.144,0.136,0.539,0.378,1.358,0.443,1,0.028,0.65,-0.308,0.958,0.63496,0.7,0.33,1.279,-0.17,1,0.15942,0.354,-0.023,1,0.212,1.315,0.37409
1,0.682,0.0,1,0.368,1.19,0.018,1,0.091,1.044,0.047,1.295,0.202,1.481,0.032,0.625,0.052,1.096,-0.315,0.858,-0.062,1.205,0.053,0.786,0.27376,1,-0.569,0.96414,-0.03,1.176,0.197,0.761,-0.22021,0.80355,-0.07329
0,0.0,0,1,-1.415,0.669,-1,1,-1.104,1.133,-0.881,0.893,1.267,1,0.897,1.32,-1.131,1.052,0.913,1,1.055,0.569,1.341,1,-0.765,1.091,-1.296,1.286,-0.509,0.573,0.736,0.0,0.0,1.147,-1
1,1.031,0.0,1.135,0.383,0.892,1.083,0.507,0.505,0.20619,0.80541,-0.465,1.042,-0.79135,0.387,-1,0.40268,-0.396,-0.433,-0.97907,-0.303,-0.73083,-0.642,-0.489,-0.939,0.577,-1.36,0.598,-0.574,0.218,-1,0.877,-0.45,0.74,0.042
0,0.783,0.0,1.203,1.207,0.757,-1.009,0.71,-0.641,0.74,0.762,1,0.951,1.392,1,0.893,-1.429,1.085,0.96,1,1.201,1,1.352,1.126,1,0.826,1.064,0.989,0.527,0,0.0,0.639,-1,1.337,-1
1,0.958,0.0,1,0.029,1.204,0.186,0.886,0.329,1,0.25068,1.001,0.28778,0.873,0.366,1.298,0.31674,1,0.896,1.353,0.39,0.817,0.318,1,0.59457,0.806,0.563,0.857,0.794,0.627,0.643,0.768,1.056,0.897,0.951
0,0.0,0.0,1.29,-0.544,1,1,-0.827,-1,0.918,-0.639,0,0.0,0,0.0,-0.76,1.401,0.975,-1,1,-1,-0.705,1.289,0.533,-0.629,0.906,-0.945,1.135,-0.927,-1.05,-0.728,0.0,0.0,1.435,-1.051
1,0.92,0.0,0.639,0.115,0.96760,0.199,1.086,0.195,1.465,0.269,1.07,0.46281,0.743,0.41,0.82820,0.646,1.01,0.908,0.69003,0.787,0.541,0.68820,0.48339,0.948,0.39,0.705,0.183,1.219,0.24944,0.86061,0.136,0.923,0.058,0.679
0,1,0.0,0.956,0.533,0.0,0.0,-0.414,0.795,0,0,0.0,0.0,0.0,0.0,0.242,-0.25,0.209,0.231,0.46429,1.111,0.0,0,0.0,0.0,0.512,0.27381,1.117,0.932,0,0.0,0.0,0.0,0.0,0
1,1.432,0.0,1,0.052,0.735,0.10827,1,0.109,0.947,0.288,0.517,0.404,0.904,0.38261,0.94575,0.35,0.524,0.50391,0.967,0.867,0.881,0.59962,0.951,0.648,0.585,0.727,0.843,0.9,0.49538,0.794,0.581,0.423,0.497,0.74
0,0.0,0.0,1.105,1,0,0.0,1.207,-1.464,1,-0.646,1.167,1.21,1.394,1.015,0.545,-1.463,1,0.61,1.259,1.276,0.664,-1.332,-1,-1.372,0.957,-1.208,1.128,-1.334,1,0.804,0.0,0,0.798,-1
1,1,0.0,0.714,0.027,1,0.137,0.764,0.175,0.824,0.359,1.126,0.403,0.982,0.37639,1.217,0.294,0.655,0.433,1.113,0.656,0.79400,0.631,0.70331,0.79,0.418,0.59723,0.724,0.60990,0.702,0.60932,0.424,0.954,0.301,0.816
0,0,0.0,1.364,1,1.402,-1.452,0.878,1.223,1.379,0.978,0.735,0.533,1.228,1,1.284,0.526,1,-1,-0.831,0.898,-1.305,1.12,-0.779,1.024,0.969,-0.859,0.625,1.113,-1,1.158,-1,-1.032,-0.616,1
1,0.949,0.0,1.052,0.24168,0.606,0.284,1,0.72973,1.277,1,0.738,0.702,1.042,1.453,1.464,0.613,0.921,0.978,1.24,1.354,0.481,1.406,0.89647,1,0.358,1.028,0.287,1.255,0.082,1.017,-0.096,0.863,-0.81383,1
0,0.0,0.0,0.601,0.93,0.605,-0.969,0.588,0.662,-1.081,0.895,0.0,0.0,1,1,0.0,0.0,0.0,0.0,-1.205,1.459,-0.681,1.122,1,1,0.568,-1,1,0.708,0.596,0.519,1.446,-1,-1,1.247
1,0.915,0,0.716,-0.051,1,0.62937,1.105,0.122,1.073,0.114,1.491,-1.456,1.097,-0.304,1.098,-0.131,1.354,0.033,1.273,-0.61538,1,-0.301,1.478,-0.554,1,-0.55,1.01,-0.885,1,-1.188,0.969,-0.833,1,-0.304
0,0.0,0.0,1,-0.739,0.969,0.736,1,0.709,0.656,0.771,1,1.274,0.908,-0.58,1,-1.311,0.611,1,0.714,-0.529,0.635,0.765,0.899,1,1.019,-0.879,0.524,1,1.361,-0.842,1,0.839,0.655,-1.157
1,1,0.0,1.126,0.07804,0.676,0.125,1.009,0.262,0.655,0.35197,0.969,0.378,0.858,0.448,1.023,0.48,0.893,0.888,0.306,0.797,0.38,0.881,0.352,0.68343,0.293,0.416,0.191,0.73885,0.09694,0.963,0.02735,0.914,-0.041,0.69509
0,0.552,0.0,0.882,-0.167,1.075,0.185,0.46643,0.205,0.3,0.664,1.345,-0.196,0.006,0.612,0.01060,0.358,0.18681,0.321,0.142,0.322,0.04325,0.321,-0.00083,0.24936,-0.018,0.219,-0.042,0.106,-0.04779,0.119,-0.04585,0.079,-0.046,0.047
1,0.673,0.0,0.466,-0.03,0.65680,-0.065,0.406,0.02811,0.85947,0.018,0.939,0.053,0.71598,0.07840,0.73077,0.062,0.864,-0.281,0.403,-0.021,0.78698,0.056,0.34615,-0.097,0.857,0.024,0.774,-0.094,0.396,-0.282,0.4,-0.091,0.447,0.041
0,1,0.0,0.227,-0.05,1.27,0.059,1,1.116,0.35821,0.206,0.392,0.13060,0.309,-0.82090,0.659,0.81,0.721,-0.121,0.448,-0.11567,0.869,0.121,0.52,0.353,0.307,0.16418,0.528,0.112,0.313,-0.02,0.252,0.13521,0.245,0.108
1,1.272,0.0,0.606,0.042,0.76981,-0.069,0.557,0.03,0.357,-0.04528,0.354,0.016,0.955,-0.111,0.792,-0.014,0.441,0.05,0.695,-0.07925,1.003,-0.239,0.474,-0.216,0.84906,-0.22,0.73886,-0.05801,0.653,0.02264,0.72,0.046,0.447,0.00755
0,1.305,0.0,0.485,-0.072,1.315,0.032,1.044,0.513,0.931,-0.05909,0.411,-0.129,0.81809,0.07,0.402,0.926,0.702,0.273,0.941,0.058,1,-0.304,1.078,-1.255,0.57273,0.32727,0.583,0.14673,0.42273,0.071,0.637,0.218,0.742,1
1,1.225,0.0,0.78,-0.024,0.525,0.0,0.543,0.12941,0.492,-0.038,0.667,0.151,0.627,0.08235,0.583,-0.064,0.585,0.02,0.713,0.0,0.45882,0.06667,0.552,0.084,0.688,0.00392,0.564,0.134,0.471,0.08235,0.24,0.146,0.43137,0.17255
0,1,0.0,0.41932,0.158,0.35000,0.089,0.164,0.38,-0.045,0.583,0.063,0.234,-0.119,0.418,-0.149,0.258,0.02727,0.40455,-0.187,0.084,-0.157,0.06,-0.18636,0.265,-0.14003,-0.038,-0.09971,-0.036,-0.958,-1.187,-0.015,-0.056,-0.005,-0.072
1,1.084,0.0,0.88305,-0.21996,1.282,0.477,0.614,0.22,0.669,0.036,1.061,-0.06,1.155,0.17,0.77897,0.25322,1.025,0.698,0.598,0.225,0.635,0.354,0.625,0.355,0.406,0.52039,0.822,0.556,0.80901,0.472,0.43026,0.931,0.623,0.54185
0,0.858,0,1.116,-0.115,-0.31745,-1.044,-0.072,-0.56435,0.851,0.04576,0.89514,-0.01,-0.18494,0.734,-0.226,-0.68065,0.765,-0.128,0.712,-0.165,-0.076,0.456,-0.301,0.80934,0.452,-0.025,0.781,-0.144,1.102,-0.072,-0.24,-0.863,-0.141,-0.77
1,1,0.0,0.70870,-0.346,0.339,0.048,0.278,0.38261,0.797,0.18261,0.369,0.35,0.57826,-0.163,0.473,0.514,0.554,-0.358,0.27,-0.131,0.356,0.11739,0.269,-0.03845,0.318,-0.138,0.638,-0.044,0.48348,-0.025,0.62,-0.267,0.594,0.152
0,1,0,-0.413,0.157,-0.34,0.73375,0.628,-0.089,0.426,-0.067,0.25,-0.097,0.64,0.07,0.56347,-0.114,0.156,0.45201,0.216,0.028,0.50464,0.077,-0.612,-0.403,1.201,0.914,0.41348,-0.427,-0.15170,0.084,0.021,0.629,0.373,-0.128
1,1,0.0,0.33,0.13582,0.569,0.171,0.51783,-0.006,0.459,0.20883,0.632,-0.137,0.584,-0.049,0.55518,0.032,0.424,-0.164,0.425,-0.041,0.315,0.059,0.27,-0.262,0.705,-0.03,0.50369,-0.043,0.34635,0.133,0.578,-0.01868,0.44,-0.031
0,1,0.0,0.602,0.16851,0,0,0.642,0.089,0.298,0.753,0.279,1.046,-0.016,0.284,0.249,0.12860,-0.025,1.333,-0.479,0.702,-0.061,0.56,-0.391,0.231,-0.83,0.439,-0.323,1.138,-1,0.436,-1,0.185,0.0,0
1,0.665,0.0,1.346,0.143,0.749,0.371,0.802,0.485,0.59784,0.72997,0.51,1.119,0.276,0.87493,0.06438,0.545,-0.168,0.683,-0.309,0.99,-0.46635,0.361,-0.607,0.53805,-0.485,0.28,-0.71844,0.255,-0.748,0.11218,-0.939,-0.08,-0.52,-0.183
1,1.348,0,0.97714,0.202,0.428,0.478,0.71,0.31,0.47968,1.06,0.385,0.647,0.10289,1.293,-0.151,0.778,-0.469,1.345,-0.511,1.13,-0.755,0.581,-0.77408,0.459,-0.85376,0.17849,-1.027,-0.013,-0.82366,-0.118,-0.469,-0.473,-0.712,-0.554
0,1.195,0.0,-1.093,-1.16,0,0,0.658,-0.461,0.626,0.328,-1.419,-0.42,0.0,0.0,0.0,0.0,0.735,-0.263,0.36482,-0.936,0.97068,-1.488,-1.013,-0.816,1.137,-0.854,-1.092,-1,-1,-1,1.274,-0.517,0.0,0
1,1.207,0,0.74084,0.06,1.103,0.017,0.632,0.022,0.648,0.09948,0.541,0.31152,0.726,0.089,0.953,0.116,0.457,-0.07853,0.801,0,0.817,0.115,0.908,0.135,0.67016,0.094,0.791,0.182,0.741,0.257,0.326,0.18,0.57455,0.221
0,1.306,0.0,0.714,-1,0.0,0,0.842,-1.349,0.584,0.629,-0.276,-1.267,0.0,0.0,0.0,0.0,0.72059,-0.948,0.588,-0.567,0.0,0.0,0.239,-1.396,-1.301,-1,-0.764,-1,1,-1.12,1,-0.623,0.0,0
1,1.223,0.0,0.616,0.013,0.864,-0.028,0.533,-0.035,1.12,-0.056,0.619,-0.07092,0.738,-0.09002,0.735,-0.15727,1.452,-0.138,0.517,-0.116,1,-0.242,0.859,-0.19272,1.215,-0.22083,1.117,-0.20243,1.304,-0.234,0.996,-0.188,1.117,-0.23296
0,0.0,0.0,0.0,0,0.0,0.0,0.0,0,0.0,0.0,0,0.0,0.0,0.0,0.0,0,0.0,0.0,0.0,0.0,0,0.0,0.0,0.0,0.0,0.0,0.554,-0.863,0.0,0,0,0,0.0,0.0
1,0.778,0.0,0.678,-0.149,0.63318,-0.114,0.933,-0.18242,0.902,0.095,0.92003,-0.012,0.83543,-0.208,1.247,-0.171,0.99273,-0.21216,0.593,-0.307,1.081,-0.327,1.347,-0.39458,0.662,-0.19,0.529,-0.449,0.605,-0.123,0.506,-0.31857,0.473,-0.245
0,1,0,0.236,-0.238,0.0,0.0,0.68182,-1,0.239,1.223,0.61,0.059,0.444,-0.857,0.0,0.0,0.648,-0.258,0.45076,-0.455,0.0,0,0.0,0.0,0.275,0.195,1.456,-0.15,0.06061,-0.269,0.243,-0.679,0.0,0
1,1.24,0.0,1.238,-0.478,0.709,-0.031,0.98898,-0.621,0.591,0.562,1,-0.10104,0.771,-0.092,0.908,-0.115,0.58,-0.159,0.739,-0.261,0.879,-0.144,1.361,-0.26571,1,-0.345,1.019,-0.176,0.635,-0.242,1,-0.40740,0.524,-0.44739
0,0.547,0,0.0,0.0,0.0,0.0,0,0,0.0,0.0,0.62195,0.569,0.0,0.0,0.0,0.0,0.36585,-0.732,0.597,-0.953,0.0,0,0.0,0.0,0.0,0.0,0.952,0.13,0.0,0.0,0.0,0,0.0,0
1,1,0.0,1.136,0.003,0.712,-0.1,1.186,-0.16431,0.99061,-0.06257,1.11,-0.079,0.971,0.023,0.843,-0.134,1.056,-0.119,1.005,-0.08935,0.89876,0.001,0.644,-0.058,0.975,-0.231,1.133,-0.097,1.215,-0.103,1.079,-0.336,0.76586,-0.27794
0,1,0,0.08,0.10811,0,0.0,0.0,0.0,0.694,1.081,0.31081,1.053,0.0,0.0,0,0.0,0.252,-0.61,0.266,-1,0.0,0.0,0.0,0,-0.265,-0.651,0.913,-1.012,0.771,-0.297,0.0,0.0,0.0,0.0
1,1.193,0,0.643,-0.57224,0.838,-0.368,1.186,-0.755,0.719,-0.294,1.363,-0.152,0.62890,-0.964,1.346,-0.409,0.768,-0.853,0.76771,-1.03,0.96601,-0.787,0.674,-0.74896,0.387,-0.83,0.701,-0.77986,0.924,-0.78,1,-0.579,0.367,-0.734
0,1,0.0,0.403,-0.564,0.0,0.0,0.0,0.0,0.495,0.923,1.123,-0.28030,0.0,0.0,0.0,0.0,0.356,-0.333,0.84091,-1.215,1.099,-1.457,0,0,0.0,0.0,0.549,-0.93939,-0.16,-0.93182,0,0.0,0.0,0.0
1,1,0.0,0.86284,0.143,0.75,0.516,0.99,0.55785,0.364,0.981,0.401,0.599,0.19617,0.606,-0.053,0.736,-0.1,1.13,-0.204,0.857,-0.693,0.52,-0.617,0.356,-0.824,0.261,-0.445,0.08818,-0.717,-0.07816,-0.54866,-0.208,-0.33,-0.31954
0,1,0.0,0.42000,-0.61000,0.0,0.0,1.166,-1,1.349,1.343,0.477,0.53,0.0,0.0,0.0,0.0,0.777,-0.355,0.84000,-1,0.0,0.0,0.0,0.0,0.278,0.94,1,0.224,0.0,0.0,0.0,0.0,0.0,0
1,1,0.0,0.757,0.22,0.646,0.52013,0.868,0.476,0.545,1.047,0.375,0.91730,0.068,0.88248,-0.274,0.718,-0.34168,0.407,-0.722,0.64527,-0.849,0.427,-0.881,0.275,-0.442,0.03591,-0.851,-0.077,-0.327,-0.221,-0.65,-0.44505,-0.395,-0.273
0,1.457,0.0,0.91353,0.81586,-0.937,0.805,-0.39466,0.55735,0.046,0.39,-0.189,-0.081,-0.02,-0.052,0.009,-0.03403,0.016,-0.004,0.003,0.001,0.001,0.001,-0.0,0.0,-0.00003,0.0,-0.0,0.0,0.0,0.0,0.0,0.0,0,0
1,1,0,0.24,-0.121,0.368,0.075,0.245,0.255,0.214,0.109,0.534,0.027,0.30952,-0.041,0.237,-0.04762,0.163,-0.11905,0.352,0.043,0.273,0.0,0.123,-0.08,0.319,-0.052,0.178,-0.032,0.19048,0.0,0.16997,-0.026,0.166,-0.01877
0,1.178,0,1.432,-0.14754,1.222,0.05,0.43,-0.017,0.65574,0.018,0.85246,-0.017,0.695,0.0,0.68852,-0.216,0.167,-0.109,0.615,-0.234,0.337,0.035,1,-0.29508,0.398,-0.182,0.322,-0.115,0.232,-0.037,0.362,-0.372,0.507,-0.06557
1,0.951,0,1.403,0.0,0.791,0.023,1.153,0.03,0.868,0,0.831,0.04545,0.621,0.089,0.584,0.129,0.602,0.252,0.68182,0.082,0.453,0.104,0.692,0.103,0.476,0.22727,0.64581,0.15088,0.812,0.031,0.431,0.175,0.707,0.17077
0,1,0.0,0.372,0.464,-0.409,0.142,-0.188,-0.76378,0.742,0.011,1.066,0.40476,-0.67230,0.30729,-0.313,-0.462,0.472,0.189,0.478,0.081,-0.51830,0.555,-0.47651,-0.348,0.438,0.673,0.651,0.38848,0.688,0.321,-0.549,-0.246,0.206,-0.535
1,1,0,0.821,-0.059,1.29,-0.02494,1.443,-0.065,0.753,0.001,0.631,-0.06444,1.289,-0.055,0.906,-0.151,0.633,0.061,0.562,-0.03778,1,-0.112,1.05,-0.196,0.45,0.03556,1,-0.077,1.18,-0.194,1.401,-0.145,0.918,-0.278
0,1,0.0,0.43636,-0.089,0.387,-0.212,0.193,-0.579,0.34545,-0.036,0.275,-0.05455,0.301,0.29091,0.36364,-0.415,0.192,-0.021,0.233,0.043,0.12727,0.451,0.923,0.116,0.352,0.189,0.316,-0.055,0.38,-0.03,0.158,-0.483,0.29091,-0.401
1,1.258,0,0.698,-0.906,1.106,0.398,0.49057,-0.034,0.643,0.0,1,-0.001,0.558,0.111,0.616,-0.05660,0.98878,-0.001,0.723,0,0.52830,0.107,1.311,-0.001,1.138,0.731,1.243,-0.002,0.659,-0.994,1.173,0.46,0.637,-0.11321
0,0.878,0,0.543,0.68,-0.76190,-0.354,0.33333,-0.166,0.586,-0.171,-0.637,0.12808,0.197,0.0,0.159,-0.07,-0.225,0.754,0.26,0.024,0.514,0.048,0.16667,-0.375,-0.591,-0.104,0.353,-0.558,0.904,0.0,-0.344,-0.04762,0.26190,0.02381
1,1,0.0,0.6,0.049,0.58333,-0.106,0.39583,0.0,0.444,-0.04,0.47917,0.0,0.29167,0.057,0.668,0.017,0.419,-0.281,0.452,-0.184,0.376,0.101,0.276,0.183,0.39583,-0.18750,0.531,-0.14,0.254,-0.122,0.335,-0.458,0.403,-0.06250
0,1.059,0.0,0.658,1.499,0.0,0,0.0,0.0,0.0,0,0.47744,-0.89098,-0.321,0.519,-0.71,0.28571,0.64662,0.937,0.0,0.0,0.0,0,0.474,0.145,-1.229,-1.416,1.08,-1.396,0.824,1.141,0.0,0.0,0,0.0
1,1.032,0,0.95217,0.064,1.042,0.069,1.054,0.214,0.523,-0.312,1.105,0.538,0.572,0.481,0.538,0.316,0.641,0.40844,1.302,0.825,0.53258,0.44088,0.46773,0.646,0.414,0.397,0.183,0.371,1.105,1,0.305,0.309,0.18632,0.477
0,1.255,0.0,0.331,0.515,0.82809,0.742,0.656,0.70709,0.854,-0.10984,0.629,0.099,0.937,-0.475,0.91962,0.703,0.578,-0.055,0.88673,0.18135,0.727,-0.437,0.86670,-1.206,0.28604,-0.176,1.464,0.176,0.915,0.405,1.189,0.607,0.854,0.483
1,1.446,0.0,0.95882,0.10129,0.708,-0.016,0.98313,0.023,0.571,-0.116,1.222,-0.027,1.43,-0.018,1,-0.029,0.519,-0.05179,0.697,0.015,1.388,-0.1,0.648,-0.049,0.52,-0.122,1.153,-0.048,0.546,0.015,1,-0.10797,0.93144,-0.073
0,1,0.0,0.0,0.0,-0.37,1.156,0.0,0.0,1.018,-1.277,0.888,0.177,-0.286,-0.672,-0.30241,0.713,0.94155,0.117,0.0,0,0,0.0,-0.269,-1,0.0,0.0,1.06,-1.456,0,0,0.049,0.463,0.0,0.0
1,0.899,0,0.714,0.007,0.908,0.005,1.257,-0.005,0.6,-0.033,1.238,-0.022,0.656,-0.01271,0.771,-0.014,0.739,-0.01175,0.98485,0.0,0.879,-0.019,0.655,-0.04,0.979,-0.038,1.35,-0.034,1.272,-0.015,1,-0.03855,0.98420,-0.04112
0,1,0.0,0.0,0,0.98919,-0.328,0.18,-0.056,0.0,0.0,1.155,0.062,1.186,-0.271,1.384,0.051,0.547,-0.149,0.0,0.0,1.476,-0.189,0.597,-0.324,0.0,0,1,-0.18,0,0.0,1.017,-0.25946,0.308,-0.15676
1,1,0,0.862,0.018,0.314,-0.02439,0.555,0.04,0.252,0.095,0.43313,0.054,0.302,0.027,0.248,0.0,0.268,0.0,0.204,0.07317,0.26829,0.067,0.242,0.05813,0.247,0.112,0.19,0.05641,0.202,0.053,0.204,0.0,0.151,0.098
0,0.504,0.0,0.913,1.448,1.012,-0.651,0,0.0,0.0,0.0,0.793,1.269,0.713,-1.197,0.52,0.622,1.332,-1,0.0,0.0,0.0,0.0,0.803,-0.364,0.0,0.0,1.1,-1,1,1,1,-1.414,0,0
1,1.071,0.0,0.452,0.20408,0.36,0.123,0.441,0.159,0.337,0.52,0.30612,0.37,0.08,0.532,0,0.51020,-0.083,0.615,-0.172,0.73,-0.28571,0.44898,-0.225,0.21,-0.61224,0.268,-0.331,0.14895,-0.797,0.177,-0.201,0.0,-0.302,-0.201
0,1.43,0.0,0.0,0.0,0.788,-1,0.0,0.0,0,0.0,0.54,1.272,1,-0.202,1.215,0.23288,0.641,-0.657,0.0,0.0,0.0,0,0.604,0.897,0.0,0.0,1,-0.549,0.0,0.0,1,-1.457,0.0,0
1,1,0.0,1.169,0.399,0.91176,0.217,0.751,0.479,0.595,0.77941,0.285,1.28,-0.016,0.86029,-0.20588,0.82353,-0.41,0.848,-0.371,0.337,-0.73529,0.48,-0.86029,0.082,-1.042,-0.107,-0.944,-0.161,-0.424,-0.437,-0.65,-0.303,-0.404,-0.491
0,1,0.0,-0.975,0.367,0.298,0.103,-0.75693,-0.874,-0.30719,0.71242,-1.042,1.168,-0.856,0.367,-0.578,-0.018,-0.767,-1.087,-0.571,-0.734,-0.046,-0.83007,0.969,-1.329,-0.883,-0.287,0.985,0.09176,-1.167,0.075,0.117,0.02614,-0.40201,-0.42
1,1.2,0,0.26667,-0.086,0.523,0.0,0.488,-0.163,0.271,0.173,0.767,0.022,0.68,0.085,0.70000,-0.048,0.53333,0.269,0.431,-0.01667,0.459,0.27,0.666,0.0,0.336,0.092,0.46214,0.05439,0.368,0.018,0.382,0.037,0.208,-0.05000
0,1,0.0,-0.348,0.528,-0.15,0.091,-0.17778,-0.06,0.032,-0.06879,0.062,0.035,-0.00885,0.017,-0.019,-0.002,-0.001,-0.012,0.004,-0.001,0.002,0.003,-0.001,0.001,-0.001,-0.0,0.0,-0.00043,0.00026,0.0,0,0.00015,-0.0,0.0
1,1.301,0.0,0.753,-0.525,0.425,0.29730,0.5,-0.24324,0.96,0.281,1,-0.161,0.378,0.0,0.62162,-0.037,0.32432,-0.221,0.56,-0.17666,0.682,0.063,0.614,0.107,0.241,-0.409,0.87,-0.172,0.58478,-0.118,0.605,-0.769,0.371,-0.24324
0,1.053,0.0,0.94531,-0.023,-1.474,-0.467,-1,-0.01563,0.503,0.01,0.55,-0.01953,-1.02,0.107,-1.393,-0.003,0.942,-0.052,0.57,-0.023,-0.818,0.173,-0.93359,0.34766,0.95703,-0.004,0.82041,0.086,0.826,-0.072,-0.733,-0.127,-0.689,-0.251
1,1,0.0,0.739,0.012,0.735,-0.015,0.689,0.017,0.96705,-0.02,0.721,0.007,0.886,-0.037,0.95260,-0.003,1.185,-0.015,0.99769,0.02,0.918,-0.04971,1.029,-0.02370,0.649,-0.034,1.16,-0.021,0.713,0.01908,1.37,-0.026,1.381,0.00809
0,1.263,0.0,1.245,-0.059,0.971,-1,0.317,-0.11111,0.188,-0.22222,1.039,-0.25712,0.233,-0.127,1.111,-0.34660,1.327,-0.469,0.902,-0.523,0,-0.276,1.338,-0.50333,0.882,-0.232,1.039,-0.57092,0.552,-0.22,0.52,-0.837,1.236,-0.56
1,0.667,0.0,0.442,-0.10345,0.218,-0.064,0.18,-0.06897,0.045,-0.067,0.033,-0.043,0.01,-0.02,0.01,-0.022,0.00281,-0.005,0.00078,-0.00523,-0.00003,-0.004,-0.0,-0.002,-0.0,-0.001,-0.00025,-0.0,-0.00018,-0.0,-0.0,-0.0,-0.0,-0.0
0,1,0.0,0.333,-0.108,0.806,0,0.583,-0.043,0.796,-0.092,0.68627,-0.104,0.907,-0.129,0.915,-0.062,0.656,-0.173,0.54902,-0.218,0.875,-0.148,0.511,-0.23529,0.45098,-0.344,0.766,-0.162,0.387,-0.389,0.308,-0.23,0.47059,-0.27451
1,0.754,0.0,0.17,0.16667,0.465,0.328,0.19036,0.184,0.043,0.157,0.01070,0.14922,-0.012,0.067,-0.028,0.06317,-0.03766,0.045,-0.048,0.02,-0.016,0.00357,-0.023,-0.004,-0.011,-0.00539,-0.004,-0.007,-0.004,-0.003,-0.001,-0.004,0.0,-0.002
0,1,0.0,-0.65625,0.206,0.079,0.0,0.0,0.069,0.536,0.06250,0.177,0.0,-0.043,0.079,0.092,0,0.163,-0.15625,0.43750,-0.415,0.0,-0.125,0.0,0.0,0.03125,-0.562,0.019,0,-0.452,0.042,-0.022,0.0,0.0,0.128
1,1,0.0,1.184,-0.01,1.187,-0.018,1.389,-0.06,0.796,-0.011,0.991,-0.019,0.98919,0.059,1.412,-0.066,0.95135,0.09,0.97838,-0.004,0.976,0.06486,0.926,0.036,1.046,0.09189,0.915,0.017,1,-0.022,0.76,0.036,0.937,-0.07027
0,1,0.0,0.739,0.079,1.273,0.074,0.71,1.452,1.235,-0.011,0.957,0.03876,0.621,0.365,1.264,1.235,0.521,0.039,0.774,0.072,0.523,0.609,1,-1,0.80620,0.034,1.034,0.957,0.828,0.081,1,0.737,1,1
1,0.71,0.0,0.90374,-0.01604,1.419,0.118,0.617,0.01,0.546,0.007,1.298,-0.013,1.139,0.0,1.18,0.054,1,0.06,1.223,0.035,1.007,0.031,0.98930,-0.01604,0.96257,0.047,1.169,0.062,0.967,0.009,1,0.118,1.405,0.06417
0,1.384,0,-0.263,0.28750,0.211,0.11,0.345,0.33,0.318,0.424,0.36285,-0.447,0.108,0.251,-0.09500,0.134,-0.08750,0.23500,-0.231,0.31408,-0.37,-0.056,0.197,0.451,-0.649,-0.207,0.47,-0.28475,-0.616,0.219,-0.279,-0.46,0.264,0.038
1,1,0,0.355,0.029,0.774,0.06667,1.007,0.066,0.70000,0,0.455,0.0,1.054,0.0,0.544,0.0,0.52,0.10000,0.506,0.10000,0.484,-0.027,0.752,0,0.934,0.104,0.415,0.145,0.861,0.197,0.746,0.227,0.878,0.153
0,1,0.0,0.066,-0.009,0.074,0.005,0.0,-0.01117,0.00559,-0.024,0.012,-0.089,-0.007,0.044,0.06425,-0.03352,0.0,0.102,-0.068,0.086,-0.067,0.029,0.029,-0.003,0.00838,0.00559,0.121,-0.01,0.016,-0.003,0.024,0.0,0.064,-0.03352
1,1,0.0,1.383,0.351,1.022,0.624,0.395,1.23,0.012,0.962,-0.24871,0.697,-0.334,0.647,-1.081,0.513,-0.961,0.095,-0.531,-0.161,-0.52475,-0.44000,-0.275,-0.55089,-0.033,-0.522,0.095,-0.839,0.36752,-0.574,0.46059,-0.297,0.391,-0.05980
0,0.818,0,0.074,0.007,-0.02586,0.04598,0.02,0.032,-0.088,0.012,0.013,-0.055,-0.03736,0.058,-0.093,-0.056,-0.112,0.08046,-0.035,0.031,0.023,0.02299,-0.048,-0.011,0.018,-0.01,0.012,0.023,0.037,0.01149,0.021,0.012,-0.04598,-0.007
1,0.913,0.0,0.441,-0.015,0.822,0.016,0.777,0.00197,1.158,0.016,0.556,-0.005,1.007,0.03251,0.893,0.02,0.569,-0.009,1.186,-0.015,0.496,0.027,1.007,0.05517,0.961,-0.01478,0.669,0.00612,0.74089,-0.064,0.82956,0.02956,0.536,0.009
0,1.239,0,0.023,0.032,0.005,0.0,0.024,-0.01997,0.012,-0.034,-0.04850,-0.015,0.011,-0.024,0.0,-0.03281,-0.049,-0.026,-0.01712,0.038,0.02140,0.003,0.05136,-0.033,0.069,0.01854,0.03,0.01,0.01,0.006,-0.032,-0.013,-0.02,0.017
1,1,0,0.532,0.218,0.42328,0.49,0.325,0.431,0.015,0.49471,-0.02116,0.624,-0.452,0.31217,-0.485,0.212,-0.285,0.049,-0.597,-0.079,-0.22,-0.118,-0.171,-0.233,-0.141,0.003,0.026,-0.432,0.23,-0.21693,0.216,-0.15,0.26720,0.041
0,1,0.0,0.065,0.008,0.184,-0.04119,0.093,-0.08238,0.119,-0.039,0.139,-0.015,0.133,0.045,0.14645,-0.079,0.274,-0.066,0.18993,0.07323,0.11670,0.0,0.119,-0.003,0.212,-0.10297,0.071,0.017,0.16,-0.097,0.085,-0.078,0.086,-0.058
1,1.331,0,0.94333,0.568,0.534,0.64534,0.168,0.886,-0.803,0.769,-1.037,0.42048,-1.121,0.0,-0.414,-0.31079,-0.38391,-0.377,-0.135,-0.805,0.648,-0.95,0.497,-0.215,1.046,-0.074,0.41,0.30384,0.581,0.571,0.039,0.295,-0.302,0.50457
0,1,0,0.013,0.006,0.028,-0.00846,0.025,0.014,0.01,0.026,0.003,0.002,0.014,-0.033,-0.026,0.063,-0.033,0.031,-0.019,-0.004,0.038,-0.024,0.02,0,0.0,-0.008,0.026,-0.01128,0.00564,-0.016,-0.024,-0.025,0.00705,0
1,0.738,0.0,0.429,0.001,0.81927,-0.049,1.049,-0.051,0.84317,0.06,0.86258,0.161,0.88051,-0.091,0.798,0.025,0.795,-0.076,0.83570,-0.14190,0.486,0.017,0.888,0.023,1.071,-0.026,0.82383,-0.035,1.176,-0.077,0.605,-0.01942,0.728,-0.135
0,1,0,1.321,-1.306,0.75,1.476,-1,1.391,1.002,-1.346,1.126,-1,-1.444,-0.522,-0.958,1.342,0.764,1.283,1.239,1.201,-1.336,0.959,0.676,-0.617,1.383,-0.844,1,0.551,0.734,1,-0.754,1,-1.304,1
1,0.655,0.0,0.85209,0.39252,0.316,0.633,0.067,0.98903,-0.291,1.148,-0.781,0.394,-1.291,0.14,-0.669,-0.31044,-0.733,-0.55262,-0.19260,-0.633,0.422,-0.582,0.502,-0.485,0.77814,-0.139,1.022,0.164,0.37830,0.812,0.231,0.727,-0.058,0.445
0,0.915,0.0,0.755,1,0.689,0.341,0.618,-1.474,1.393,0.79,0.017,0.034,0.589,0.855,0.0,0.0,0.733,-0.655,1,1,1.02,1.407,0.31250,1,0.626,1.475,0.844,1,0.944,0.731,-0.778,1,0.0,0
1,1.435,0.0,1.097,0.54902,0.858,0.558,0.015,1.158,-0.359,1.179,-1.002,0.709,-0.737,0.11765,-0.96078,-0.33333,-0.635,-0.778,-0.28,-1.243,0.229,-1,0.498,-0.72549,0.544,-0.161,0.92874,0.287,0.854,0.527,0.179,0.90196,-0.062,0.685
0,1.206,0,0.0,0,-1.039,-1,-1.105,1.039,0.0,0.0,-1,1.326,1.245,1.142,1.396,-0.634,0.0,0.0,0,0.0,-1.327,-0.52,-1.221,1,0.837,0.395,0.971,-0.552,0.0,0,-1.236,-1.062,-0.791,1
1,1,0.0,0.44444,0.487,0.79,0.557,-0.22222,0.564,-0.389,0.88889,-1,0.396,-0.921,-0.112,-1.22,-0.187,-0.603,-0.693,0.55556,-1.239,-0.113,-0.77778,0.724,-0.282,0.449,0.0,0.801,0.427,0.353,0.562,0.135,0.549,-0.55556,1.423
0,0,0.0,0.0,0.0,0,0.0,0,0.0,0.0,0.0,0.0,0.0,0.0,0.0,0,0.0,0,0.0,0.0,0.0,0.0,0.0,0,0,0.0,0.0,1.351,0.0,0.0,0.0,0.0,0.0,0.0,0
1,0.653,0.0,0.68,0.0,1.3,0.0,0.5,0.653,0.75000,0.0,0.494,0.106,0.684,0.142,1.07,0.192,0.98,0.25000,1.021,0.5,0.46,0,1.291,-0.187,0.5,0.274,0.73944,0.174,0.771,0.25000,0.525,0.296,0.339,0.239
0,0.0,0,-1.04,1.331,1.318,1,0.0,0.0,1.475,-0.602,1,-1.385,1.363,-1,-0.941,-1.359,0,0.0,-0.508,-1.198,0.0,0.0,0.0,0,-0.715,-1,1.367,-0.628,1.436,1.106,-1,-0.857,0.0,0.0
1,1,0.0,0.837,0.0,0.926,0.0,0.652,0.104,0.689,-0.103,0.675,-0.119,1.333,-0.217,0.77778,0.0,0.77778,0.0,0.674,-0.111,0.77778,-0.11111,0.66667,-0.154,0.791,0.0,0.521,-0.033,0.967,0.085,0.88889,-0.113,0.687,0
0,0.0,0,0.0,0.0,0,0.0,0,0.0,0.0,0.0,0,0.0,-0.918,-1,0.0,0.0,1,0.675,0.0,0.0,0.0,0.0,-0.854,1.337,0,0.0,1.156,-1,-0.619,-0.621,0.71,1.434,0.0,0.0
1,1,0.0,0.71,0.548,1.337,-0.518,1.358,0.071,1.419,-0.113,1.04,0,1,-0.378,0.951,-0.154,0.811,0.057,1.393,0,0.587,-0.453,1.466,0.134,0.869,-0.079,1,-0.058,1,0.501,1,-0.168,1.297,-0.18182
0,1,0.0,0.815,-0.63636,0,0.0,0.0,0.0,0.358,0.391,0.33,0.441,-0.088,0.569,0.43,0.2,-0.53788,0.339,0.148,-0.14773,0.024,-0.647,-0.841,0.154,0.29167,-0.35,0.25758,-0.376,0.284,0.305,0.252,-0.021,0.251,-0.41667
1,1.439,0.0,1.386,0.11765,1,0.231,0.759,0.306,1.435,0.078,1,0.155,0.592,0.11765,0.742,0.47059,0.718,-0.073,0.949,-0.129,1.475,0.325,0.984,0.41176,0.778,-0.168,1.474,0.175,1.363,0.048,1.222,0.35294,0.559,0.23529
0,1,0.0,0.0,0,-0.74,-0.62766,0.593,0.279,0.052,-0.251,-0.53,-0.36170,0.143,-0.59043,1.16,-1.098,0.0,0.0,0.929,-0.094,-0.301,1.051,0.211,-0.70745,0.0,0.0,-0.132,-0.46809,-0.186,-0.688,0.933,0.547,-0.916,0.45745
1,1.08,0.0,0.712,0.29167,0.83333,-0.148,0.70833,0.206,0.87500,-0.067,0.728,0.035,0.83333,0.165,1.057,0.0,1.265,0.038,0.928,0.096,0.95,-0.08333,0.738,0.205,1.218,-0.186,0.691,0.067,0.811,0.20833,0.97,0.0,0.42,0.04167
0,1,0.0,0.152,-0.188,0.0,0.0,0.0,0.0,0,0.0,0,0.0,0.067,-0.219,0.0,0.0,0.0,0.0,0.0,0.0,0,0.0,-0.061,-0.077,0.054,0.077,0.17308,-0.105,0.12500,0.09615,0.02564,-0.067,0.24,0.099
1,1,0.0,1.219,-0.066,1.499,-0.069,1.472,-0.212,1.031,-0.177,1.414,-0.489,0.582,-0.47265,1.17,-0.581,0.73084,-0.863,0.68131,-0.415,0.8,-0.78316,0.58829,-0.74785,0.612,-0.96296,0.528,-0.734,0.398,-0.896,0.325,-0.63,0.428,-0.455
0,0.719,0,1.35,1.259,-0.891,0.518,-1.198,-0.867,0.34649,0.248,0.46053,0.087,0.285,0.06,0.488,0.278,0.453,-0.022,0.327,0.53070,0,0,-0.251,-0.172,0.899,-0.841,1.26,-1,0.861,-0.186,0.213,0.20175,0.582,0.054
1,1,0.0,0.836,0.148,0.709,0.003,1.062,-0.184,0.497,-0.225,0.844,-0.351,0.73855,-0.199,0.827,-0.36078,0.683,-0.61189,0.40473,-0.499,0.497,-0.39328,0.723,-0.384,0.23966,-0.503,0.176,-0.421,0.162,-0.393,0.232,-0.592,0.125,-0.46603
0,0,0.0,-1.138,0.88,0.942,-1.229,0,0.0,0.0,0.0,1,-0.737,0.626,1.382,0.0,0,0.942,-0.575,0.0,0.0,0.0,0,1,1.075,-0.887,1,1.223,-1,-0.586,1.196,-1.401,-1.427,0.0,0.0
1,1,0.0,1.021,-0.19448,1.284,-0.254,1.283,-0.176,0.949,-0.188,0.79271,-0.33,0.912,-0.49639,0.808,-0.615,0.506,-0.70729,0.255,-0.412,0.573,-0.54172,0.353,-0.846,0.206,-0.63601,0.11,-0.322,-0.107,-0.54928,-0.011,-0.357,-0.105,-0.705
0,0.949,0,-1.167,-1.042,-0.664,1,0.782,-1,1.412,0.562,0.0,0,0.23958,-1.003,1.048,0.883,0,0.0,0.87,1.08,0.639,0.798,0.0,0.0,-0.892,1.168,0.199,-0.975,1,-1.029,0.51,-1.307,0.39,1
1,1,0.0,0.775,0.288,0.5,1.021,0.068,1.355,-0.391,0.898,-0.624,0.61181,-0.93882,0.19409,-1.04,-0.242,-0.598,-0.65612,-0.34,-0.84,0.09,-1.055,0.257,-0.899,1.007,-0.28903,0.638,0.059,0.465,0.42827,0.425,0.833,-0.006,1.017
0,1,0.0,1.283,0.844,0.0,0.0,1,-1.336,-1.342,-1,1.476,1.002,1.383,-0.754,0.0,0.0,1,-0.764,1,0.958,0.0,0,1.391,-0.551,-0.959,-1.346,0.617,0.676,-1.304,1.126,-1,1.239,0.0,0
1,1,0.0,1.376,0.885,0.735,0.683,1.07,1,-0.33333,0.588,-1.301,1.484,0.0,1.294,-1.174,0.723,-1.425,0.0,-0.655,-0.457,-1,-0.718,-0.514,-0.251,-0.33333,-1.024,0.19235,-0.597,1,-0.812,0,-0.829,0.779,-0.514
0,0,0.0,-0.655,1,-0.689,-1,0.0,0.0,-1.053,0.733,1.091,-0.731,-0.988,-0.824,-0.79,1,0.0,0.0,-1,-0.517,-0.676,1,0.0,0,0.755,-0.844,1.407,1.02,0.626,-0.666,1.486,1.393,0.0,0
1,1,0.0,0.669,0.079,0.558,0.14211,1.097,0.263,1,-0.092,1,0.505,1.133,0.644,1,0.448,-0.197,1,1,0.0,0.649,0.852,0.981,0.776,1.217,0.744,1.206,1.435,0.784,0.184,1,1.441,1.178,1.368
0,0.0,0,-1.327,-1,0,0,0.0,0.0,0.0,0.0,0.0,0.0,0.0,0.0,0.52,-1.206,0.0,0.0,-1.396,-1.236,0.0,0.0,0.837,1,1.263,-0.902,1.062,-0.971,0.0,0.0,0,0,0,0.0
1,0.51,0,0.924,-0.069,0.857,-0.137,-0.163,-0.281,0.164,0.04403,0.234,-0.355,0.337,-0.295,0.03459,-0.176,0.171,-0.359,0.193,-0.29052,0.09513,-0.374,0.055,-0.26795,0.03004,-0.153,-0.0,-0.207,-0.02612,-0.119,-0.031,-0.116,0.012,-0.298
0,0.784,0,0.0,0.0,0,0.0,0.0,0.0,0,0.0,1.241,-0.398,0.185,0.26042,0.0,0.0,0.0,0.0,0,0,-0.19792,-0.221,-0.216,1.233,-0.766,0.676,0.031,0.798,-0.121,-1.375,-0.111,-0.178,-0.141,-0.93750
1,1,0,0.547,0.039,0.61,0.103,0.96142,0.152,1.132,-0.133,0.579,0.431,0.80426,0.311,0.73781,0.179,0.777,0.156,0.59615,0.378,0.393,0.381,0.3,0.284,0.507,0.27226,0.405,0.174,0.358,0.181,0.332,0.21378,0.246,0.144
0,1,0.0,0.508,-0.105,-0.545,-1,-1.001,-0.628,1,0.299,0.81349,0.809,-1.26,-1,-1,1.359,0.647,1.331,1.363,1.332,0.778,-1.385,-1.436,-1.475,0.917,0.385,1.198,0.857,1,0.669,-1,-0.274,-1.04,0.439
1,0.766,0.0,0.612,-0.00190,0.594,0.401,0.533,-0.376,1.241,0.16828,0.96197,0.076,0.99676,0.087,0.696,0.05097,0.819,-0.352,0.87379,-0.147,0.786,0.26133,0.891,-0.025,0.847,-0.02589,0.6,-0.027,0.829,0.058,1.106,-0.094,1.138,-0.101
0,1,0.0,0.9,-0.866,1.35,1.434,0.71,1.345,0.523,-0.422,1,1.156,0.854,1,1.337,0.621,0,0.0,1,1.264,0.619,1.452,0.918,-0.889,1,1.235,1.143,0.911,1,-0.901,-0.75000,0.837,1.273,0.64
1,0.951,0,1.103,0.23058,0.869,-0.637,0.71,-0.145,1.04,0.209,1.18,0.27820,1.183,-0.101,0.783,0.056,1.328,-0.18954,1.2,-0.098,0.601,0.053,0.99624,0.09242,1.239,-0.017,0.96238,-0.06,0.535,0.03885,1.246,-0.201,0.842,-0.134
0,1,0.0,0.241,-0.636,-1.038,-0.912,-0.075,1.472,1,1.221,0.868,-0.425,-1.22,-0.79313,-0.131,0.658,0.48684,0.644,0.222,-0.252,-0.14343,-0.156,-0.123,0.087,0.036,0.086,0.03443,-0.013,-0.006,-0.014,-0.00761,0.001,0.0,0.00325
1,1,0.0,0.473,0.545,0.613,-0.126,0.984,-0.07,0.98151,-0.073,0.925,0.20663,0.99745,0.015,1.074,0.02487,1.435,-0.16,1.304,0.064,1.243,0.003,1.332,0.203,0.743,-0.092,0.559,-0.00394,1.115,0.07908,1.386,-0.146,0.864,-0.05740
0,0,0,0.0,0.0,0.0,0,0.0,0.0,0.0,0.0,0,0,0.604,1,1.16,1.072,1.132,-1.051,0.0,0.0,1,1.119,0.648,-0.546,1.183,0.53,1.205,0.0,1.098,0.833,0.593,-1.355,0,0.0
1,1,0.0,1.317,-0.28428,1.228,-0.204,1.246,-0.272,1,-0.431,0.851,-0.455,0.538,-0.393,0.874,-0.486,0.753,-0.866,0.418,-0.567,0.975,-0.868,0.442,-0.718,0.719,-0.73333,0.295,-0.604,0.26352,-0.78239,0.24,-0.73145,0.192,-0.70000
0,1.425,0.0,0.0,0.0,0.0,0.0,0.0,0.0,-0.507,-0.686,0.0,0.0,1,-1.431,0,0.0,-1,-1,-1.208,-0.509,1,-1.114,-0.60000,-0.748,1.185,0.835,-1,-0.27,1.28,-1.15,0.0,1.351,0.0,0
1,1,0.0,1.483,0.12,0.51,-0.136,0.77273,0.0,1.219,0.0,0.95455,0.0,0.652,0.044,0.90909,-0.032,1,0.0,1,0.0,0.526,0.122,1.102,0.074,0.984,0.066,0.91541,0.02,0.818,0.097,1.099,-0.11,0.438,0.04545
0,0.0,0.0,0.0,0.0,-1.063,1,0.899,0.681,-0.756,-0.564,0.0,0.0,-1,-1,-0.842,-0.25,-0.891,-0.719,0.623,-0.518,1,-1.259,0.0,0,1,-1.044,-1.262,-0.702,0,0.0,0.606,-1.435,0.0,0
1,1,0.0,0.91176,-0.112,1.416,0.169,0.56,0.08824,0.91176,-0.019,0.537,-0.16,0.708,0.123,1.086,0.028,1.194,0.0,0.869,0.0,0.623,0.11765,1.038,0.018,0.521,0.04,1.226,0.02600,0.94118,-0.11765,1.122,0.042,1.32,0.066
0,1.401,0.0,-1.138,1,-0.744,0.15244,0.267,1.062,-1.075,1,-1.315,-1,1.251,0.626,-0.598,-0.137,0.249,-0.842,1.196,0.942,-0.264,-1.463,-1.229,-1,1,-1.062,-0.575,-0.03578,1.382,-1.427,-0.887,-0.238,0.183,1
1,1.473,0,0.323,-0.14,0.453,0.01756,0.83155,0.033,0.391,-0.075,0.888,0.0,0.79856,0.05028,0.78315,0.061,0.795,0.47368,1.435,0.032,0.566,0.094,0.989,0.093,0.466,0.21053,0.925,0.134,0.776,-0.249,0.397,0.111,0.78,0.068
0,1.167,0,-0.004,-0.5,0.0,0.0,-0.02,1,0.0,0.0,0.0,0.0,0.0,0,0.0,0,0.0,0.0,0.306,1.004,-0.35256,0.746,-0.489,-0.543,0.0,0.0,-0.481,-0.375,0.0,0.0,0.0,0.0,0,0
1,1,0.0,1.45,0.45455,1,0.733,1.215,0.624,0.862,-0.123,1,0.0,0.982,-0.372,0.853,0.27273,0.949,-0.932,1.018,-0.259,0.671,-0.45455,1,0.053,0.5,-0.084,1,0.108,1.351,0.241,1.345,0.659,0.527,0.307
0,0,0.0,-0.75,-1.444,1,-1,-0.522,1,0.0,0.0,1,-1.126,0.676,-1.283,0.0,0.0,0.0,0,0.0,0.0,-1.342,0.754,0.844,-0.617,-0.958,1.321,1.336,1.239,0,0,0.734,0.695,0.0,0.0
1,0.735,0.0,0.312,0.125,0.63636,0.126,0.27273,0.259,0.49,0.0,0.47,-0.053,0.533,-0.101,0.379,-0.01,0.517,-0.141,0.633,0.0,0.36364,-0.09091,0.27273,0.18182,0.54,-0.075,0.353,-0.014,0.299,0,0.263,0.0,0.173,-0.01832
0,1,0.0,-0.619,-0.436,0,0.0,-0.79,0.609,-0.87097,0.676,0,0.0,0.0,0.0,0.0,0.0,0.0,0.0,0.0,0,-1.053,-1,0.0,0.0,0.206,0.193,0.589,0.441,0.0,0.0,0,0.0,0,0.0
1,1,0,1.435,0.17,1.368,1.029,1,0.827,0.744,-0.188,0.573,-0.08,0.776,0.019,1,0.0,0.47,-0.14286,0.525,0.027,0.649,-0.209,1.178,0.0,0.169,-0.28571,0.926,0.063,1.217,0.051,1,0.689,0.737,0
0,0.0,0.0,0.85,1,0.971,-1,1.338,1.263,1.236,0.953,1.142,1,1.327,-1.039,0.902,0.791,0.552,-1.326,1.396,-0.837,1.221,1.245,1.111,1,0.52,-1.039,1.105,1,0.52,0.634,1,1,1,0.882
1,1,0.0,0.87032,0.265,0.331,0.82161,0.132,0.829,-0.38033,1.294,-0.377,0.542,-0.559,0.199,-0.453,-0.166,-0.6,-0.573,-0.221,-0.739,0.18823,-0.747,0.51557,-0.67,0.986,-0.303,0.908,0.10484,0.711,0.436,0.16,0.56573,-0.057,0.713
0,0,0,1,-1.487,1.414,1.462,0.939,-0.887,0.752,0.55,0.635,-1.471,1.269,-1,0.681,-0.53,0.784,1.375,0.959,1.297,0.766,1,1.195,-1.361,1.351,0.659,1.241,1.012,1,1,0.714,1.064,1.111,-1
1,1,0,0.712,0.04174,1.167,0.103,1.125,0.257,1.139,0.198,0.635,0.40198,0.502,0.40552,0.775,0.48360,0.301,0.614,0.656,0.39,0.493,0.557,0.42546,0.379,0.25,0.819,0.348,0.476,0.168,0.658,0.088,0.269,0.115,0.46571
0,0.0,0.0,0.941,1.062,1.318,-1.436,1,-0.715,0.842,1.475,0,0,1.131,-1.385,0.0,0,0.0,0.0,0,0.0,-1.367,1.001,0.545,0.508,0.0,0,0.628,1.106,0,0.0,-1.363,-1.106,0,0.0
1,1,0.0,0.905,0.133,1.323,0.25359,0.85705,0.297,0.79039,0.47127,0.857,0.608,0.65260,1.042,0.47,0.452,0.39,0.766,0.175,0.798,0.13712,0.835,0.004,0.599,-0.062,0.46,-0.145,1.034,-0.33169,0.848,-0.386,0.858,-0.31,0.597
0,0,0.0,0.918,-0.844,-1.034,0.889,-1.235,1.201,1.156,0.9,1,1.273,-0.64,-1.35,-1.264,-0.866,0.619,0.523,1,-1.143,-0.837,-1.337,-1.345,-1,1.452,0.0,1,-1,0.98,-1.458,-1,1.434,-0.71,1
1,1,0,0.80627,0.082,0.73061,0.268,0.64615,0.181,0.46,0.632,0.318,0.575,0.301,0.743,0.262,0.37115,0.212,0.406,-0.085,0.337,-0.03,0.489,-0.072,0.524,-0.14943,0.568,-0.271,0.468,-0.342,0.433,-0.26634,0.352,-0.147,0.263
0,0.0,0.0,1.22,-1.292,1,1,0.916,-1.211,1,1.358,1.285,-1.119,1.472,1,0.675,-0.699,1,-0.912,1.164,1.312,0.985,1.26,0.636,-1.028,1.038,-1.097,1.46,-1,0.653,1,1,-1.384,0.771,0.658
1,0.864,0.0,0.97467,0.181,0.94120,0.184,0.88783,0.353,1.213,0.254,1.261,0.644,0.899,0.431,1.006,0.844,0.574,0.496,0.289,0.70398,0.42,1.006,0.35289,0.75622,0.193,0.931,0.128,1.035,0.074,0.80439,-0.022,0.489,-0.058,0.74242
0,0.0,0.0,0.0,0,1,1.072,0.0,0.0,0.593,1,0,0,1,-0.53,0,0.0,0.0,0.0,0.0,0.0,0.0,0.0,0.0,0.0,0.0,0.0,0.604,-1.194,0.0,0.0,-1.355,1.098,0.0,0
1,1,0.0,0.92308,0.15451,0.85,0.366,1.034,0.532,0.655,0.56830,0.527,0.372,0.43270,0.74676,0.342,0.67697,0.234,0.632,0.066,1.003,-0.12064,0.611,-0.15,0.589,-0.386,0.98,-0.272,0.486,-0.696,0.686,-0.473,0.47,-0.822,0.272
0,0,0.0,0.0,0.0,0.821,1.114,0.58,1,0.0,0,0.0,0.0,-1,-0.961,0,0.0,-1,-1.208,0.0,0.0,0.0,0.0,1.185,1.349,0,0.0,1.28,0.748,0,0.0,-1.393,1.351,0.0,0.0
1,1,0.0,0.541,0.37,0.65926,1.03,0.236,0.803,-0.036,1.147,-0.269,1.179,-0.64574,0.806,-0.711,0.191,-0.954,-0.123,-0.62780,-0.319,-0.331,-0.55605,-0.221,-0.64338,0.062,-0.31,0.319,-0.59,0.462,-0.436,0.567,-0.09461,0.456,0.12556
0,0.0,0.0,1.198,-1,1.249,0.842,1.044,1,1,0.702,0.564,1.063,1,-0.719,1.262,1,1.391,0.606,1.239,-1.259,0.891,-0.861,1.35,-0.756,1.435,-0.623,1.051,1.26,1,-0.801,0.518,1,0.899,1
1,0.553,0.0,0.73523,-0.442,0.80151,0.116,0.575,0.15266,0.465,0.067,1.483,0.21225,0.71947,0.206,0.448,0.203,0.45,0.166,0.64333,-0.033,0.831,0.42528,0.433,0.44872,0.643,0.677,0.601,0.638,0.125,1.194,0.512,0.3,0.295,0.433
0,0,0.0,0.0,0.0,0.0,0.0,0.0,0,0,0.0,0.0,0.0,0.0,0,0.0,0.0,0.0,0.0,0.0,0.0,0,0.0,0.0,0.0,0.0,0.0,1,0.88,0.0,0.0,0,0.0,0.0,0
1,1,0.0,0.624,0.013,0.97287,-0.004,1.284,0.005,0.95801,0.018,1.405,0.03530,0.97213,0.064,1.416,0.015,0.89,0.095,1.393,-0.009,0.593,0.059,0.671,0.1,0.637,0.08101,0.95243,0.061,1.243,0.00818,1.118,0.074,1.162,-0.001
0,0.0,0.0,1,1,-1.248,-1.048,-1,-1.003,0.0,0.0,0.0,0.0,-1.044,-1,0.0,0.0,0.0,0.0,0,0.0,-1.168,0.685,1,1.412,0.0,0.0,0.639,-0.596,0,0,-0.883,-1.309,-1.167,-0.666
1,0.951,0.0,0.50466,-0.116,0.71442,0.013,0.71063,0.03,0.915,0.007,0.255,0.05594,0.842,0.04,0.922,0.061,0.67023,0.05692,0.602,-0.031,0.958,0.06856,0.845,0.075,0.609,0.244,0.878,0.08304,0.51,0.034,0.462,0.094,0.792,0.092
0,1,0.0,0.852,1.391,0.91973,-0.76087,0.617,0.058,1.024,0.103,0.651,0.989,0.70067,0.112,0.418,0.13712,1.221,-0.184,0.935,0.188,0.779,0.24582,0.678,0.77425,1.383,-0.691,0.682,0.15,1.049,0.53846,0.958,-0.085,0.477,0.125
1,1,0,0.847,-0.053,0.588,-0.231,0.789,-0.441,0.578,0.085,0.627,-0.438,1,-0.163,0.655,-0.629,0.49259,0.026,0.82222,-0.046,0.98215,-0.234,0.597,0.171,0.69630,-0.215,0.678,-0.24549,1.027,0.03,0.725,-0.186,1.097,-0.791
0,1,0.0,0.381,0.147,0.608,0.07393,0.26459,0.24125,0.23346,0.135,0.274,0.25292,0.207,0.316,0.074,0.168,-0.023,0.271,0.07,0.197,0.156,0.143,0.116,0.199,-0.015,0.261,-0.039,0.177,-0.14786,0.076,-0.098,0.215,-0.208,0.28794
1,1,0.0,0.533,-0.03175,1.083,-0.062,0.45,-0.009,0.738,0.048,0.455,0.055,0.349,-0.013,0.62698,0.014,0.527,0.017,0.592,0.01587,0.47817,-0.036,0.696,0.045,0.5,0.027,0.61291,-0.009,0.811,-0.13492,0.78,-0.011,0.686,-0.024
0,0.971,0,0.089,-0.19,-0.059,0.061,0.08374,-0.021,-0.018,0.165,0.078,0.0,0.12315,-0.051,0.065,0,0.022,-0.037,-0.071,-0.277,0.06897,0.016,0.055,0.015,0.075,0.16256,0.28079,-0.061,-0.078,-0.09360,0.037,0.034,0.077,-0.115
1,0.931,0.0,0.721,0.10850,0.952,-0.088,0.70358,0.024,0.814,0.001,0.843,0.15772,0.68,-0.001,0.79754,0.059,0.427,-0.101,1.011,-0.112,0.62528,-0.012,0.60962,0.099,0.475,-0.125,0.852,-0.014,0.389,0.049,0.78859,-0.045,0.368,-0.04698
0,1,0.0,0.134,0.466,0.0,0.0,-0.163,-1,0.0,0,0.112,-0.052,0.0,0.0,0.0,0.0,0.0,0.0,0,0.0,0.00759,0.996,-0.275,0.33671,-0.124,0.35696,0.056,-0.766,0.0,0.0,0.06329,-1.111,0.0,0.0
1,1.481,0,0.677,-0.006,0.89818,-0.02465,0.51,-0.022,1.038,-0.112,0.647,-0.082,1.147,0.007,0.90782,-0.169,0.87138,-0.046,0.90782,-0.02358,0.599,-0.14577,0.416,-0.163,0.593,-0.2,1.153,-0.152,1.038,-0.07,0.663,-0.241,0.914,-0.229
0,1.363,0,0.217,-0.679,0.0,0.0,0.0,0.0,0.557,0.564,0.58958,0.023,0,0.0,0,0.0,0.141,-0.285,0.322,-0.263,0.0,0.0,0.0,0.0,0.831,-0.558,-1,-0.941,-0.27917,-1.048,0,0.0,0,0.0
1,1,0,0.747,0.016,1.22,0.013,0.702,0.009,1.239,-0.121,1.201,-0.084,0.93040,-0.007,0.537,-0.08918,0.86025,-0.047,0.603,-0.04024,0.88418,-0.113,0.867,-0.091,1.172,-0.131,0.531,-0.14,0.85536,-0.132,0.699,-0.133,0.803,-0.08
0,1,0.0,0.0,0.0,1,0.155,1.19,-0.018,0.0,0.0,1.458,-0.54,1.35,0.176,0.854,-0.05333,1.143,-0.81556,0.0,0.0,1,-0.039,0.64,-0.18667,0.0,0.0,0.866,-1,0.0,0.0,0.71,0.062,0.561,-0.09556
1,1,0.0,1.085,0.045,0.743,-0.001,0.79000,0.01,0.79571,-0.026,1.214,0.0,0.502,-0.06714,0.614,0.00286,0.521,-0.07,1.009,-0.096,1.09,-0.124,1.174,-0.05000,0.909,-0.06857,0.639,-0.118,1.185,-0.088,0.928,-0.048,1.018,-0.15143
0,1.292,0.0,0.0,0.0,0.0,0.0,0.0,0,0.0,0.0,0.0,0.0,-0.636,0.699,0.985,0.749,0,0.0,0.0,0.0,0,0.0,0.0,0,0.0,0.0,1,1.22,0.0,0,0.0,0.0,0,0
1,1,0.0,0.431,0.026,0.285,-0.127,0.376,-0.038,0.316,0.119,0.424,0.059,0.312,-0.172,0.51688,-0.03636,0.52727,-0.073,0.545,-0.015,0.716,-0.025,0.373,-0.014,0.807,0,0.414,-0.03280,0.43117,0.03377,0.597,-0.039,0.87,-0.051
0,0,0.0,0.0,0.0,0.0,0.0,0.0,0.0,0.0,0,0,0.0,0.0,0,0.0,0.0,0.0,0.0,0.0,0.0,0,0.0,0.0,0,0.0,0.0,1,-0.74,0.0,0.0,0.0,0,0.0,0.0
1,1.317,0.0,1.409,0.685,1,0.306,0.223,0.776,0.16851,0.91180,-0.164,0.668,-0.317,0.801,-0.506,0.372,-0.354,0.099,-0.257,0.006,-0.26477,-0.09025,-0.13,-0.107,-0.084,-0.12744,-0.017,-0.15,0.009,-0.105,0.033,-0.059,0.02249,-0.02017
0,1,0.0,0.0,0.0,0.0,0.0,1.311,1,-1.208,-1,0,0.0,1,-0.064,0.0,0.0,0.0,0.0,-1.173,0.686,0.818,1.338,1.182,-0.835,0.0,0,0.597,-1,0.0,0.0,0.0,0.0,1,1.349
1,1.068,0.0,1.049,0.369,0.342,0.881,0.31347,1.166,-0.056,0.592,-0.443,0.967,-0.572,0.262,-1.215,0.22735,-0.81136,-0.129,-0.67474,-0.38102,-0.562,-0.759,-0.193,-0.937,0.142,-0.719,0.564,-0.35,0.373,-0.29897,0.482,-0.036,0.51460,0.16645
0,1,0,0.0,0.0,0.0,0,0,0.0,-0.681,1.051,0.0,0.0,0.756,0.262,-0.101,-0.073,0,0.0,-1,-0.623,0.0,0,1.044,-1.35,0.0,0.0,0.518,0.241,0.0,0.0,0.0,0.0,0.0,0
1,1.156,0.0,0.88179,0.552,0.711,0.528,0.19672,0.581,-0.146,0.92544,-0.6,1.031,-1.175,0.491,-0.564,-0.062,-0.77356,-0.526,-0.46950,-0.405,-0.083,-0.82217,0.221,-0.748,0.55984,-0.562,0.512,-0.212,0.528,0.063,0.58137,0.352,0.392,0.855
1,1,0.0,0.309,0.015,0.134,0.179,0.14919,0.885,-0.322,0.687,-0.097,0.121,-0.75,0.293,-0.54,-0.057,-0.141,-0.121,-0.444,-0.548,-0.11409,-0.85597,0.02668,-0.22786,0.367,-0.046,0.44,-0.071,0.245,-0.121,0.215,0.13296,0.171,0.20468
1,1,0.0,1.229,0.508,0.689,0.547,0.12326,0.89402,-0.442,0.99,-0.379,0.842,-1.227,0.27,-0.935,-0.147,-0.59714,-0.483,-0.272,-0.502,0.174,-0.587,0.538,-0.72454,0.79143,-0.27734,0.783,0.08718,0.761,0.733,0.256,1.032,-0.057,1.079
1,0.685,0.0,0.892,-0.03490,0.616,0.004,0.495,-0.07461,0.55,0.00963,0.399,-0.07461,0.724,0.043,0.785,-0.057,0.677,0.067,0.447,0.0,0.771,0.105,0.707,0.033,0.643,0.164,0.60463,0.02019,0.673,0.039,0.586,-0.00963,0.717,-0.09146
1,1,0.0,0.642,-0.027,0.522,0.03309,0.976,0.161,0.525,0.053,0.81434,0.318,0.765,0.00551,0.694,0.315,1,0.06066,0.894,0.07,0.337,0.057,0.52022,-0.237,0.743,-0.235,0.639,0.087,0.30882,0.08,0.309,0.099,0.493,0.292
1,1,0.0,0.829,0.273,1.081,0.026,0.427,0.02647,0.835,-0.054,0.743,0.099,0.964,0.05060,0.693,0.065,0.517,-0.089,0.61692,0.218,0.559,0.07573,0.63878,0.112,0.46,-0.087,0.441,0.054,0.55077,0.174,0.697,0.124,0.371,0.09322
1,1,0,0.68317,0.05375,1.259,0.002,0.657,0.002,1.16,0.051,0.558,0.031,1.141,0.004,1.151,0.005,1.043,-0.09,0.855,-0.036,0.76365,0.008,0.74635,0.008,0.476,-0.04243,0.546,0.012,0.366,0.136,0.924,0.015,0.64407,0.008
1,1,0.0,0.427,0.0,0.239,0.106,0.49130,0.069,0.371,-0.03,0.389,-0.186,0.636,0.04783,0.71,0.02609,0.301,0.161,0.622,0.098,0.249,-0.02609,0.294,-0.071,0.468,-0.006,0.306,0.06908,0.575,0.026,0.332,0.108,0.44783,0.17391
1,1.178,0.0,1.092,0.092,0.78129,0.246,0.663,0.206,0.836,0.268,0.512,0.50122,0.57898,0.448,0.366,0.58445,0.438,0.532,0.425,0.482,0.117,0.456,0.02066,0.55,-0.08748,0.373,-0.135,0.703,-0.263,0.294,-0.142,0.661,-0.27339,0.42467
1,1,0.0,1.062,0.131,1.326,0.13,0.98390,0.365,0.969,0.704,0.947,0.751,0.361,0.634,0.575,1.034,0.327,0.688,0.11,0.79777,0.09709,1.015,-0.018,0.79870,-0.15144,0.721,-0.261,0.624,-0.308,0.744,-0.319,0.301,-0.42815,0.44534
1,1,0.0,0.89410,0.127,0.87001,0.265,0.714,0.377,0.63388,0.743,0.727,0.779,0.244,0.389,0.216,0.803,0.09134,0.671,-0.107,0.43,-0.287,0.616,-0.384,0.62610,-0.481,0.663,-0.46215,0.6,-0.614,0.15,-0.52823,0.118,-0.296,0.056
1,1,0.0,0.623,0.125,0.90946,0.456,0.85096,0.392,0.468,0.949,0.735,0.503,0.688,1.138,0.445,1.333,0.17959,1.262,-0.006,0.701,-0.24,0.84,-0.317,0.916,-0.46534,0.421,-0.58563,0.706,-0.687,0.628,-0.977,0.42488,-0.81210,0.2
1,1,0.0,1.193,0.18198,1.057,0.459,0.749,0.598,0.60425,0.524,0.513,0.41,0.246,1.007,0.15664,0.83558,0.003,0.427,-0.163,0.613,-0.237,0.574,-0.43087,0.401,-0.347,0.798,-0.715,0.359,-0.64511,0.27338,-0.894,0.102,-0.837,0.029
1,1.359,0.0,0.866,0.21106,0.679,0.38112,0.485,0.375,0.2,0.22273,0.13753,0.659,-0.042,0.534,0.0,0.48636,-0.406,0.213,-0.584,0.485,-0.314,0.271,-0.448,0.101,-0.38483,-0.044,-0.33942,-0.105,-0.291,-0.124,-0.251,-0.341,-0.072,-0.27218
1,1,0,0.785,-0.723,0.801,0.54,0.81126,0.07285,0.389,0.159,0.251,0.184,0.29,0.103,0.63907,0.166,0.441,0.397,0.503,0.135,0.662,0.182,0.816,0.05,0.688,0.247,0.491,0.296,0.653,0.397,0.43484,0.29324,0.275,0.29942
1,0.918,0.0,0.844,0.154,0.686,-0.163,0.81594,0.083,0.813,0.017,0.506,-0.098,0.428,0.145,0.491,0.03985,0.53131,-0.043,0.69450,0.175,0.72676,0.07211,0.228,0.037,0.64,0.536,0.436,0.24,0.187,0.32448,0.283,0.099,0.486,0.15180
1,0.811,0.0,0.84843,0.06794,1.117,-0.02,1.106,-0.048,0.523,-0.047,0.368,-0.07666,0.937,-0.077,0.64260,-0.06438,0.489,0.059,0.741,0.009,0.794,-0.08039,0.313,-0.093,0.583,-0.22822,0.574,-0.11,0.774,-0.081,0.601,-0.081,0.368,-0.09808
1,1,0.0,0.985,0.09,1.181,-0.006,0.96683,-0.007,0.76,-0.026,1.472,0.01419,0.96186,-0.009,1.258,-0.01671,0.902,0.013,1.078,-0.062,0.95016,-0.022,1.102,-0.02,1.009,0.029,0.93772,-0.042,0.636,-0.064,0.626,-0.047,1.185,-0.03673
1,1,0.0,0.356,-0.178,0.37,-0.154,0.767,-0.479,1.043,0.095,0.364,-0.161,0.49485,0.15979,0.254,-0.175,0.607,0.039,0.5,-0.18,0.45,0.182,0.416,0.08247,0.418,0.152,0.53396,-0.184,0.117,-0.25,0.436,0.03,0.45361,-0.51546
1,1.072,0.0,0.839,-0.05,0.857,0.037,0.61432,0.418,0.695,-0.00462,0.87,0.098,1.117,-0.43418,0.866,0.63,0.59584,0.167,0.63510,0.183,0.41,-0.154,0.779,0.161,0.478,0.23095,0.852,0.17704,0.724,0.042,0.745,0.137,0.366,0.36721
1,0.928,0.0,0.446,-0.044,0.706,0.019,0.457,0.017,0.83,0.036,0.612,-0.00449,0.71685,-0.039,0.536,0.007,0.473,0.037,0.64719,-0.059,0.472,0.207,0.57528,-0.025,0.458,0.04944,0.775,0.005,0.47640,-0.044,0.54607,0.157,0.799,-0.08090
1,1.15,0.0,0.957,-0.009,0.954,-0.029,0.321,-0.07,1.111,0.061,0.67314,0.09709,0.782,0.15858,0.349,-0.019,0.644,-0.054,0.483,-0.132,0.759,0.122,0.39159,0.129,0.52427,-0.05502,0.45105,0.0,0.27,-0.087,0.548,-0.121,0.424,-0.05178
1,1,0.0,0.68148,0.10370,0.469,0.03,0.706,0.108,0.557,-0.004,0.829,0.122,0.59753,0.035,0.317,0.09630,1.147,-0.211,0.73827,-0.077,0.33,0.013,0.821,0.066,0.975,-0.084,0.341,-0.019,1.092,0.033,0.61235,-0.107,0.621,-0.04691
1,1,0.0,0.819,-0.016,1.006,0.024,0.52881,-0.037,0.632,0.03729,0.866,-0.094,0.57966,-0.025,0.615,0.04,0.624,0.147,0.371,-0.032,0.53220,0.01,0.948,-0.04,0.492,-0.039,0.57262,0.00750,0.613,-0.004,0.691,-0.037,0.603,0.06780
1,0.522,0.0,0.49515,0.131,0.36,0.048,0.253,0,0.503,-0.021,0.367,0.036,0.31,0.029,0.27,0.00485,0.613,-0.16,0.641,0.00485,0.307,0.068,0.23,0.334,0.31068,-0.15049,0.36547,0.047,0.221,0.133,0.208,0.0,0.439,-0.01942
1,1.475,0.0,0.832,0.029,1.293,0.34100,1.079,0.35222,0.878,0.721,0.73584,0.672,0.753,0.60179,0.3,0.602,0.31800,0.70443,0.146,0.703,0.07515,0.761,0.092,0.71284,-0.148,0.769,-0.178,0.37,-0.118,0.764,-0.288,0.314,-0.378,0.277
1,0.555,0.0,0.72,0.15810,0.903,0.488,0.793,0.372,0.637,0.901,0.778,0.634,0.215,0.83156,0.25140,0.84804,0.07,0.743,-0.112,1.196,-0.286,0.406,-0.29,0.578,-0.531,0.58324,-0.727,0.378,-0.61899,0.353,-0.65754,0.18345,-0.425,0.021
1,1.323,0.0,0.969,0.137,1.243,0.47030,0.474,0.62415,0.695,0.78120,0.453,0.519,0.052,0.854,-0.06827,1.122,-0.28269,1.052,-0.538,0.722,-0.55769,0.256,-0.711,0.295,-0.897,0.095,-0.66651,0.023,-0.585,-0.13462,-0.536,-0.136,-0.577,-0.218
1,1,0.0,1.091,0.159,1.168,0.40803,0.80514,0.303,0.508,0.502,0.41836,0.561,0.13,1.136,0.038,0.607,-0.293,0.83939,-0.327,0.419,-0.473,0.62563,-0.792,0.282,-0.822,0.175,-0.517,0.217,-0.75406,-0.04399,-0.923,-0.254,-0.796,-0.51
1,1,0,1.315,0.329,0.669,0.461,0.355,0.73151,0.416,0.723,0.104,1.161,-0.135,0.749,-0.301,0.958,-0.58835,0.528,-0.76305,0.348,-1.191,0.146,-0.453,-0.025,-0.733,-0.169,-0.684,-0.434,-0.46422,-0.691,-0.265,-0.70835,-0.09,-0.71273
1,1.484,0.0,1.033,0.47,0.67333,0.62233,0.225,0.65,-0.053,0.426,-0.243,0.75334,-0.265,0.48816,-0.844,0.38,-0.621,0.084,-0.47359,-0.074,-0.94,-0.06011,-0.419,-0.47592,-0.086,-0.53620,0.102,-0.516,0.262,-0.527,0.417,-0.234,0.397,0.185
1,1.072,0.0,0.334,0.10025,0.326,0.136,0.03,0.279,0.089,0.194,0.056,0.267,-0.035,0.12767,-0.06333,0.068,-0.06328,0.04097,-0.064,0.011,-0.039,-0.00280,-0.028,-0.01,-0.012,-0.01505,-0.007,-0.015,-0.00280,-0.009,0.001,-0.009,0.004,-0.009
1,1,0.0,0.777,-0.362,0.961,0.41,0.717,-0.00564,0.82519,0.151,0.50188,-0.228,0.541,0.074,0.733,0.194,0.657,-0.448,0.931,0.06,0.66917,0.166,0.513,-0.40977,0.586,-0.066,0.56836,-0.059,0.315,-0.13346,0.124,-0.086,0.528,-0.118
1,0.849,0.0,1.069,0.18,0.72171,0.071,0.65829,0.08315,0.191,0.183,0.447,0.276,0.673,0.185,0.44747,0.096,0.344,0.02922,0.625,0.172,0.476,0.14616,0.427,0.106,0.367,0.098,0.256,0.124,0.209,0.16137,0.18767,0.202,0.227,0.067
1,1.091,0,0.848,0.127,1.267,0.012,0.85124,0.01546,0.723,-0.00278,1.104,0.10916,0.574,0.021,0.821,0.047,0.726,0.026,0.657,0.021,0.808,0.049,0.483,0.05352,1.118,0.029,1.046,0.06235,0.85939,0.071,0.781,0.042,0.945,0.092
1,0.899,0.0,0.87111,0.05,0.79946,0.18297,1.126,0.172,0.556,-0.083,0.642,-0.018,0.577,-0.385,1.107,0.19964,0.608,-0.045,1.244,-0.014,0.503,-0.486,0.715,-0.157,0.525,-0.09193,0.735,-0.02,0.78774,-0.04101,0.752,0.308,0.88238,0.051
1,1.166,0,0.435,0.018,0.98994,0.105,0.797,0.178,0.562,-0.09188,0.95842,0.02,0.498,-0.00469,0.96110,0.10195,0.563,0.03756,0.403,0.038,1.026,-0.071,0.728,0.0,0.798,-0.016,0.891,0.038,0.398,-0.007,0.661,0.071,0.688,0.014
1,0.574,0.0,0.292,0.19527,0.073,-0.204,0.82,0.01006,0.48,-0.041,0.369,0.018,0.579,0.349,0.823,-0.044,0.484,0.12426,0.538,0.063,0.52767,0.041,0.344,-0.10651,0.494,-0.02367,0.46514,0.03,0.779,0.177,0.307,-0.14497,0.243,-0.004
1,1,0.0,0.381,0.191,0.66,-0.174,0.85122,-0.13,0.48,0.015,0.289,0.037,0.726,-0.06,0.80791,-0.093,0.667,-0.24482,0.81544,-0.14313,0.57,-0.004,0.222,0.079,0.56121,-0.389,0.441,-0.16837,0.369,-0.026,0.286,-0.432,0.343,-0.146
1,0.654,0.0,0.819,-0.022,0.86412,-0.1,1.188,0.0,0.537,-0.09,0.846,-0.071,0.455,-0.11677,1.076,-0.124,1.101,-0.21231,0.44,-0.10191,0.79193,-0.132,0.852,-0.019,1.165,-0.214,0.505,-0.274,0.66242,-0.224,0.558,-0.37792,0.65817,-0.208
1,1.375,0.0,0.898,-0.068,0.83424,0.108,1.205,0.028,0.85,-0.012,0.573,-0.079,0.809,-0.10598,0.646,-0.00543,0.989,-0.20924,0.537,0.03261,0.86413,-0.041,0.489,-0.145,0.84,-0.228,0.605,-0.152,0.466,-0.038,0.78533,-0.061,0.626,-0.00543
1,1,0.0,0.705,-0.152,0.608,0.228,0.381,0.056,0.637,-0.11067,0.89,-0.296,1.131,-0.145,0.926,0.026,0.659,-0.003,0.63636,-0.17,0.79249,-0.25296,0.667,-0.422,0.7,-0.083,0.379,-0.127,0.578,-0.124,0.37549,0.06917,0.421,-0.01383
1,1,0.0,0.247,0.088,0.58980,0.006,0.312,0.053,0.47894,-0.146,0.576,0.013,0.489,-0.16186,0.501,-0.03326,0.671,-0.092,0.575,-0.049,0.47894,-0.164,0.589,-0.1,0.497,-0.148,0.287,-0.098,0.747,-0.021,0.672,-0.11752,0.578,-0.04435
1,1,0.0,0.467,0.397,0.72125,0.413,0.736,0.889,0.38825,0.90502,0.076,0.976,-0.253,0.811,-0.234,0.6,-0.727,0.909,-0.709,0.376,-0.465,0.19095,-0.645,-0.079,-0.78334,-0.167,-0.531,-0.357,-0.526,-0.60858,-0.196,-0.751,-0.164,-0.75597
1,1,0.0,1.244,0.29282,0.79917,0.41,0.459,0.516,0.328,0.682,0.052,0.96748,-0.187,1.165,-0.731,0.693,-0.916,0.351,-0.90995,0.222,-1.366,0.077,-1.049,-0.19838,-0.577,-0.567,-0.514,-0.728,-0.398,-0.85725,-0.167,-0.93953,0.091,-0.872
1,1.447,0.0,0.968,0.30634,0.976,0.57816,0.34109,0.58527,0.05717,1.441,-0.125,0.838,-0.479,0.71996,-1.031,0.331,-0.767,0.41195,-1,-0.008,-0.534,-0.253,-0.545,-0.253,-0.653,-0.452,-0.451,-1.061,-0.022,-0.796,0.208,-0.819,0.003,-0.974
1,1,0.0,0.636,0.173,0.69256,0.47702,0.247,0.843,0.185,0.854,-0.12,0.73,-0.401,0.77681,-0.586,0.762,-0.706,0.406,-1.055,0.036,-0.594,-0.191,-0.482,-0.297,-0.432,-0.297,-0.124,-0.60863,0.117,-0.61488,0.175,-0.48468,0.438,-0.35339
1,1,0,1.231,0.33164,0.45,0.62349,0.666,0.84266,0.18,0.562,-0.173,1.126,-0.642,0.995,-0.818,0.638,-1.063,0.451,-1.376,0.05595,-0.836,-0.327,-0.482,-0.734,-0.258,-1.075,-0.286,-0.99,0.07810,-1.048,0.28,-0.937,0.59407,-0.63
1,1,0.0,0.493,0.164,0.797,0.457,0.411,1.049,0.17293,0.959,-0.18976,0.503,-0.366,0.66541,-0.68421,0.62,-0.611,0.19492,-0.372,-0.066,-0.914,-0.331,-0.385,-0.469,-0.225,-0.477,-0.012,-0.392,0.21,-0.963,0.526,-0.42,0.64662,-0.30075
1,1.103,0.0,0.828,-0.019,1.261,-0.037,1.475,-0.101,0.506,0.016,1.304,-0.028,1.427,-0.102,1.026,-0.084,0.97396,-0.112,1.26,-0.12224,1.379,-0.077,0.95278,-0.065,0.97352,-0.085,0.671,-0.12912,0.839,-0.11,0.97132,-0.15755,0.591,-0.18800
1,1,0.0,0.818,-0.01531,0.522,0.013,1.256,-0.016,0.636,-0.009,1.419,-0.032,0.97173,-0.014,0.97055,-0.027,1.325,-0.03,0.479,-0.046,1.411,-0.023,0.92815,-0.059,0.49,-0.045,0.92695,-0.05827,0.90342,-0.104,0.843,-0.064,0.705,-0.057
1,0.595,0,1.135,-0.14384,0.91324,-0.001,0.96575,-0.211,0.608,0.18265,1.004,0.001,1.299,-0.07,1.234,-0.00228,1.131,-0.109,0.875,-0.126,0.515,0.104,0.574,-0.052,1.13,0.1,1.158,-0.09252,0.943,-0.206,0.539,-0.046,0.96575,-0.29
1,1.215,0.0,0.779,-0.025,1.129,0.08,0.744,-0.202,0.169,-0.011,0.442,-0.13559,0.64407,0.333,0.559,-0.452,0.415,0.01695,0.299,0.03,0.59322,0.243,1.045,0.034,0.499,0.15254,0.798,-0.00266,0.66102,-0.047,0.471,-0.108,0.426,-0.10169
1,1,0.0,0.257,-0.25000,0.373,0.136,0.373,0.162,0.374,0.082,0.733,-0.12,0.768,-0.08443,0.585,0.33333,0.421,0.028,0.25000,-0.17,0.263,-0.052,0.52778,-0.033,0.326,0.08333,0.484,-0.16,0.122,-0.12,0.474,-0.174,0.056,-0.5
1,1,0.0,0.54,0.78,1.39,0.276,0.71178,0.80833,0.314,0.46427,0.481,1.191,0.284,0.529,-0.116,1.484,-0.418,0.98722,-0.744,1.076,-0.49,0.71699,-0.7,0.555,-1.149,0.35175,-0.616,0.109,-1.063,-0.166,-1.47,-0.392,-0.91903,-0.934
1,1,0.0,1.056,0.445,0.821,0.54301,0.405,0.902,0.279,0.70792,0.096,0.779,-0.074,1.309,-0.37604,0.881,-0.4,0.61,-0.478,0.505,-0.565,0.234,-0.579,0.028,-1.002,-0.286,-0.83,-0.267,-0.497,-0.19185,-0.34131,-0.694,-0.19609,-0.62956
1,1.156,0,0.958,0.567,0.757,0.517,0.45625,0.434,0.173,0.82732,-0.105,1.063,-0.545,0.91,-0.537,0.311,-0.78470,0.211,-0.857,0.03928,-0.376,-0.258,-0.455,-0.343,-0.522,-0.615,-0.067,-0.62691,0.194,-0.376,0.289,-0.39167,0.459,-0.24313
1,1.365,0,0.479,0.508,1.114,0.912,0.387,1.041,0.121,1.224,-0.21775,0.96301,-0.77,0.723,-1.068,0.58045,-0.523,0.265,-1.02,-0.091,-0.588,-0.328,-0.762,-0.67464,-0.502,-0.921,-0.04578,-0.91221,0.195,-1.243,0.711,-0.505,0.74828,-0.644
1,1,0.0,1.13,0.371,0.71976,0.401,0.205,0.883,-0.164,0.76527,-0.31605,1.13,-0.66616,0.907,-0.71,0.423,-0.937,0.124,-1,0.019,-0.644,-0.723,-0.619,-0.831,-0.093,-0.88082,0.19765,-1.15,0.647,-0.918,0.703,-0.415,1.1,-0.116
1,0.514,0,1.428,0.238,0.625,-0.038,1,0.012,0.622,-0.075,1,-0.021,1.151,-0.017,0.899,-0.056,0.638,-0.069,1,0.05900,1,-0.125,1.171,-0.031,0.551,-0.166,0.586,-0.068,1,0.056,1,-0.204,1.397,-0.064
1,1,0.0,1.062,-0.002,0.907,-0.13244,0.489,-0.00461,0.481,-0.646,1.326,0.078,0.791,-0.166,0.722,-0.02542,1.322,-0.137,0.517,0.917,0.69,-0.16321,0.496,-0.047,0.436,-0.01664,0.537,-0.019,0.778,-0.01867,0.80634,-0.014,0.543,-0.028
1,1,0.0,0.79378,0.198,0.64064,0.503,0.41319,0.391,0.158,0.861,-0.16831,1.023,-0.398,0.918,-0.667,0.255,-0.656,0.217,-0.921,-0.069,-0.634,-0.153,-0.52,-0.44,-0.2,-0.288,0.014,-0.513,0.19030,-0.55,0.31008,-0.163,0.344,-0.08036
1,0.531,0.0,0.88085,0.413,0.348,0.373,0.34816,0.558,0.05832,0.577,-0.29784,0.513,-0.798,0.817,-1.031,0.261,-0.529,0.091,-0.81641,-0.227,-0.463,-0.50022,-0.323,-0.885,-0.104,-1.044,0.17041,-0.484,0.505,-0.628,0.735,-0.479,0.419,-0.13305
1,0.681,0,0.899,0.57,0.918,0.523,0.29521,1.28,-0.031,0.726,-0.45725,0.44,-0.551,0.58511,-0.761,0.152,-0.92282,-0.18,-0.425,-0.317,-0.698,-0.76197,-0.14895,-1.042,0.283,-0.817,0.626,-0.455,0.879,-0.34,0.83142,-0.059,0.743,0.186
1,0.543,0,0.69,-0.342,1,-0.227,0.563,-0.139,0.976,0.011,1,0.108,0.912,0.065,0.84810,-0.039,0.929,-0.29,0.648,-0.007,0.93671,0.094,1.156,0.141,0.43,-0.191,1.167,-0.05540,0.723,-0.077,0.53165,0.025,0.432,-0.02532
1,0.774,0.0,0.857,0.009,1.244,0.01659,0.871,0.015,1.09,0.022,0.356,0.05882,0.598,0.04731,0.77441,0.043,0.622,0.284,0.84034,0.042,0.743,0.07122,0.68895,0.069,0.348,0.05,0.439,0.094,0.387,0.01681,0.782,0.117,0.792,0.084
1,1.085,0.0,0.891,0.01809,0.92211,0.011,1.149,0.027,0.521,0.082,0.87597,0.061,0.668,0.032,0.649,0.05018,0.669,0.015,0.82,0,0.762,0.077,0.652,0.07697,0.881,0.136,0.675,0.061,1.049,0.074,0.85198,0.10134,0.832,0.119
1,1,0.0,1.261,-0.011,0.851,-0.002,1,-0.013,1.461,-0.01565,1,-0.038,0.775,-0.014,1.014,-0.03087,0.956,-0.03238,0.526,-0.033,0.981,-0.03,1.196,-0.039,1.397,-0.032,1.124,-0.043,0.99400,-0.091,1.106,-0.05,0.98971,-0.044
1,1.121,0.0,0.549,-0.042,0.845,0.05545,0.89505,0.017,1.061,0.022,0.955,-0.011,0.94059,-0.012,1.17,0.023,1.151,0,1.155,0.01,0.90495,0.00792,1.072,-0.015,0.821,0.02376,0.682,0.012,0.88119,0.002,1.093,0.033,1.284,0.031
1,0.735,0.0,0.848,0.01773,1.483,-0.01773,0.90071,0.008,0.471,0.062,1.098,0.04,1.268,0.008,0.973,0.033,1.333,-0.029,0.89716,-0.021,0.86170,0.07801,1.348,0.094,0.692,0.038,1.359,0.02,1.351,0.017,1.447,0.01064,0.93617,0.031
1,1,0.0,0.295,-0.24242,0.62655,0.011,0.505,0.103,0.526,0.069,0.277,-0.246,0.323,0.115,0.39394,0.0,0.701,0.056,0.717,0.028,0.78788,0.179,0.253,-0.15152,0.243,0.088,0.643,0.06142,0.432,-0.03,0.41856,0.038,0.425,0.177
1,1.2,0.0,0.86689,0.35950,0.98,0.66667,0.37201,0.96,0.103,0.8,-0.24118,0.716,-0.629,0.866,-0.826,0.245,-0.392,0.142,-0.919,-0.106,-0.619,-0.57,-0.374,-0.603,-0.035,-0.59954,0.15360,-0.53127,0.438,-0.556,0.567,-0.128,0.399,0.021
1,1.347,0,0.83,0.333,0.67311,0.587,0.188,0.778,-0.03,1.211,-0.472,0.644,-0.533,0.928,-0.426,0.30356,-0.86150,-0.07,-0.576,-0.281,-0.608,-0.927,-0.286,-0.73855,0.06911,-0.73856,0.274,-0.758,0.33,-0.249,0.719,-0.097,0.885,0.08660
1,0.898,0.0,1.023,0.454,0.964,1.102,0.29921,0.99,-0.13342,1.151,-0.44,0.607,-0.487,0.456,-0.671,0.15192,-1.291,-0.35,-0.71863,-0.54,-0.213,-1.166,-0.02250,-0.694,0.36318,-1.106,0.67538,-0.441,1.14,-0.28123,1.284,0.106,0.971,0.473
1,1,0.0,1,0.555,0.243,0.064,0.107,0.92713,-0.316,1.249,-0.31527,0.37685,-0.667,0.553,-1.014,-0.062,-0.583,-0.453,-0.413,-0.82512,-0.027,-0.717,0.235,-0.176,0.739,-0.338,0.85471,-0.059,0.966,1.388,0.38670,0.002,0.224,1.105
1,1.352,0.0,0.982,0.603,0.497,0.198,0.08,0.36364,-0.32104,0.9,-0.46,0.302,-0.84,0.0,-0.355,-0.124,-0.21,-0.258,-0.054,-0.437,0.48485,-0.75,0.57576,-0.42424,1.232,-0.355,0.72961,0.12331,1.218,0.703,0.143,0.36364,0.047,0.277
1,0.869,0.0,0.492,0.0,0.756,-0.02744,0.93598,-0.011,0.585,0.01829,0.64,0.012,0.63,0.005,1.419,0.003,1,0.033,1.09,-0.007,0.856,0.029,1.271,0.05488,0.762,0.06,0.89666,0.026,0.90854,0.007,1.417,0.031,1.185,-0.01220
1,1,0.0,0.693,0.07,0.922,-0.097,0.568,-0.025,0.92908,0.016,0.901,0.104,0.717,-0.004,0.56,0.0,1.197,0.113,0.789,-0.005,0.91489,0.008,0.676,0.07092,0.913,0.16,0.89527,0.08,0.678,0.065,0.92553,0.14,0.92553,0
1,1,0.0,0.792,0.134,0.591,0.009,0.88542,0.018,0.87234,-0.01418,0.569,0.148,0.604,0.015,0.87235,0.045,1.364,0.113,1.271,0.049,0.976,0.05,1.249,0.05178,0.87234,0.138,0.428,0.069,0.589,-0.03546,0.812,0.042,0.869,0.106
1,0.858,0.0,0.785,0.038,0.682,0.00343,0.657,0.006,0.81,0.0,0.891,0.07453,0.933,0.00994,1.206,0.014,0.823,-0.051,0.85714,0.029,0.685,0.011,0.611,0.017,0.79503,-0.034,1.146,0.025,0.81988,0.08696,0.65,0.018,0.571,0.02441
1,1,0,0.97513,0.007,0.98579,0.01954,1,0.021,1.319,0.016,1.34,0.03,1.147,0.031,0.556,0.031,0.97869,0.019,1.303,0.044,0.771,0.029,0.94494,0.033,1.204,0.025,0.804,0.075,0.769,0.093,0.942,0.072,1.039,0.09
1,1,0.0,1.175,0.016,1.446,0.014,0.713,0.03,0.99448,-0.019,0.99448,-0.002,1.342,0.032,1.459,0.009,1.331,0.011,0.783,0.018,1.068,0.01,0.502,0.02099,1.137,-0.004,0.55,0.01600,0.97901,0.012,0.98564,0.02099,1.43,0.02
1,0.601,0.0,1.063,-0.01342,1.223,0.017,1,-0.003,0.821,0.077,0.971,0.04474,0.95973,0.02,0.878,0.045,0.988,0.03356,1.324,0.036,0.937,0.072,1.293,0.07383,0.97,0.101,1.294,0.118,0.58,0.123,1,0.116,0.902,0.10067
1,0.625,0,1.095,0.355,0.67123,0.456,0.204,1.244,0.017,1.33,-0.35148,0.83713,-0.694,0.58842,-0.781,0.281,-0.531,-0.008,-1.021,-0.465,-0.733,-0.485,-0.248,-0.423,0.007,-0.691,0.153,-0.519,0.44569,-0.263,0.616,-0.21542,0.56286,0.016
1,1.166,0.0,0.947,0.453,0.713,0.572,0.416,1.093,-0.105,0.96534,-0.305,0.46,-0.725,0.50949,-1.338,0.076,-0.63,-0.297,-1.042,-0.827,-0.32354,-0.952,0.05865,-0.94172,0.284,-0.567,0.377,-0.437,0.89415,-0.136,0.87893,0.118,1.012,0.54852
1,0.574,0,0.474,0.114,0.184,0.29308,0.14020,0.74485,-0.155,0.91993,-0.214,0.187,-0.613,0.247,-0.905,-0.004,-0.23227,-0.21,-0.391,-0.319,-0.101,-0.824,0.123,-0.322,0.28307,-0.161,0.39599,-0.149,0.208,0.071,0.25,0.236,0.195,0.145
1,1.077,0.0,0.858,0.29,0.44681,0.74804,0.05,0.928,-0.416,1.02,-0.913,0.376,-0.989,0.089,-0.51,-0.28723,-0.25,-0.456,-0.04759,-0.812,0.302,-1.055,0.56663,-0.423,0.871,-0.124,0.74758,0.141,0.316,0.59071,0.20549,0.44,-0.236,0.504
1,1,0.0,0.138,0.032,0.04198,0.296,-0.106,0.296,-0.18321,-0.141,-0.406,0.045,-0.383,0.108,-0.109,-0.30534,-0.098,-0.465,0.18702,-0.241,0.4,-0.168,0.239,-0.232,0.142,0.24692,0.02,0.432,-0.05,0.179,-0.11,0.16794,-0.201,-0.33588
1,1,0.0,1.133,0.001,1.379,0,0.977,-0.001,0.969,0.024,0.97700,0.02130,0.506,0.022,1.093,0.016,0.954,0.03,0.695,0.029,1.344,0.036,0.543,0.093,0.745,0.041,0.96709,0.088,0.95701,0.08088,1.441,0.08126,1.382,0.059
1,1.472,0,0.82254,-0.079,1.082,0.002,0.802,-0.015,0.599,-0.07514,0.381,-0.151,0.84624,0.04,0.83121,-0.071,0.566,0.084,0.78324,0.039,0.672,-0.027,1.128,-0.063,0.438,-0.02370,0.724,-0.041,0.986,-0.045,0.732,-0.027,0.888,0.01214
1,1,0.0,0.371,-0.101,0.755,-0.018,0.68195,-0.03574,0.571,-0.06119,0.423,-0.11,0.523,-0.037,0.441,-0.057,0.302,-0.226,0.58213,0.04992,0.49736,-0.109,0.353,-0.048,0.539,-0.007,0.425,-0.077,0.273,-0.102,0.374,-0.096,0.153,-0.08300
1,1,0.0,0.733,0.012,0.713,0.002,0.872,0.002,0.628,0.033,0.631,0.11,0.936,0.006,0.81815,0.01,0.82777,-0.06974,1.069,0.03881,0.504,0.014,0.75071,0.012,1.042,-0.003,0.70886,0.009,0.649,0.007,0.968,0.013,0.338,0.01525
1,1.046,0,0.462,-0.01366,1.273,0.052,0.734,0.562,0.689,-0.003,0.47,-0.161,0.40164,-0.386,0.288,0.331,1.025,0.31831,0.88,0.11339,0.407,-0.563,1.225,0.004,0.488,0.067,0.68656,0.126,0.87568,0.07787,0.669,0.307,0.177,0.591
1,1,0,0.558,0.09,1.052,-0.175,0.858,-0.034,0.90441,-0.051,0.89391,0.108,0.81197,0.045,1.069,-0.119,1.14,-0.027,1.399,0.066,0.87605,0.008,0.77521,0.06,0.898,-0.062,0.592,0.001,1,0.117,1.28,-0.117,0.695,-0.062
1,1,0.0,0.95113,0.004,1.105,-0.027,0.93438,-0.017,1.181,0.022,0.575,0.03281,0.809,0.109,0.693,-0.016,0.97173,0.002,0.71,0.06038,1.286,0.07,1.208,0.099,0.53,0.011,0.709,0.053,0.93159,0.08168,0.716,-0.0,0.635,0.024
1,1.228,0,0.94701,-0.0,1.132,-0.027,1.178,-0.033,1.291,0.035,1.281,0.012,1.085,0.062,0.93954,-0.017,0.991,0.026,0.93784,0.013,1.24,0.092,1.074,0.06148,1.086,0.019,0.471,0.02542,1.152,0.013,1.062,0.00442,1.389,-0.00577
1,1.495,0,0.57,-0.024,0.909,-0.024,0.786,-0.03646,1.041,0.001,1.094,-0.03315,0.89061,-0.009,1.18,-0.04530,0.747,-0.00884,0.709,-0.152,0.457,0.009,0.779,-0.03,0.713,-0.028,0.706,-0.059,0.466,-0.256,0.96022,-0.044,0.87403,-0.085
1,1,0.0,0.997,0.149,0.794,-0.06151,1.273,0.074,0.808,-0.077,1.093,0.048,0.597,-0.004,1.019,-0.008,1.111,-0.04569,0.722,-0.021,1.084,-0.09490,0.834,0.045,0.443,-0.15114,0.81147,-0.071,0.883,-0.005,1.036,-0.06678,1.174,-0.06151
