1,0.555,0.0,0.732,-0.068,0.525,0.02,0.673,-0.498,1.385,0.03760,0.85243,-0.094,0.415,-0.44945,0.764,-0.38223,0.773,-0.578,0.58212,-0.32192,0.468,-0.149,0.37,-0.457,0.494,-0.392,0.41078,-0.41,0.232,-0.455,0.439,-0.816,0.259,-0.301
0,0.535,0.0,1,-0.22,1.146,-0.479,-0.119,-0.584,1,-0.027,0.515,-0.989,0.231,-0.415,-0.51685,-0.97515,0.069,-0.864,0.299,-0.982,-0.161,-0.376,-0.222,-0.19,-0.265,-0.26569,-0.20468,-0.179,-0.12,-0.069,-0.225,-0.064,-0.071,-0.02447
1,1,0.0,0.727,-0.048,0.765,0.00485,0.674,-0.114,1.08,0.01,0.735,0.05346,0.742,0.007,0.387,0.004,0.465,-0.163,0.874,-0.108,0.70887,-0.27502,0.242,-0.121,0.8,-0.261,0.724,-0.125,0.639,-0.206,0.60436,-0.201,0.665,-0.38238
0,1,0.0,0.974,-0.527,0.96,0.934,1.044,-1,0,0,0.0,0.0,0.0,0.0,-1.125,0.176,0.571,-0.331,-0.862,-0.42,-0.44,1,0.0,0.0,1.399,0.554,0.51613,1.425,0.873,-0.187,0.33,1,-0.192,0.757
1,0.753,0,1,-0.026,0.94140,0.06531,0.473,-0.267,1.032,-0.087,0.52798,-0.242,0.464,-0.007,0.399,-0.258,0.52940,-0.323,0.3,-0.165,0.047,-0.219,0.018,-0.668,0.046,-0.693,0.152,-0.712,0.019,-0.903,-0.08,-0.876,-0.032,-0.65697
0,1,0.0,0.019,-0.007,-0.078,-0.107,-0.007,-0.088,0.112,0.067,0.047,-0.046,0.0,0.0,-0.041,-0.133,-0.002,-0.10196,-0.094,-0.044,0.017,0.043,0.016,0.012,0.034,-0.01535,-0.03240,0.113,-0.055,0.01,0,0,-0.00039,0.138
1,1,0.0,1.132,-0.116,0.993,-0.225,1.226,-0.333,0.478,-0.224,0.408,-0.286,0.894,-0.50764,0.74628,-0.479,0.57945,-0.68086,0.463,-0.589,0.36324,-1.012,0.253,-0.758,0.267,-0.944,0.185,-0.5,0.042,-1.153,-0.035,-0.81318,-0.133,-0.717
0,0.0,0.0,0,0.0,0.0,0.0,1,-1,0.0,0,-1.39,-0.726,0.0,0.0,0.0,0.0,0.771,0.993,-1.365,-1.278,0.0,0,0.0,0.0,1.297,1,1.091,1.063,0.0,0.0,1.45,1.48,0,0.0
1,1,0.0,0.96355,-0.106,1.004,-0.19,1.307,-0.213,0.991,-0.521,0.869,-0.24,0.94510,-0.40668,1.221,-0.46381,1.422,-0.206,0.973,-0.807,0.731,-0.60589,0.408,-0.646,0.595,-0.65440,0.775,-0.816,0.311,-0.384,0.396,-1.039,0.573,-0.665
0,1,0.0,-0.012,-0.048,0.0,0.0,0.0,0.0,0.132,-0.26810,-0.45663,-0.36,0.0,0.0,-0.288,0.305,-0.334,0.15018,0.63728,0.24,0.0,0.0,0.0,0.0,-0.09,-0.013,0.129,-0.02294,0.0,0.0,0.121,0.124,-0.08208,0.433
1,1,0.0,0.58,0.084,1.15,-0.18388,1.445,-0.2,1,-0.64,1.28,-0.442,0.958,-0.51874,0.498,-0.407,0.599,-0.434,0.619,-0.407,0.364,-0.47,0.861,-1.156,0.511,-0.614,0.29,-0.44,0.305,-0.83675,0.30996,-1.131,0.242,-0.89158
0,1,0.0,1.242,-0.54210,1,-1,1.382,-1.167,1.15,0.336,1.273,-0.253,0.701,0.593,1.175,-0.87,1.454,-0.29354,1.295,-1.219,1,0.509,1.298,1.112,1.099,-0.287,1.298,-0.647,1.316,-0.934,0.549,-0.962,1.172,-1
1,0.709,0,1.311,-0.16316,1,-0.143,1.337,-0.081,1,-0.1,1.103,-0.23,1.313,-0.202,0.93719,-0.226,0.542,-0.306,0.573,-0.363,0.602,-0.557,1.203,-0.663,0.84080,-0.445,0.547,-0.492,0.708,-0.68794,0.859,-0.523,0.43,-0.791
0,1.123,0.0,0.953,-0.86701,0.607,0.22280,0.868,-0.327,1.102,-0.082,1.492,0.413,0.769,0.108,0.663,-0.082,0.83,-1,0.729,-0.558,0.447,0.15803,1,0.62349,0.543,-0.242,1.467,0.36,1,-0.653,0.517,0.855,0.666,-0.186
1,1,0.0,1.375,0.051,0.503,0.024,0.791,-0.029,1.286,0.091,0.631,0.127,1.379,0.14,1.215,0.12785,1.023,0.078,1,0.34,1,0.353,0.529,0.473,1.156,0.295,0.613,0.36743,1.368,0.368,1,0.433,1,0.697
0,1.048,0.0,0.3,-0.928,0.592,0.279,-0.027,-1.054,0.533,-1.198,0.43685,-0.715,0.0,0.0,-1,-0.461,-0.37681,0.03623,0.774,-0.733,0.0,0,0.0,0.0,-0.156,0.631,0.39752,0.304,0.0,0,1.259,0.219,0.0,0.0
1,0.774,0.0,0.961,0.06468,1.251,-0.009,0.97811,0.023,1.011,0.021,0.82,0.07808,0.701,0.088,0.74,0.045,1.12,0.063,0.725,0.08631,1.019,0.063,0.716,0.14442,0.515,0.194,0.79476,0.105,0.946,0.114,0.839,0.15930,0.958,0.115
0,0,0.0,0.0,0.0,-1,-1.143,1.336,1,-0.855,0.766,-1,0.613,0.693,-0.91,1,1.229,-0.563,-1.306,-0.919,0.965,1.461,-1.252,-1.209,0.736,-1.016,0.735,1.126,-0.775,-0.641,1.273,-1.397,-0.789,1,-1
1,0.556,0,0.822,0.034,0.746,0.056,0.387,0.191,0.126,0.407,0.794,0.081,0.62099,0.105,0.896,0.103,0.58373,0.19,0.14395,0.332,0.588,0.21326,0.422,0.248,0.707,0.171,0.285,0.24618,0.469,0.328,0.602,0.368,0.917,0.33036
0,0.0,0.0,1,-1,0.0,0.0,0.0,0.0,0.768,0.502,1.483,-1,-0.717,0.842,0.0,0.0,-0.732,1.387,1.391,1.078,-1.232,1,0.984,0.831,-1,0.826,0.561,1.304,0.761,-1,1,0.709,1.333,0.911
1,1.438,0.0,1.488,-0.00612,1.128,-0.09834,1.251,-0.07649,0.591,-0.129,0.749,-0.15,1,-0.475,0.974,-0.13,0.699,-0.368,1.177,-0.322,1.174,-0.44072,0.96060,-0.558,0.983,-0.40372,1.023,-0.441,0.931,-0.249,0.559,-0.349,0.579,-0.517
0,0,0.0,1.171,0.63,0.0,0,0,0.0,-1,-0.723,0.0,0.0,0,0,-1.302,-1.173,-1.474,-1.175,-1.214,0.878,-0.592,0.845,0.0,0.0,0.0,0.0,1.498,-0.562,-0.927,1.298,-1,1.357,-0.792,0.783
1,1.389,0.0,0.733,0.078,0.611,0.036,1,0.09313,0.464,-0.067,1.184,0.02580,0.427,-0.06142,1.197,0.111,0.781,0.002,0.522,-0.038,0.65961,-0.072,0.532,-0.05929,0.655,-0.114,0.521,-0.018,0.743,-0.018,0.51310,-0.0,0.713,-0.002
0,0.0,0.0,-1.092,0.74,0.0,0.0,0.0,0.0,-1.474,1.497,1.263,0.555,0,0.0,0.0,0.0,1.04,-1,-0.663,1,0.822,0.532,0.0,0,-1,-1,1.385,-0.916,0.807,0.694,-0.86,1.334,0.0,0
1,1.093,0.0,1.352,-0.072,1.025,0.041,0.83,-0.032,1,-0.02,1,-0.153,1.041,-0.051,1.141,-0.06598,0.368,-0.046,0.337,-0.206,0.94910,-0.461,0.80852,-0.242,0.766,-0.34838,0.911,-0.172,0.71,-0.238,0.719,-0.135,0.791,-0.39487
0,0.896,0.0,0.567,0.504,1,-1.208,0.798,-1.39,0.942,-1,0.555,-1.157,1.195,-0.558,0.648,-0.869,1.215,-1,1.27,-0.709,0.674,-0.62796,1,-0.765,1.417,-1.483,1.227,-0.535,1.189,-1,0.727,-1.186,0.594,-1
1,0.629,0,1.125,-0.08714,1.465,-0.174,0.914,-0.959,0.828,0.61053,0.823,-0.387,0.744,-0.37,0.87937,-0.228,0.495,-0.558,0.123,-1.399,0.90284,0.12,0.421,-1.008,0.419,-0.986,0.462,-0.726,0.314,-0.5,0.32984,-0.765,-0.13341,-0.594
0,0.0,0.0,-1.191,-1.337,0.0,0.0,-0.689,1.47,0.93,-0.37500,0.0,0.0,0,0.0,0,0.0,0.791,-1.484,-1.212,-0.616,0.927,-1.076,0.0,0.0,1.338,-1,-1,0.666,-1,-1.149,0.0,0,-1.063,0.529
1,1,0.0,0.897,0.099,1,0.2,1,-0.163,0.79,0.48,1.395,0.47904,0.813,0.448,0.903,0.694,1,0.59,0.791,0.701,0.732,0.823,0.769,0.858,0.91624,0.701,0.882,1,0.701,0.983,0.806,0.7,0.562,1.013
0,0.0,0.0,-1,-1.05,1.16,1.156,1,-0.82,-1.321,1.321,1.328,-1.084,-1,-0.606,0.0,0.0,1.4,0.8,-0.824,-0.511,1,-0.885,0.597,-0.556,0.951,1.02,0.811,-0.907,1.223,-0.779,-1,0.794,1,-1
1,0.902,0.0,1.175,-0.14236,1,-0.177,1.171,-0.323,1.091,-0.096,0.726,-0.34,1.48,-0.207,0.771,-0.21975,0.849,-0.275,0.867,-0.318,1.364,-0.35519,1.446,-0.87,1,-0.322,0.98820,-0.691,1.297,-1.099,1.019,-0.805,0.561,-0.84437
0,0.585,0.0,1,-0.699,1.324,1,1.307,-0.939,0.551,-0.97,1.294,-1,0.878,-0.01840,1.005,-1.446,1.472,0.601,1.152,-0.703,0.999,1.223,1.346,-1.351,0,0,1.004,1.428,1.44,-0.784,0.586,0.993,1.478,1
1,0.677,0.0,1.003,-0.075,1.318,-0.099,1.058,-0.16450,1.034,-0.169,0.553,-0.31809,1.191,-0.216,0.82116,-0.399,0.585,-0.33632,0.75243,-0.3,0.45,-0.285,0.66150,-0.50085,0.381,-0.521,0.485,-0.676,0.692,-0.542,0.343,-0.502,0.408,-0.46
0,1,0.0,0.367,-0.019,0.285,-0.23067,0.603,-0.062,0.565,-0.109,0.689,-0.097,0.846,1.05,0.83726,-1.365,0.472,-0.265,0.942,-0.408,-0.174,0.92730,0.285,0.069,0.333,-0.118,0.879,-0.41307,0.817,-0.278,0.651,-0.87354,-0.231,-1
1,1.031,0.0,0.703,-0.207,0.795,0.27686,0.83443,-0.681,1,-0.258,1,-0.586,0.769,-0.163,0.901,0.168,0.509,0.365,0.593,0.231,1.015,-0.01,1.199,-1.328,1.112,0.104,0.616,-0.144,1.382,-0.128,1,0.53372,1.273,-0.57758
0,1,0.0,0.379,-0.636,1.176,1,1,-0.734,0.537,-0.29,0.52,-0.842,1.295,-1.16,1,0.982,0.166,0.481,0.654,1.07,0.811,0.569,1.177,-1.409,1.077,0.453,1,-0.056,1.2,-0.36250,1,0.765,0.836,0.325
1,1,0.0,0.952,0.00433,0.663,-0.008,1.422,-0.021,1.175,-0.067,0.593,-0.069,0.709,-0.06544,0.94,-0.066,0.517,-0.134,1.405,-0.11,0.54,-0.143,0.49,-0.111,1.243,-0.20851,0.649,-0.119,1.242,-0.272,1.098,-0.20101,0.83867,-0.20766
0,0,0,1.023,1.132,1,-0.529,0.0,0.0,0.0,0,-0.631,-1.332,0.0,0.0,0.0,0.0,-1,1,1.375,1,-1.472,0.69,-0.644,1.257,1.015,-1.156,0.742,0.791,-1.042,1.379,0.557,1.215,0.0,0.0
1,0.916,0.0,0.69,0.026,0.557,0.014,0.694,0.041,0.499,0.01321,0.961,0.06,1.007,0.12067,0.944,0.076,1.019,0.094,0.878,0.076,0.424,0.142,0.77041,0.097,0.579,0.125,0.707,0.13282,0.7,0.206,0.70925,0.083,0.65258,0.11447
0,1,0.0,0.715,0.033,0.99672,0.061,0.97545,0.038,0.61745,-0.987,0.698,0.107,0.85,0.564,0.678,0.204,0.658,0.119,1.251,0.231,0.56,0.104,0.60138,0.094,0.418,0.19,0.363,0.16019,0.372,0.13,0.349,0.176,0.785,1
1,1,0.0,1.397,0.043,1.252,0.277,1.273,0.343,0.93051,0.32213,1.066,0.239,0.75474,0.50082,0.768,0.335,0.6,0.52,0.519,0.64,0.534,0.981,0.512,0.787,0.416,0.72082,0.204,0.408,0.152,0.547,0.079,0.562,0.06990,0.701
0,1.017,0,-0.735,-1.098,0.676,1,1.427,-0.176,0,0.0,-1.14,1.046,0.805,0.668,0.137,-0.556,-0.917,-1.12,0.072,-0.942,1,-0.919,-1,1.092,-1.348,-1.121,0.735,-1.441,-1,-0.721,1.249,1.193,0,0.0
1,1,0,0.90932,0.049,0.787,0.16888,1.249,0.245,0.277,0.736,0.433,0.366,0.227,0.475,0.57620,0.384,0.629,0.498,0.232,0.151,0.504,0.54462,0.406,0.775,0.205,0.401,0.27,0.738,0.115,0.832,0.068,0.423,0.102,0.67739
0,0.859,0,-0.64286,-1.35,1.488,1.018,1.237,-1.078,0.694,-0.281,0.596,1.111,0.832,-0.282,0.591,-1,1.251,0.13839,1,-1.361,0.651,-0.039,-0.84286,0.758,0.646,0.967,0.761,0.778,1.325,-0.974,1,-1.045,1.215,-1.191
1,1.357,0.0,0.556,-0.075,0.59,-0.192,1.478,-0.152,0.588,-0.336,0.92738,-0.353,0.472,-0.486,0.649,-0.43796,0.717,-0.52064,1.026,-0.529,0.626,-0.312,0.74725,-0.602,0.829,-0.68479,0.65247,-1.052,0.61010,-0.474,0.738,-0.705,0.599,-0.731
0,0,0.0,0.0,0,0.0,0.0,0.0,0.0,1,1.175,1.286,1.368,0,0.0,0,0.0,-0.497,-1.448,-1.368,-0.513,0,0.0,0.0,0.0,-0.611,-0.841,-0.711,-1.021,-1.177,1.389,1,0.0,0.0,0.0
1,1.002,0.0,0.86,-0.036,0.74,-0.07383,1.035,-0.153,1.472,-0.073,1.308,-0.077,1.092,-0.274,0.729,-0.23,1.217,-0.239,0.90581,-0.32152,1.327,-0.34691,0.709,-0.521,0.86213,-0.505,0.684,-0.383,0.54,-0.638,0.77919,-0.524,0.75115,-0.436
0,1,0.0,0.563,-0.014,-1.46,0.322,-0.474,0.35639,0.961,-0.797,0.766,-0.044,-0.294,-0.00550,-0.539,0.177,0.91921,-0.474,0.512,-0.59,-0.183,-0.31454,-0.461,0.188,0.815,-0.632,0.643,-0.872,1,-0.61393,-0.08,0.109,-0.036,0.378
1,0.555,0.0,0.714,0.011,1.164,-0.023,0.778,-0.038,0.836,-0.061,0.702,-0.04507,1.096,-0.136,0.88,-0.068,0.635,-0.11583,0.79682,-0.172,0.493,-0.093,1.222,-0.278,0.573,-0.124,0.977,-0.21136,0.964,-0.23864,0.436,-0.23095,0.944,-0.23902
0,1.399,0.0,0.0,0,0.557,0.392,0.0,0.0,0.10991,-0.898,0.0,0.0,0,0,-0.84,-0.22414,-0.535,-0.699,0.639,0.925,0.0,0.0,0.601,0.358,-1.059,0.44828,1,-1.082,-0.675,1.134,0.0,0.0,0.0,0.0
1,1,0.0,0.519,-0.198,0.406,0.034,0.866,-0.002,0.87947,0.147,0.54,-0.01789,1.184,0.48,1.046,-0.57486,0.397,-0.352,1.205,-0.159,1.425,1.055,0.46610,-0.112,1.337,-0.022,0.928,-0.015,0.747,-0.408,0.84463,-0.25706,1.073,-0.021
0,0,0.0,0.713,1.224,1.013,-1.395,0.0,0.0,0,0.0,1,0.813,0.785,0.753,-1,-0.732,0.7,-1.398,-1,0.743,0,0.0,0.805,-1.072,0.897,-0.858,0.983,0.791,-1,-1.18,0.0,0.0,0.0,0.0
1,1,0.0,1,0.903,0.701,1.4,0.91010,0.951,-0.26970,1.16,-0.497,1.143,-1.328,1,-1.02,0.761,-0.779,-0.707,-1.156,-0.215,-1.321,-1.051,-0.294,-0.907,0.90014,-0.961,0.794,-1.18,1.321,-0.82,0.824,-0.21,0.811,0.34845
0,0.791,0.0,-0.991,-1.361,-1,0.726,1.278,0.686,0.03,-1,-1.171,-0.676,1.089,0.713,1.233,-1.364,-1.446,1.45,1.137,1,1,-0.561,-1.297,-1.365,-0.151,0.867,1,-0.771,-1.413,-1,-1.019,1.091,1.175,0.33611
1,0.878,0.0,1.238,0.094,0.97487,-0.076,0.977,-0.125,0.662,-0.095,0.94717,0.01279,0.95436,-0.098,0.94612,-0.238,0.995,-0.324,0.90343,-0.529,1.235,-0.16,1.178,-0.208,0.969,-0.40747,0.819,-0.208,0.979,-0.252,1.111,-0.478,0.816,-0.593
0,1.428,0.0,0.095,-0.142,-0.728,1,-1.238,0.551,0.712,0.301,-0.82143,-0.564,-0.993,-0.906,-0.622,0.875,-0.039,0.377,-0.42113,-0.493,-0.859,-0.514,-0.677,-0.4,-1,0.274,0.725,-0.605,-1.397,-0.243,-1.379,-1,-1,0.61458
1,1,0.0,0.944,-0.02259,1,-0.028,0.58,-0.051,1.111,-0.103,0.615,0.835,0.652,-0.086,1.435,-0.08,0.515,0.165,1.05,-0.191,0.99484,-0.15,1.305,-0.178,1,-0.636,0.638,-0.124,1.198,-0.154,0.991,-0.243,0.73992,-0.22981
0,0,0.0,-1.454,1.172,1.167,-1.269,-1,1.112,0.0,0.0,0.87,1.303,-0.995,-0.216,1.15,1.298,-1.28,-1,1.031,-0.701,-1,-1.054,0.549,0.915,1,-0.927,1,0.509,1.099,1.175,0,0.0,-1.316,-1.382
1,1,0.0,1.298,0.036,0.63,0.07,0.664,0.124,1,-0.024,0.603,0.07033,1.24,0.172,0.94862,0.122,0.90896,0.119,0.694,0.203,0.84,0.154,0.521,0.16410,0.91667,0.188,0.717,0.123,0.582,0.301,0.531,0.348,0.585,0.367
0,0.725,0.0,0.145,-1.007,-1,1.443,0.0,0.0,0.0,0.0,-1.071,1,0.0,0.0,-0.61354,-0.726,0.45,0.193,0.51979,0.14375,0.0,0.0,-0.681,-0.178,-0.851,1.356,0.841,0.654,-1,0.568,0.0,0,0.0,0.0
1,1.311,0.0,0.989,0.144,1,0.091,1,0.237,1.094,0.078,0.544,0.164,1.189,0.353,0.836,0.28343,0.85529,0.38,1.207,0.226,0.83393,0.39,0.66,0.294,0.589,0.23,0.68452,0.541,0.753,0.644,0.559,0.343,0.611,0.50903
0,1,0.0,0.023,-0.223,0.0,0.0,0.0,0.0,0.0,0.0,0.0,0.0,0.0,0,0.147,-0.55000,0.22813,0.421,1,-0.351,0.0,0.0,0.099,-0.774,-0.112,-0.221,1,-0.76667,-1.041,0.142,0.0,0.0,0.782,-0.305
1,0.548,0.0,0.718,0.174,1.157,0.16334,0.924,0.3,0.91759,0.326,1.216,0.37107,1.256,0.626,0.684,0.563,1.073,0.48,0.631,0.643,0.56553,0.633,0.667,0.64720,0.692,0.495,0.617,0.587,0.423,1.055,0.33921,0.79,0.22101,0.791
0,0.767,0.0,0.897,1,0.273,-1.361,1,0.576,0.556,0.232,-0.66886,0.888,-0.05921,0.515,0.021,0.04,-0.547,-0.896,0.074,-0.02,0.484,-0.315,-1.324,1.134,0.80921,-1,0.722,-0.042,0.569,1.088,0.202,-0.88,0.979,1
1,0.832,0,0.799,-0.305,0.508,0.707,0.819,0.215,0.636,-0.106,0.746,0.632,0.354,-0.16080,1.242,0.00879,1.072,-0.741,1.011,-0.196,0.687,-0.19095,1.271,-0.083,1.185,0.10678,0.734,-0.07249,0.559,-0.159,0.373,0.201,0.625,-0.05402
0,1,0.0,0.457,0.154,1,0.564,1.062,-1.044,0.547,0.101,1,0.176,1.399,0.85,0.693,0.191,0.975,0.025,0.782,-0.43025,1,0.603,0.748,0.22,0.515,-0.272,1,0.129,0.521,-0.025,1.404,0.168,1,0.213
1,1,0,1.207,0.309,0.567,0.019,1.261,0.068,1.433,0.038,0.98762,0.33266,0.78,0.029,0.994,0.055,1.167,-0.301,0.796,-0.073,0.558,0.031,0.993,0.272,0.517,-0.39056,0.96414,-0.023,0.976,0.23360,1.272,-0.285,1.038,-0.089
0,0.0,0.0,0.762,-1.361,1,-1,0.841,-1.159,0.759,-1,1.013,0.658,0.647,0.75,0.977,-0.988,1,0.562,0.768,1.498,0.688,0.566,1.362,-0.988,0.54,-1.123,1,-1.013,0.699,0.65625,0.0,0.0,1.21,-1
1,1.171,0.0,1,0.67784,0.725,1.182,0.233,0.936,0.105,0.518,-0.589,0.869,-0.79135,0.908,-0.567,0.213,-0.39046,-0.709,-0.699,-0.39,-1.05,-0.8,-0.197,-0.911,0.397,-1,0.461,-0.93296,0.295,-1,1.097,-0.353,0.854,0.024
0,1,0.0,0.747,1,1.298,-1.192,1.244,-0.854,1.387,0.98,1.378,0.818,0.783,1.171,1.003,-0.764,1.5,1.171,1.017,0.698,1,1,1.287,1,0.542,0.697,1.065,0.5,0,0.0,1.283,-0.932,0.573,-0.555
1,1,0,0.837,0.022,0.961,0.18281,0.946,0.309,0.963,0.259,0.829,0.363,0.883,0.539,0.803,0.391,1.08,0.767,1.42,0.745,0.845,0.61267,1.034,0.425,0.506,0.99,0.89502,0.71374,0.721,0.43,0.746,1.281,0.497,0.75837
0,0,0.0,0.612,-0.527,1,1,-1.024,-0.749,1.083,-1.039,0.0,0.0,0,0,-0.823,0.8,1.485,-1.4,1.035,-1,-0.445,0.944,1.122,-0.675,1.227,-0.734,1.023,-0.513,-0.544,-0.722,0.0,0,0.655,-1.107
1,1.476,0.0,0.812,0.109,1.196,0.251,1.362,0.348,0.98044,0.339,1.275,0.665,0.924,0.55,1.215,0.695,0.73242,0.868,0.834,0.73140,0.54,0.8,0.48339,1.002,0.455,1.044,0.25,0.833,0.24944,1.195,0.127,0.86835,0.09048,1.085
0,0.704,0.0,0.99,0.205,0.0,0,-0.32937,0.374,0.0,0,0.0,0.0,0.0,0.0,0.18,-0.346,0.154,0.244,0.644,0.734,0.0,0.0,0.0,0.0,0.946,0.148,0.59,0.713,0.0,0,0.0,0,0,0
1,1,0,1.142,0.039,1,0.076,1.16,0.224,1.283,0.345,0.989,0.178,1,0.45,0.696,0.562,0.89126,0.447,0.929,0.594,0.8,0.33,0.43,0.778,0.611,0.344,0.59417,0.69435,0.353,0.658,0.454,0.763,0.208,0.672
0,0.0,0.0,1.295,0.962,0.0,0.0,0.646,-1,1,-1.097,0.559,1,0.9,1.174,0.644,-0.87,0.649,0.803,1.314,0.537,1,-1.375,-1.29,-1,0.822,-0.558,1,-0.833,1.426,1.248,0.0,0.0,1.378,-1
1,1,0.0,1.068,0.023,1.324,0.155,1.379,0.136,1.041,0.152,1.128,0.445,0.92745,0.216,1.115,0.276,0.738,0.548,0.78619,0.46994,1.118,0.695,0.70331,0.632,0.965,0.388,0.607,0.60990,0.382,0.856,0.236,0.629,0.305,0.62658
0,0,0.0,1.392,0.978,1.445,-0.751,1,0.831,1,0.574,1.137,1.121,1.178,0.604,1.105,1.481,0.552,-0.977,-0.554,1.103,-0.963,1.345,-1.154,0.813,0.824,-1,0.948,0.947,-0.859,1.101,-1,-1,-0.523,1
1,1.49,0.0,1.078,0.142,0.974,0.598,1.406,0.375,1,1.187,1.412,1.396,0.549,1.357,0.674,0.462,1,1,0.76,1,0.672,0.901,1.334,0.743,0.64628,0.692,0.382,0.565,0.10819,0.765,-0.144,0.796,-0.705,1
0,0.0,0.0,0.946,0.986,0.673,-1.475,1,1,-1.407,1.024,0,0,1.051,0.886,0.0,0.0,0,0.0,-1.083,0.71,-0.771,0.88,1.071,1.37,0.953,-0.506,0.767,1.377,1.422,1.446,1.444,-1,-1.065,1
1,0.616,0.0,1.289,-0.074,0.699,0.395,1,0.09557,0.949,0.176,0.98,-0.899,1.257,-0.271,1,-0.129,1.16,0.05,0.61,-0.61538,0.809,-0.327,0.823,-0.53,1,-0.57,0.695,-0.85,0.75,-1.146,1,-1.128,1,-0.428
0,0.0,0.0,1,-1.261,0.959,1,0.83,1.207,1.244,1.168,0.686,0.593,0.945,-0.58,1.075,-1.475,1.317,0.516,1,-0.63,1,1.233,1.125,1,0.992,-0.533,0.537,0.97,1.273,-1.032,1.069,1,1.153,-1
1,1,0.0,0.861,0.058,0.672,0.174,0.933,0.175,0.696,0.35197,0.516,0.391,1.006,0.46983,0.888,0.569,0.60459,0.541,0.466,0.696,0.226,0.667,0.494,0.456,0.23693,0.514,0.247,0.73885,0.09694,0.596,0.023,0.412,-0.023,0.551
0,1.421,0,0.579,-0.182,1.196,0.263,0.596,0.416,0.171,0.433,1.126,-0.109,0.006,0.548,0.015,0.38869,0.196,0.405,0.089,0.36,0.057,0.30745,-0.001,0.186,-0.02862,0.19405,-0.038,0.202,-0.045,0.08,-0.051,0.07064,-0.04013,0.067
1,1,0.0,0.563,-0.034,0.65680,-0.075,0.946,0.02811,0.96,0.032,0.63462,0.097,0.457,0.049,0.625,0.054,1.022,-0.27811,0.412,-0.015,1.111,0.06953,0.297,-0.194,0.778,0.017,0.445,-0.06637,0.709,-0.23,0.828,-0.096,0.467,0.023
0,1,0,0.281,-0.092,0.952,0.037,1,1.164,0.182,0.228,0.548,0.157,0.61567,-0.82090,0.597,0.805,0.599,-0.081,0.452,-0.158,0.875,0.161,0.706,0.23,0.531,0.235,0.27,0.208,0.32463,-0.02612,0.447,0.16,0.31,0.17
1,1,0.0,0.384,0.059,0.76981,-0.157,0.403,0.04,0.675,-0.063,0.384,0.01,0.385,-0.19,0.72075,-0.032,0.838,0.08679,0.606,-0.071,0.481,-0.233,0.532,-0.14717,0.811,-0.15,0.555,-0.051,0.66792,0.017,1.05,0.034,0.83,0.00755
0,0.941,0.0,0.885,-0.039,0.98,0.037,1,0.903,0.518,-0.075,0.385,-0.133,0.591,0.076,0.748,0.559,0.746,0.127,0.677,0.10000,0.636,-0.238,1.249,-1.263,0.57273,0.32727,0.483,0.14673,0.311,0.055,0.48927,0.122,0.54,1
1,1.403,0,0.57647,-0.01,0.422,0.0,0.531,0.181,0.425,-0.033,0.391,0.131,0.381,0.08235,0.758,-0.051,0.481,0.012,0.50196,0,0.37,0.097,0.693,0.107,0.49804,0.00392,0.397,0.057,0.536,0.078,0.341,0.315,0.232,0.088
0,1,0.0,0.461,0.124,0.501,0.067,0.12,0.342,-0.021,0.328,0.035,0.36,-0.19091,0.406,-0.142,0.144,0.02727,0.544,-0.34773,0.12727,-0.177,0.066,-0.182,0.283,-0.14003,-0.042,-0.126,-0.092,-1.219,-1.404,-0.016,-0.09,-0.00526,-0.071
1,0.54,0.0,0.5,-0.21996,1.123,0.36373,0.464,0.146,0.85086,0.074,0.90558,-0.036,1.159,0.172,0.77897,0.167,0.676,0.434,1.044,0.3,0.736,0.27575,0.759,0.404,0.85,0.527,0.707,0.526,0.803,0.379,0.586,0.596,0.366,0.54185
0,1.049,0.0,0.84557,-0.1,-0.274,-0.948,-0.078,-0.623,0.437,0.04576,1.049,-0.01,-0.18494,0.599,-0.129,-0.68065,1.037,-0.064,0.711,-0.15729,-0.08,0.50810,-0.491,0.521,0.4,-0.026,0.7,-0.243,0.395,-0.101,-0.21354,-1.126,-0.224,-0.6
1,1.244,0.0,0.794,-0.231,0.631,0.03,0.239,0.408,0.362,0.18261,0.585,0.374,0.57826,-0.176,0.273,0.37826,0.33,-0.318,0.36087,-0.311,0.154,0.11739,0.691,-0.03845,0.163,-0.095,0.749,-0.043,0.452,-0.061,0.826,-0.188,0.59,0.14783
0,1.003,0,-0.478,0.14861,-0.33746,0.618,0.641,-0.134,0.256,-0.08,0.289,-0.108,0.396,0.08978,0.533,-0.15480,0.17,0.382,0.386,0.051,0.485,0.101,-0.63777,-0.376,1,0.908,0.414,-0.28,-0.22,0.14,0.031,0.388,0.297,-0.093
1,1,0.0,0.303,0.202,0.556,0.16808,0.53,-0.005,0.52632,0.124,0.703,-0.088,0.243,-0.036,0.46,0.024,1.144,-0.22411,0.42445,-0.027,0.387,0.053,0.28183,-0.197,0.373,-0.019,0.274,-0.036,0.254,0.066,0.794,-0.012,0.39559,-0.027
0,1,0.0,0.92,0.16851,0.0,0.0,0.668,0.058,0.221,0.747,0.411,1.461,-0.033,0.674,0.193,0.12860,-0.035,1.404,-0.50998,0.844,-0.129,0.434,-0.436,0.235,-0.846,0.845,-0.34146,0.913,-1.436,0.69401,-1.236,0.12860,0.0,0.0
1,1.315,0.0,0.698,0.16607,0.488,0.42,0.819,0.732,0.521,0.789,0.632,0.81152,0.24412,1.025,0.06438,0.85038,-0.148,1.187,-0.37,0.79617,-0.46635,0.914,-0.306,0.505,-0.946,0.566,-0.92,0.182,-0.381,0.082,-0.387,-0.079,-0.851,-0.195
1,1,0.0,0.97714,0.25,1.012,0.341,0.71771,0.58732,0.47968,0.772,0.224,0.919,0.132,1.073,-0.091,0.525,-0.386,0.83,-0.598,0.79525,-0.792,0.385,-0.955,0.332,-0.825,0.17849,-1.032,-0.012,-0.969,-0.206,-0.362,-0.34,-0.33,-0.603
0,0.646,0.0,-1,-1,0.0,0.0,0.50814,-1.082,0.545,0.361,-1.375,-0.303,0.0,0,0.0,0.0,1.252,-0.345,0.322,-0.793,0.684,-1,-0.822,-1.426,0.537,-0.519,-0.962,-1.174,-0.893,-0.51,1,-0.75,0,0.0
1,1,0.0,0.806,0.072,0.79074,0.023,0.593,0.026,0.377,0.054,0.952,0.371,0.537,0.106,1.03,0.109,0.459,-0.078,0.848,0,0.454,0.16,0.354,0.126,0.564,0.161,0.64158,0.18,0.917,0.17539,0.343,0.14697,0.703,0.15114
0,0.604,0,0.523,-0.554,0.0,0.0,0.899,-0.99265,0.607,0.589,-0.462,-0.94853,0,0.0,0.0,0.0,0.619,-0.732,0.696,-0.665,0.0,0,0.247,-1.105,-1,-0.963,-0.574,-1.235,0.831,-1.392,1,-1.178,0.0,0.0
1,0.549,0.0,0.902,0.01709,0.736,-0.031,1,-0.03436,1.23,-0.03,0.736,-0.106,0.668,-0.072,1.187,-0.222,1,-0.118,1.462,-0.082,1.078,-0.109,1,-0.188,0.752,-0.199,0.785,-0.20243,0.779,-0.148,1.356,-0.116,0.87011,-0.283
0,0.0,0.0,0.0,0.0,0.0,0.0,0.0,0.0,0.0,0,0.0,0.0,0.0,0,0.0,0.0,0.0,0,0,0.0,0.0,0.0,0.0,0.0,0.0,0.0,0.886,-0.773,0.0,0.0,0,0.0,0,0
1,1.121,0.0,1.097,-0.175,0.521,-0.12690,0.867,-0.148,1.329,0.057,0.961,-0.007,0.793,-0.242,0.699,-0.364,1.248,-0.131,0.798,-0.21018,1,-0.27165,0.825,-0.388,1,-0.134,1.144,-0.389,0.81428,-0.178,1.28,-0.276,0.69531,-0.424
0,1,0.0,0.419,-0.392,0.0,0.0,0.729,-1.178,0.358,0.95833,0.393,0.034,0.334,-1.07,0,0,0.713,-0.227,0.45076,-0.433,0.0,0.0,0.0,0.0,0.301,0.2,1.075,-0.275,0.06061,-0.257,0.168,-0.406,0.0,0
1,0.992,0.0,0.793,-0.49311,0.667,-0.04,0.98898,-0.721,0.834,0.966,1,-0.085,0.741,-0.114,0.565,-0.151,0.933,-0.189,1,-0.261,1.254,-0.244,0.997,-0.26571,0.709,-0.237,1,-0.438,0.686,-0.311,1.423,-0.275,0.579,-0.44739
0,1.267,0.0,0.0,0,0.0,0.0,0.0,0.0,0,0.0,0.62195,1,0,0.0,0,0.0,0.24,-0.557,0.372,-0.881,0.0,0.0,0.0,0.0,0.0,0.0,1.052,0.109,0.0,0,0.0,0.0,0.0,0.0
1,1.041,0.0,0.851,0.00526,0.84082,-0.142,0.88237,-0.166,1.106,-0.049,0.96484,-0.083,1.014,0.022,1.153,-0.142,1.02,-0.083,0.98298,-0.065,1.17,0.0,0.87836,-0.049,0.93368,-0.209,1.287,-0.153,0.8,-0.233,0.452,-0.375,0.915,-0.326
0,1,0.0,0.139,0.084,0.0,0,0.0,0.0,0.816,1.18,0.413,0.977,0.0,0.0,0.0,0.0,0.333,-1,0.33108,-1.182,0.0,0.0,0,0.0,-0.601,-1,1.164,-1.091,0.304,-0.244,0.0,0.0,0.0,0
1,1.482,0.0,0.719,-0.501,0.872,-0.971,1.01,-0.865,1.361,-0.303,1,-0.238,0.358,-0.859,1,-0.626,1,-0.474,0.744,-0.88952,0.96601,-1.134,0.919,-0.563,0.859,-0.935,0.482,-0.77986,0.514,-0.979,1.061,-1.406,0.176,-0.76112
0,0.52,0,0.368,-0.491,0,0.0,0.0,0,0.614,1,0.79,-0.206,0.0,0.0,0.0,0.0,0.787,-0.152,0.574,-1.479,1.216,-0.941,0.0,0.0,0,0.0,0.581,-1.0,-0.16,-0.744,0,0.0,0.0,0
1,1,0.0,0.801,0.16,0.80920,0.308,0.929,0.317,0.787,0.69962,0.483,0.684,0.215,0.894,-0.054,0.465,-0.17241,0.618,-0.362,0.65747,-0.443,0.65,-0.845,0.335,-0.59234,0.195,-0.437,0.045,-0.801,-0.101,-0.357,-0.29,-0.343,-0.31954
0,0.739,0.0,0.217,-0.579,0,0,0.876,-0.944,1.075,0.883,0.227,0.704,0.0,0.0,0.0,0.0,0.374,-0.35,0.819,-1.261,0.0,0.0,0,0.0,0.164,0.68000,1.345,0.118,0.0,0,0,0.0,0.0,0
1,0.562,0.0,1.123,0.178,0.773,0.281,1.131,0.836,0.47660,1.061,0.294,0.713,0.09467,0.862,-0.142,0.769,-0.193,0.75,-0.736,0.424,-0.64527,0.338,-0.518,0.29162,-1.061,0.053,-0.722,-0.092,-0.447,-0.28183,-0.51251,-0.451,-0.37,-0.53319
0,0.864,0.0,0.518,0.525,-0.37,1.177,-0.436,0.674,0.053,0.29730,-0.213,-0.066,-0.03158,-0.082,0.019,-0.018,0.006,-0.00537,0.005,0.001,0.001,0.00075,-0.0,0.0,-0.0,0.00002,-0.0,0,0.0,0,0.0,0.0,0.0,0.0
1,0.542,0,0.24,-0.114,0.433,0.053,0.19048,0.223,0.279,0.09524,0.431,0.03,0.29,-0.027,0.216,-0.066,0.224,-0.139,0.33333,0.044,0.264,0.0,0.113,-0.089,0.35714,-0.047,0.207,-0.017,0.131,0.0,0.218,-0.028,0.14694,-0.01877
0,1.287,0,1.033,-0.142,0.611,0.056,0.584,-0.01639,0.456,0.016,1.275,-0.018,1.045,0.0,0.58,-0.117,0.19672,-0.204,0.931,-0.17176,0.847,0.033,1.002,-0.247,0.31148,-0.516,0.443,-0.163,0.229,-0.031,0.157,-0.546,0.49180,-0.06557
1,1.227,0.0,0.535,0.0,0.526,0.02,0.646,0.038,0.421,0.0,0.964,0.047,0.79343,0.08436,0.79,0.104,0.878,0.131,0.561,0.143,0.476,0.12608,0.68604,0.119,0.74545,0.153,0.474,0.092,0.726,0.018,0.814,0.16465,0.556,0.17077
0,1,0,0.402,0.561,-0.589,0.11342,-0.196,-0.791,0.806,0.013,1.016,0.513,-0.67230,0.319,-0.478,-0.63668,0.46,0.216,0.506,0.033,-0.602,0.646,-0.381,-0.388,0.32143,0.914,0.763,0.328,0.718,0.39286,-0.81,-0.331,0.246,-0.555
1,1.387,0.0,1.239,-0.102,1,-0.018,1,-0.087,0.87778,0.003,1.099,-0.063,1,-0.103,1.28,-0.272,1.092,0.06,0.766,-0.042,1.267,-0.11526,0.774,-0.1,1.224,0.049,0.542,-0.148,0.889,-0.138,1.171,-0.096,1,-0.44222
0,1,0.0,0.441,-0.12727,0.425,-0.178,0.18182,-0.67273,0.34545,-0.032,0.208,-0.053,0.342,0.382,0.387,-0.507,0.232,-0.011,0.251,0.05,0.131,0.486,0.793,0.188,0.325,0.086,0.222,-0.087,0.395,-0.049,0.12727,-0.449,0.351,-0.29091
1,1.097,0.0,1,-0.92453,0.893,0.405,0.25,-0.042,0.62264,0.0,0.9,-0.00054,0.45283,0.042,0.401,-0.054,0.861,-0.001,0.284,0.0,0.713,0.07547,1.118,-0.001,0.75,1.026,1.268,-0.001,0.786,-0.646,0.777,0.619,0.242,-0.11321
0,0.65,0,0.479,0.589,-0.557,-0.235,0.33333,-0.199,0.584,-0.149,-0.468,0.177,0.363,0.0,0.35,-0.054,-0.38214,0.718,0.124,0.02,0.585,0.04762,0.134,-0.151,-0.57255,-0.147,0.257,-0.51079,1.439,0.0,-0.793,-0.04762,0.143,0.034
1,1.137,0,0.394,0.047,0.58333,-0.10417,0.524,0.0,0.448,-0.069,0.47917,0,0.36,0.123,0.596,0.013,0.43750,-0.318,0.294,-0.197,0.191,0.046,0.267,0.216,0.207,-0.178,0.424,-0.10064,0.555,-0.092,0.843,-0.357,0.326,-0.034
0,0.743,0,1.481,1.078,0,0.0,0.0,0.0,0.0,0.0,0.38,-1.081,-0.309,0.394,-0.79,0.215,0.495,0.974,0,0,0,0.0,0.62030,0.183,-0.514,-1.488,0.674,-0.998,0.813,1.49,0.0,0.0,0.0,0
1,0.506,0.0,1.375,0.06595,0.93614,0.137,0.867,0.27,0.84881,-0.473,0.606,0.61320,0.844,0.406,0.98,0.293,0.66145,0.581,0.562,0.641,0.785,0.403,0.257,0.621,0.228,0.392,0.34374,0.334,0.642,1.065,0.211,0.304,0.257,0.37191
0,0.616,0.0,0.484,0.507,0.949,0.662,0.721,0.636,0.84010,-0.112,0.651,0.069,0.779,-0.895,0.91962,1.026,1.07,-0.05206,0.908,0.234,0.618,-0.612,0.849,-0.599,0.414,-0.432,0.75,0.17076,0.569,0.585,0.87757,0.799,0.81979,0.68822
1,0.533,0.0,0.495,0.054,1.261,-0.01918,0.98313,0.031,1.091,-0.09316,1.303,-0.024,1.219,-0.04,0.58,-0.052,0.537,-0.031,0.887,0.019,1.044,-0.137,1.2,-0.05318,0.558,-0.183,0.603,-0.067,0.90978,0.013,1,-0.09,1.074,-0.06888
0,1.075,0.0,0.0,0.0,-0.443,0.85388,0,0.0,0.683,-1.071,0.719,0.31385,-0.376,-0.42,-0.25,0.65565,0.628,0.16391,0.0,0.0,0,0.0,-0.188,-1.423,0.0,0.0,1.273,-0.839,0.0,0.0,0.04447,0.577,0.0,0.0
1,1.23,0.0,0.854,0.012,0.747,0.008,1.111,-0.009,0.823,-0.036,0.577,-0.03,0.535,-0.01,1,-0.025,1.398,-0.017,0.704,0.0,1,-0.029,0.725,-0.031,0.96019,-0.048,1.063,-0.034,0.556,-0.02478,1.311,-0.03855,0.98420,-0.04112
0,1,0.0,0.0,0.0,0.839,-0.254,0.197,-0.063,0.0,0.0,1.181,0.054,1.402,-0.238,1,0.076,0.859,-0.072,0,0.0,0.681,-0.18,1,-0.605,0.0,0.0,0.829,-0.128,0,0.0,1,-0.146,0.363,-0.15676
1,1,0,0.71,0.01403,0.174,-0.012,0.379,0.03466,0.291,0.126,0.631,0.068,0.263,0.065,0.422,0,0.418,0.0,0.369,0.046,0.208,0.073,0.258,0.05813,0.313,0.115,0.194,0.051,0.131,0.047,0.267,0.0,0.241,0.07317
0,1,0.0,1,0.634,1.023,-0.97,0,0.0,0.0,0.0,0.845,0.896,1.134,-0.896,1.386,1.324,1,-0.576,0.0,0.0,0.0,0.0,0.719,-0.27778,0.0,0,1.215,-1.334,0.752,1,0.955,-0.548,0.0,0.0
1,1.242,0.0,0.34694,0.11,0.46939,0.23,0.274,0.139,0.339,0.381,0.3,0.59184,0.172,0.67,0,0.375,-0.08,0.43,-0.106,0.698,-0.423,0.478,-0.28571,0.258,-0.51,0.125,-0.472,0.189,-0.466,0.147,-0.513,0.0,-0.26531,-0.24490
0,0.581,0.0,0.0,0.0,1.098,-0.652,0,0.0,0.0,0.0,1,1.442,1.382,-0.25342,1.316,0.243,1.339,-1.403,0.0,0.0,0.0,0.0,1.399,1,0.0,0.0,1,-1.296,0.0,0.0,1.062,-1,0.0,0
1,0.876,0,0.852,0.457,0.906,0.504,1.082,0.853,0.342,0.76,0.215,1.087,-0.016,0.463,-0.248,0.426,-0.484,0.67647,-0.39,0.671,-0.73529,0.462,-0.453,0.108,-0.74265,-0.162,-0.379,-0.137,-0.417,-0.241,-0.44118,-0.479,-0.28676,-0.56618
0,1,0.0,-1.26,0.182,0.25,0.225,-0.75693,-1.043,-0.233,0.554,-1.006,0.688,-1.17,0.33987,-0.79085,-0.015,-0.98039,-0.883,-0.872,-0.54248,-0.045,-0.733,0.723,-0.791,-0.993,-0.329,0.754,0.06,-0.54,0.052,0.201,0.02614,-0.399,-0.408
1,1.362,0.0,0.27,-0.121,0.476,0.0,0.169,-0.181,0.368,0.083,0.664,0.012,0.623,0.076,0.489,-0.06667,0.527,0.287,0.36,-0.019,0.31667,0.129,0.45,0,0.294,0.147,0.26,0.05439,0.419,0.03333,0.672,0.03333,0.226,-0.05000
0,0.567,0.0,-0.204,0.40000,-0.325,0.13,-0.102,-0.04444,0.079,-0.06879,0.038,0.018,-0.01,0.02726,-0.01586,-0.002,-0.001,-0.007,0.007,-0.001,0.00138,0.002,-0.001,0.001,-0.001,-0.0,0.0,-0.00043,0.0,0.0,0.0,0.0,-0.0,0.0
1,1.233,0.0,1.168,-0.304,0.463,0.207,0.64865,-0.306,1.228,0.192,1.002,-0.188,0.278,0,0.857,-0.05405,0.18,-0.324,0.601,-0.1,0.86,0.054,0.637,0.13514,0.35135,-0.37,0.61031,-0.21,0.67,-0.221,0.72973,-0.572,0.661,-0.353
0,0.673,0,0.94531,-0.018,-0.544,-0.203,-1.34,-0.015,0.577,0.012,0.685,-0.013,-0.655,0.16406,-1.395,-0.00391,0.784,-0.022,1.291,-0.02734,-1.026,0.085,-1.011,0.34766,0.809,-0.00391,0.92,0.114,0.924,-0.099,-0.64,-0.166,-1.08,-0.211
1,1.119,0.0,0.95202,0.022,1.09,-0.007,1.035,0.015,0.788,-0.01734,1.198,0.005,1.024,-0.043,1.125,-0.005,1.366,-0.027,0.843,0.013,0.93584,-0.071,0.93815,-0.02370,0.725,-0.058,0.538,-0.016,1.012,0.015,1.408,-0.043,0.95838,0.00809
0,1,0.0,1.429,-0.077,1.387,-1.267,0.713,-0.11111,0.36111,-0.279,1.256,-0.289,0.18,-0.13,1.418,-0.186,1.45,-0.274,0.542,-0.629,0.0,-0.231,1,-0.438,1.048,-0.365,1,-0.57092,1,-0.215,0.615,-0.709,0.994,-0.619
1,0.623,0,0.38,-0.10345,0.284,-0.119,0.205,-0.06897,0.07405,-0.037,0.026,-0.038,0.009,-0.031,0.007,-0.018,0.001,-0.011,0.001,-0.006,-0.00003,-0.003,-0.0,-0.002,-0.0,-0.001,-0.00025,-0.0,-0.0,-0.0,-0.0,-0.0,-0.0,-0.00006
0,1.375,0.0,0.32,-0.059,0.852,0.0,0.547,-0.068,0.786,-0.11765,0.613,-0.063,0.919,-0.13725,0.572,-0.132,0.68,-0.11765,0.355,-0.283,0.329,-0.19608,0.95,-0.309,0.252,-0.28,0.52409,-0.133,0.56863,-0.261,0.335,-0.21569,0.453,-0.202
1,1,0.0,0.352,0.116,0.352,0.219,0.246,0.125,0.05,0.287,0.01070,0.193,-0.017,0.066,-0.051,0.06317,-0.022,0.036,-0.03230,0.015,-0.02474,0.00357,-0.019,-0.002,-0.009,-0.003,-0.007,-0.008,-0.004,-0.007,-0.001,-0.003,0.0,-0.00291
0,0.554,0.0,-0.746,0.18,0.069,0,0.0,0.09,0.377,0.036,0.252,0.0,-0.042,0.11,0.06250,0,0.172,-0.207,0.364,-0.459,0.0,-0.1,0,0.0,0.03125,-0.256,0.03125,0,-0.692,0.028,-0.045,0.0,0.0,0.089
1,0.751,0.0,1.214,-0.016,1.481,-0.027,1,-0.092,0.57,-0.01622,0.891,-0.027,0.685,0.084,1,-0.073,0.525,0.128,1.458,-0.004,1.187,0.06486,0.813,0.04324,0.956,0.08,0.935,0.008,1.23,-0.03243,0.902,0.02703,0.796,-0.058
0,1.083,0.0,1.157,0.032,0.946,0.085,0.743,1,0.91473,-0.004,0.896,0.03,0.886,0.379,0.914,1.406,0.81395,0.04651,0.90698,0.059,0.673,0.747,0.953,-1,1.146,0.035,1,0.368,1.22,0.096,0.76,0.479,0.773,0.771
1,1.024,0.0,0.557,-0.016,0.695,0.065,1.16,0.013,0.837,0.00535,0.626,-0.019,0.627,0.0,1,0.056,1.436,0.047,1.322,0.04278,0.676,0.02139,1.355,-0.01604,0.684,0.044,0.96974,0.057,0.934,0.011,1.146,0.082,0.861,0.06417
0,1,0.0,-0.20500,0.324,0.23000,0.053,0.274,0.301,0.389,0.181,0.451,-0.218,0.136,0.281,-0.117,0.21000,-0.08750,0.288,-0.43,0.396,-0.425,-0.076,0.29908,0.177,-0.344,-0.28,0.316,-0.368,-0.503,0.099,-0.157,-0.31228,0.466,0.04
1,1.007,0.0,0.752,0.042,0.532,0.044,0.648,0.062,0.671,0,0.63333,0,0.80000,0.0,0.668,0.0,0.698,0.084,0.66667,0.097,0.503,-0.047,0.636,0.0,0.746,0.095,0.523,0.057,0.60000,0.132,0.60000,0.138,0.833,0.172
0,1,0.0,0.072,-0.00838,0.052,0.012,0.0,-0.015,0.00559,-0.022,0.018,-0.085,-0.006,0.038,0.082,-0.023,0.0,0.114,-0.042,0.079,-0.04749,0.018,0.026,-0.005,0.012,0.008,0.149,-0.00838,0.03073,-0.002,0.04469,0.0,0.027,-0.033
1,1.267,0.0,0.94653,0.196,0.463,0.67248,0.691,1.035,0.013,0.89109,-0.24871,0.7,-0.47644,0.742,-0.554,0.585,-0.692,0.071,-0.731,-0.146,-0.39,-0.523,-0.324,-0.431,-0.045,-0.952,0.091,-0.483,0.408,-0.545,0.391,-0.22535,0.50376,-0.07
0,0.597,0.0,0.05460,0.02,-0.037,0.054,0.021,0.035,-0.086,0.009,0.026,-0.033,-0.03736,0.052,-0.08333,-0.029,-0.09483,0.08046,-0.057,0.059,0.02,0.02,-0.032,-0.016,0.023,-0.008,0.00862,0.017,0.016,0.012,0.02586,0.006,-0.036,-0.007
1,1,0.0,0.649,-0.01,0.969,0.01,0.80000,0.003,1.054,0.011,0.59,-0.006,0.83350,0.045,0.85123,0.012,0.701,-0.008,0.79113,-0.02956,0.806,0.019,0.41,0.062,0.861,-0.02,0.764,0.006,0.708,-0.042,0.903,0.02956,0.501,0.008
0,1,0.0,0.03852,0.021,0.004,0.0,0.016,-0.018,0.032,-0.036,-0.046,-0.009,0.014,-0.018,0.0,-0.026,-0.06,-0.037,-0.01712,0.019,0.018,0.006,0.03,-0.02282,0.04,0.014,0.03994,0.01569,0.028,0.00713,-0.019,-0.023,-0.011,0.013
1,1,0.0,0.239,0.209,0.241,0.427,0.344,0.507,0.015,0.526,-0.015,0.436,-0.449,0.362,-0.521,0.32540,-0.328,0.04,-0.4,-0.063,-0.14815,-0.204,-0.14815,-0.527,-0.302,0.003,0.03,-0.31739,0.131,-0.141,0.231,-0.24339,0.293,0.04233
0,0.975,0.0,0.08696,0.008,0.122,-0.022,0.079,-0.093,0.125,-0.075,0.23341,-0.015,0.173,0.07780,0.211,-0.13501,0.276,-0.057,0.232,0.095,0.11670,0,0.087,-0.002,0.112,-0.057,0.048,0.018,0.11213,-0.097,0.073,-0.069,0.147,-0.035
1,1,0,0.734,0.383,0.486,0.349,0.25,0.652,-0.705,0.64899,-0.418,0.411,-0.523,0.0,-0.69,-0.309,-0.38391,-0.549,-0.136,-0.685,0.384,-0.418,1.036,-0.287,1.058,-0.042,0.733,0.446,0.385,0.60512,0.02742,0.54479,-0.122,0.756
0,0.988,0.0,0.018,0.005,0.036,-0.01,0.03,0.012,0.01128,0.04372,0.002,0.002,0.017,-0.03103,-0.011,0.06065,-0.029,0.02680,-0.016,-0.004,0.031,-0.019,0.01834,0.0,0.0,-0.007,0.025,-0.007,0.007,-0.016,-0.009,-0.027,0.004,0
1,1,0.0,0.85736,0.001,0.81927,-0.068,0.724,-0.029,0.44,0.084,0.865,0.14,1.221,-0.05,0.733,0.03510,0.803,-0.039,0.83570,-0.182,1.066,0.014,0.773,0.017,1.07,-0.023,0.472,-0.025,0.987,-0.06423,0.73936,-0.01,1.027,-0.098
0,0.697,0.0,1.017,-1,0.961,0.542,-1,0.565,1.378,-0.696,1.002,-1.449,-1.5,-1.168,-0.764,1,0.842,0.555,1.145,1.233,-1,1.244,1,-0.714,1.496,-0.783,0.837,0.963,1.383,1.287,-0.747,1.003,-1,1
1,1.485,0,1.142,0.326,0.402,0.516,0.053,0.98903,-0.462,0.581,-0.721,0.411,-1.299,0.066,-0.578,-0.435,-0.36,-0.406,-0.163,-0.86063,0.28444,-0.869,0.668,-0.219,0.625,-0.143,0.71698,0.239,0.387,0.373,0.19667,0.942,-0.099,0.64933
0,1,0,0.527,1.436,1.039,0.384,0.62500,-1.035,0.513,0.8,0.031,0.043,1.398,1.476,0.0,0.0,1.227,-1,1,0.845,1.268,1.181,0.175,0.815,1.236,0.944,1.162,1.301,0.747,1,-0.94375,1.107,0.0,0.0
1,1.358,0.0,1,0.531,0.788,1.388,0.028,1.048,-0.49020,0.494,-0.58,0.63,-1.387,0.11765,-1.264,-0.313,-0.782,-0.531,-0.234,-1.233,0.217,-1.425,1.08,-1.064,1.158,-0.211,1.043,0.21876,0.814,0.56863,0.217,0.90196,-0.138,0.90196
0,1.142,0.0,0.0,0.0,-1.224,-0.966,-1.176,0.689,0,0.0,-1.146,1.283,0.916,1.234,0.713,-1.064,0,0,0.0,0,-0.731,-1,-1,1,1.081,0.396,1.213,-0.527,0.0,0.0,-0.871,-0.992,-0.623,1.28
1,1,0.0,0.522,0.44444,0.288,0.463,-0.173,0.833,-0.18,1.168,-0.538,0.245,-0.75,-0.153,-1,-0.22,-0.431,-0.428,0.31,-1,-0.275,-0.749,1.02,-0.278,0.298,0.0,1.269,0.642,0.57454,0.759,0.22222,1,-0.391,0.887
0,0,0.0,0.0,0.0,0.0,0,0.0,0.0,0.0,0.0,0.0,0,0.0,0.0,0.0,0.0,0.0,0.0,0.0,0.0,0.0,0.0,0.0,0.0,0.0,0.0,1,0.0,0,0.0,0.0,0.0,0,0
1,0.978,0.0,1.105,0,1,0.0,0.666,0.50000,0.884,0.0,0.474,0.138,0.981,0.157,0.86922,0.098,1.053,0.25000,0.75000,0.577,0.675,0.0,1.068,-0.131,0.43,0.481,0.421,0.38,0.623,0.309,0.937,0.331,0.67493,0.165
0,0.0,0.0,-0.6,1,1,0.998,0.0,0.0,1,-1.187,0.751,-1,0.948,-1.49,-0.977,-1.488,0.0,0.0,-1,-0.901,0.0,0.0,0,0.0,-0.824,-0.765,1,-0.674,1.392,1.412,-1.121,-0.974,0.0,0.0
1,1,0.0,0.946,0.0,1.051,0.0,0.337,0.11111,1.475,-0.12,0.687,-0.151,1,-0.22222,0.944,0.0,0.741,0.0,0.514,-0.16,0.957,-0.084,0.66667,-0.065,0.66667,0.0,1.271,-0.041,0.903,0.155,0.502,-0.12,1,0.0
0,0.0,0.0,0.0,0.0,0.0,0.0,0.0,0.0,0,0.0,0.0,0.0,-1.16,-0.809,0.0,0.0,1.422,0.533,0.0,0.0,0.0,0.0,-1.065,1,0.0,0.0,1,-0.616,-1,-1,1,0.868,0.0,0
1,0.886,0,1.257,0.512,1,-0.464,0.982,0.106,1,-0.12,0.537,0.0,1,-0.145,0.53,-0.094,1.232,0.113,0.899,0.0,1.069,-0.36364,1.146,0.055,0.593,-0.09091,1,-0.072,0.75,0.573,0.949,-0.353,0.97,-0.172
0,1,0.0,0.575,-0.615,0,0.0,0,0.0,0.34470,0.239,0.285,0.39394,-0.052,0.437,0.269,0.31439,-0.339,0.354,0.116,-0.086,0.018,-0.556,-0.71,0.141,0.29167,-0.272,0.367,-0.678,0.568,0.293,0.151,-0.023,0.121,-0.523
1,0.655,0.0,1,0.167,0.936,0.182,0.573,0.41176,1.072,0.043,1.443,0.168,1,0.107,1,0.339,0.664,-0.031,1.398,-0.123,0.579,0.451,1.23,0.41176,1,-0.118,0.841,0.17,1.199,0.05,1.071,0.35294,0.675,0.339
0,1.173,0.0,0,0.0,-1.052,-0.83,0.681,0.647,0.105,-0.149,-1,-0.3,0.126,-0.867,0.747,-0.73,0.0,0,0.934,-0.062,-0.25000,1.189,0.214,-0.70745,0.0,0,-0.212,-0.348,-0.191,-0.514,0.832,0.509,-0.703,0.45745
1,1,0.0,1.254,0.293,0.751,-0.104,0.714,0.361,0.87500,-0.072,0.91667,0.03,0.424,0.097,0.77,0,1.0,0.049,1,0.063,0.566,-0.118,0.83,0.1,1.085,-0.129,0.423,0.079,1.457,0.25,1.009,0.0,0.70833,0.04167
0,1.334,0.0,0.19,-0.16667,0.0,0.0,0.0,0.0,0.0,0.0,0,0.0,0.113,-0.137,0.0,0.0,0.0,0.0,0.0,0,0,0.0,-0.05128,-0.06571,0.07853,0.076,0.258,-0.119,0.124,0.109,0.034,-0.043,0.163,0.207
1,0.979,0.0,0.682,-0.08183,0.576,-0.11326,0.781,-0.235,1.479,-0.402,0.85,-0.322,0.973,-0.347,0.816,-0.598,0.608,-0.413,0.68131,-0.331,0.82450,-1.16,0.58829,-0.54,0.878,-0.739,0.685,-0.684,0.255,-0.499,0.24117,-1.125,0.29221,-0.712
0,1,0.0,0.581,1.339,-0.807,1.399,-0.799,-0.571,0.187,0.177,0.46053,0.039,0.145,0.05702,0.462,0.34649,0.775,-0.046,0.186,0.675,0.0,0,-0.377,-0.178,0.92,-0.338,1.062,-0.929,1.044,-0.339,0.291,0.20175,1.075,0.07895
1,1,0.0,0.876,0.312,0.99815,0.005,0.782,-0.171,1.074,-0.192,0.852,-0.338,0.42,-0.158,0.71492,-0.281,0.687,-0.858,0.226,-0.52,0.457,-0.373,0.286,-0.439,0.23966,-0.34,0.29208,-0.48390,0.069,-0.289,0.15657,-0.62,0.206,-0.588
0,0.0,0.0,-1,1,1.26,-1,0.0,0.0,0.0,0.0,0.54,-0.778,1.063,0.988,0.0,0.0,0.993,-0.846,0.0,0.0,0.0,0.0,0.762,1,-1,1,0.883,-0.658,-1.291,1.1,-0.759,-0.993,0.0,0
1,1,0.0,1.018,-0.19448,0.96419,-0.17674,0.652,-0.202,0.583,-0.398,1.079,-0.264,0.712,-0.49639,0.343,-0.72,0.189,-0.611,0.272,-0.72109,0.41,-0.54172,0.216,-0.812,0.128,-0.628,0.098,-0.302,-0.087,-0.355,-0.013,-0.81,-0.107,-0.269
0,1,0.0,-0.567,-1.21,-0.594,1.003,1.172,-1,1,0.723,0.0,0.0,0.224,-1.387,1,1.065,0.0,0.0,0.522,0.698,1,1.283,0.0,0.0,-0.837,1.177,0.433,-1,0.747,-1.192,0.69792,-1.171,0.466,0.936
1,0.764,0.0,0.704,0.599,0.392,0.947,0.122,0.787,-0.37764,0.88186,-0.674,0.588,-0.955,0.19409,-0.648,-0.142,-0.941,-0.751,-0.205,-0.597,0.16245,-0.867,0.368,-0.363,1.123,-0.29,0.77937,0.093,0.64135,0.48,0.396,0.353,-0.00422,0.893
0,1.42,0.0,0.593,0.845,0,0.0,1.383,-0.883,-1.395,-1.485,0.803,0.734,0.612,-1.08,0.0,0.0,0.655,-1,0.696,0.544,0.0,0.0,1,-1.4,-1,-1.449,1.34,1,-0.611,1,-0.621,1.034,0.0,0
1,1.257,0.0,0.675,0.335,1,0.8,0.77123,0.845,-0.492,1,-1.119,1.301,0.0,1.227,-1,1.023,-0.513,0,-0.944,-0.693,-1.083,-0.517,-0.992,-0.224,-0.249,-1.035,0.244,-1.107,0.815,-1.236,0,-0.722,1,-0.788
0,0.0,0.0,-0.967,1.358,-1.373,-1,0,0.0,-1.071,1.267,1,-0.615,-1.162,-1.425,-0.704,1.256,0,0.0,-1.429,-1,-1,1.45,0.0,0.0,1,-1.388,1.467,1.398,1.387,-0.924,1.208,1.315,0.0,0.0
1,0.527,0,0.774,0.049,1,0.13,1.206,0.285,0.731,-0.153,1.146,0.462,0.623,0.559,1.081,0.757,-0.372,1.213,1,0,1.123,0.493,1,1,1.234,1.026,0.871,0.689,0.966,0.226,1,1.28,1.01,0.542
0,0.0,0.0,-0.537,-1.176,0.0,0.0,0.0,0.0,0,0.0,0.0,0,0.0,0,1.314,-0.541,0.0,0,-1,-1.064,0.0,0.0,0.887,1,0.75,-0.55,1.35,-1.312,0.0,0.0,0.0,0.0,0.0,0
1,1,0.0,0.64947,-0.044,0.468,-0.198,-0.073,-0.176,0.416,0.045,0.288,-0.186,0.28931,-0.278,0.045,-0.273,0.241,-0.414,0.15,-0.319,0.062,-0.205,0.068,-0.369,0.022,-0.25124,-0.0,-0.331,-0.034,-0.21129,-0.059,-0.18950,0.01336,-0.352
0,1,0.0,0.0,0.0,0.0,0.0,0.0,0.0,0,0.0,0.523,-0.201,0.184,0.135,0.0,0.0,0.0,0,0.0,0.0,-0.19792,-0.252,-0.16667,0.521,-1.103,0.285,0.04167,1.041,-0.331,-1.324,-0.143,-0.331,-0.264,-0.93750
1,1,0.0,1.481,0.058,0.99363,0.091,0.94,0.175,0.95513,-0.26496,0.984,0.418,1.196,0.217,0.424,0.381,0.462,0.28714,0.485,0.264,0.58,0.197,0.377,0.27,0.322,0.266,0.32930,0.242,0.151,0.177,0.218,0.185,0.255,0.19083
0,1,0.0,0.887,-0.09524,-1.297,-0.696,-1.164,-1,0.949,0.231,0.445,0.683,-1,-0.95,-0.6,0.964,0.553,1.262,0.82,0.572,0.68839,-1,-1.279,-1.273,0.706,0.532,0.921,0.823,1.139,0.324,-1.373,-0.32540,-0.821,0.855
1,1.279,0.0,0.93669,-0.002,0.611,0.347,1.307,-0.358,0.955,0.093,0.938,0.096,0.99676,0.078,0.495,0.05,1.249,-0.25324,0.87379,-0.199,1.264,0.339,0.521,-0.055,1.21,-0.02589,1.008,-0.017,1.072,0.111,0.441,-0.131,0.85841,-0.14725
0,1,0.0,1.344,-1.458,1.331,0.915,1,1.08,0.697,-0.429,1.147,1,0.8,0.506,0.71,1.442,0.0,0.0,1.17,1.114,1.206,1,1,-0.597,1,1.05,1.189,0.727,1.083,-0.554,-0.735,0.779,1.022,1
1,1,0.0,1.349,0.288,1,-0.858,0.785,-0.126,0.557,0.089,1,0.223,0.98120,-0.095,1.436,0.077,0.942,-0.124,1.065,-0.15633,1.338,0.027,0.959,0.118,1.266,-0.014,0.96238,-0.057,0.652,0.028,1.235,-0.127,0.686,-0.11717
0,0.95,0.0,0.498,-1.106,-0.753,-0.966,-0.047,1,1.341,0.95041,0.74597,-0.448,-0.804,-0.79313,-0.09677,1.46,0.595,0.659,0.256,-0.313,-0.109,-0.292,-0.168,0.06895,0.03021,0.05,0.03,-0.009,-0.006,-0.012,-0.006,0.001,0.0,0.002
1,1,0,0.953,0.533,0.834,-0.095,0.541,-0.07653,0.762,-0.049,0.628,0.25,1.066,0.02105,1.416,0.02487,0.715,-0.085,0.873,0.108,0.827,0.001,0.90306,0.401,1.2,-0.135,0.57,-0.005,1.093,0.104,0.673,-0.18750,0.56,-0.05
0,0,0.0,0.0,0.0,0.0,0.0,0.0,0.0,0.0,0.0,0.0,0.0,1.196,1,1,1.146,1,-1.375,0.0,0.0,1.364,1.274,1.214,-0.831,0.997,1,0.512,0.0,0.789,1,0.896,-1,0.0,0.0
1,0.587,0,0.973,-0.28428,0.898,-0.173,0.628,-0.339,1.37,-0.424,0.92736,-0.502,0.90818,-0.641,1.014,-0.44,0.568,-0.832,0.788,-0.738,0.68459,-1.026,0.526,-0.471,0.734,-0.73333,0.393,-0.76054,0.292,-0.551,0.207,-0.975,0.134,-0.782
0,1.439,0.0,0.0,0.0,0.0,0,0.0,0,-1.092,-0.554,0,0.0,1.314,-0.836,0,0.0,-0.665,-1,-0.606,-1,1.198,-1.333,-0.381,-0.598,1.24,1.082,-0.917,-0.286,1.239,-1.074,0.0,0.686,0.0,0
1,1.365,0.0,0.729,0.065,0.95455,-0.111,0.77273,0.0,1.019,0.0,1.022,0.0,0.902,0.059,0.90909,-0.043,0.909,0.0,1.397,0.0,1.123,0.123,0.775,0.057,0.90909,0.058,0.91541,0.02897,1.256,0.09,0.484,-0.09091,1.01,0.043
0,0,0.0,0,0.0,-1,1,1.17,0.904,-0.798,-0.569,0.0,0,-1.055,-0.568,-0.871,-0.243,-1.442,-1.329,1.071,-1.152,0.968,-1.02,0,0.0,1.475,-0.566,-1.382,-1.267,0.0,0.0,1.191,-1.086,0.0,0
1,1.083,0,0.91176,-0.1,1.218,0.098,0.82353,0.112,0.712,-0.023,1.277,-0.141,1.219,0.203,0.94118,0.026,1.26,0.0,1.32,0,0.503,0.17,0.827,0.021,0.634,0.02941,0.718,0.039,1.347,-0.102,0.895,0.043,0.928,0.05882
0,1,0.0,-0.649,1.268,-1,0.135,0.194,1.017,-1.286,1.007,-0.592,-1,0.562,1.135,-1.061,-0.329,0.235,-0.828,1.341,1.326,-0.31402,-1.079,-0.523,-1,1.407,-0.85,-0.563,-0.029,0.614,-0.869,-1,-0.32,0.094,1
1,1,0,0.271,-0.134,0.955,0.018,0.83155,0.035,0.603,-0.027,1.002,0.0,1.068,0.03,1.028,0.044,0.84211,0.708,1,0.076,1.063,0.074,0.70301,0.058,0.318,0.245,0.737,0.111,0.734,-0.185,0.308,0.098,0.822,0.09719
0,1,0.0,-0.008,-0.6,0.0,0.0,-0.025,0.613,0.0,0.0,0,0.0,0.0,0.0,0.0,0,0.0,0.0,0.31410,0.476,-0.223,0.74359,-0.415,-0.80769,0.0,0.0,-0.618,-0.716,0.0,0.0,0.0,0.0,0.0,0
1,1.319,0.0,1.41,0.372,1.166,0.326,0.998,0.63636,1,-0.119,1.338,0.0,0.612,-0.338,0.63636,0.172,0.567,-0.386,0.733,-0.203,0.90909,-0.618,1.39,0.07750,0.869,-0.109,0.763,0.08867,1.214,0.371,1.356,0.662,0.582,0.27273
0,0.0,0.0,-1.455,-0.625,0.761,-1.044,-1.384,1,0.0,0.0,0.544,-0.905,0.575,-0.613,0.0,0.0,0.0,0,0.0,0,-1.202,0.604,0.977,-1.22,-0.792,0.93,1,1,0,0.0,1.202,0.5,0.0,0.0
1,1.016,0.0,0.45455,0.068,0.63636,0.102,0.296,0.198,0.642,0.0,0.258,-0.106,0.676,-0.09091,0.286,-0.019,0.354,-0.18182,0.512,0.0,0.415,-0.114,0.317,0.19,0.495,-0.057,0.345,-0.01768,0.306,0.0,0.292,0,0.29,-0.01832
0,1.308,0,-1,-0.596,0.0,0.0,-0.603,0.413,-0.889,1.482,0.0,0.0,0.0,0.0,0,0,0.0,0.0,0.0,0.0,-1,-0.769,0,0.0,0.168,0.327,0.936,0.535,0,0.0,0.0,0.0,0.0,0.0
1,0.596,0.0,1.407,0.103,1.161,0.71429,1.491,0.71429,1,-0.2,0.975,-0.14,1.075,0.021,0.865,0.0,0.436,-0.08,1,0.035,1.142,-0.295,0.885,0.0,0.368,-0.407,0.591,0.064,1.154,0.045,1,0.57143,1.205,0
0,0.0,0.0,1.118,1.074,0.531,-1,0.886,1.162,0.533,0.654,1,0.952,0.814,-0.515,1,0.869,0.855,-0.574,0.733,-0.982,0.75,0.543,1,1.445,1,-0.958,1,0.7,0.771,1.056,1.153,0.693,1.402,1
1,1.308,0,0.87032,0.532,0.601,0.959,0.107,1.072,-0.38033,0.609,-0.75,0.58226,-0.92099,0.16731,-0.756,-0.229,-0.457,-0.408,-0.238,-0.565,0.18823,-1.092,0.653,-0.376,0.362,-0.185,0.422,0.103,0.293,0.242,0.294,0.361,-0.092,0.453
0,0.0,0.0,1.176,-1,1.091,1.142,0.752,-1.148,1.012,0.772,1,-1.251,1.324,-0.865,0.535,-1,1.142,0.726,1,0.993,1.242,1.318,0.814,-0.934,0.51,1,1.335,1,1.324,1,1.486,0.541,1.012,-1.403
1,1.175,0.0,1.185,0.04174,1.017,0.15,0.651,0.25,1.023,0.266,0.80619,0.307,0.676,0.345,0.775,0.664,0.60101,0.639,0.778,0.698,0.565,0.31,0.404,0.457,0.182,0.55274,0.188,0.54214,0.215,0.44,0.186,0.49124,0.104,0.46571
0,0.0,0.0,1.186,1.489,1.006,-1,0.959,-0.742,1,0.638,0.0,0.0,1.155,-0.551,0.0,0,0,0.0,0.0,0.0,-0.989,0.82,1.298,1,0,0.0,1.416,1.376,0.0,0.0,-1.476,-0.694,0.0,0
1,0.506,0,1.245,0.199,1.352,0.232,0.471,0.231,0.774,0.634,0.873,0.467,0.65260,0.86,0.566,0.631,0.4,0.737,0.189,0.931,0.13712,0.875,0.00494,0.62,-0.099,0.79780,-0.221,0.554,-0.208,0.572,-0.493,0.64363,-0.47419,0.65
0,0.0,0.0,0.963,-0.716,-0.711,1.189,-1.17,1.275,1.378,0.983,1.241,1.248,-0.716,-0.923,-1.374,-1,0.721,1,1.106,-1,-1.349,-0.576,-0.557,-1.266,1.093,0.0,1.212,-1.275,1,-1,-1,1.248,-1,1.436
1,1.418,0.0,0.80627,0.13069,0.759,0.277,0.79,0.136,0.288,0.347,0.337,0.46439,0.218,0.45,0.189,0.37115,0.093,0.761,-0.09808,0.375,-0.033,0.496,-0.086,0.44424,-0.123,0.578,-0.279,0.409,-0.192,0.399,-0.242,0.165,-0.217,0.31154
0,0.0,0.0,1.445,-1.46,1.442,0.894,0.663,-1,0.931,1.106,0.525,-1.319,1.394,0.673,0.912,-1.344,1.393,-1,0.563,0.56,1,0.827,1,-0.715,1,-1.069,1.194,-0.777,1,1.032,1.341,-1,1.2,0.65
1,1.273,0.0,1.183,0.15,0.506,0.103,0.88783,0.44,0.89009,0.293,0.953,0.435,0.72298,0.298,0.626,0.809,0.317,0.653,0.279,0.842,0.44245,0.667,0.463,0.998,0.324,0.553,0.182,1.014,0.07497,0.802,-0.038,0.77702,-0.097,0.74242
0,0.0,0.0,0.0,0.0,1,1.322,0.0,0.0,0.966,1.333,0.0,0.0,1.024,-0.539,0,0.0,0.0,0.0,0,0.0,0.0,0,0.0,0,0,0.0,1.445,-0.587,0,0.0,-0.789,1.245,0.0,0.0
1,1,0.0,0.829,0.138,1.152,0.204,1.04,0.36790,1.016,0.315,0.348,0.639,0.275,0.497,0.262,0.727,0.112,0.987,0.056,0.76171,-0.111,0.832,-0.229,0.772,-0.363,0.65708,-0.232,0.614,-0.46799,0.333,-0.46,0.40732,-0.739,0.35095
0,0.0,0.0,0.0,0.0,1.019,1.07,1.271,1,0.0,0.0,0.0,0.0,-1.219,-1.113,0.0,0.0,-1,-1.035,0.0,0,0.0,0.0,1,1,0.0,0.0,0.951,1.169,0.0,0.0,-1.3,1.003,0,0
1,1,0.0,1.221,0.38138,0.696,0.827,0.282,1.028,-0.073,1.246,-0.424,1.179,-0.368,0.576,-0.726,0.26906,-1.139,-0.121,-0.447,-0.356,-0.372,-0.315,-0.16449,-0.365,0.074,-0.552,0.30406,-0.662,0.617,-0.29838,0.47029,-0.126,0.536,0.072
0,0.0,0.0,0.728,-1,0.555,1.316,0.728,1.086,1,0.744,0.78,1,1,-1.132,1.267,0.922,0.997,1.26,1,-0.878,1,-1.093,0.937,-0.657,1.32,-1.267,1.083,0.869,1.382,-1.431,0.798,0.774,1,0.781
1,1,0.0,0.73523,-0.249,1.03,0.136,0.99,0.133,0.55580,0.071,1,0.111,0.816,0.178,1.026,0.32925,0.49672,0.102,0.901,-0.031,0.475,0.354,0.53120,0.366,1.003,0.73,0.248,0.409,0.126,0.684,0.44,0.28,0.192,0.668
0,0,0,0.0,0.0,0.0,0.0,0,0.0,0.0,0,0,0,0.0,0.0,0.0,0.0,0.0,0.0,0.0,0.0,0,0.0,0.0,0.0,0.0,0.0,0.604,0.709,0.0,0.0,0.0,0.0,0.0,0.0
1,1.272,0.0,1.342,0.005,0.97287,-0.002,0.927,0.002,1.123,0.019,1.313,0.02,0.97213,0.031,0.853,0.024,0.755,0.089,0.652,-0.004,0.97770,0.04980,0.96358,0.087,1.371,0.081,0.529,0.053,0.97473,0.004,0.97845,0.098,0.66,-0.003
0,0,0.0,1.166,1.356,-1,-1.2,-0.63,-0.818,0.0,0.0,0.0,0.0,-0.746,-1.359,0.0,0,0.0,0.0,0.0,0.0,-1,1.41,0.567,1,0.0,0,0.743,-1.23,0.0,0,-0.597,-0.763,-0.854,-0.748
1,1,0.0,0.324,-0.203,0.936,0.014,0.435,0.026,0.818,0.01,0.34615,0.05594,0.69050,0.043,0.68101,0.05058,0.975,0.05692,0.662,-0.029,0.825,0.041,0.877,0.04,0.856,0.168,0.475,0.064,0.4,0.094,0.447,0.057,0.666,0.055
0,1,0.0,0.956,1.164,0.738,-0.575,1.207,0.04348,0.423,0.067,0.867,0.699,0.70067,0.271,0.766,0.111,0.811,-0.272,0.709,0.21,0.64883,0.25,0.355,1.054,1.09,-0.614,0.89262,0.25,0.71070,0.564,1.167,-0.049,0.56522,0.292
1,1.399,0.0,0.644,-0.07778,0.643,-0.399,1.037,-0.659,1.001,0.06111,0.45556,-0.526,1,-0.107,1.048,-1.223,0.727,0.027,0.82222,-0.041,0.919,-0.157,0.71,0.127,0.428,-0.17,0.92148,-0.251,0.417,0.02,0.528,-0.144,1.312,-0.57037
0,1,0.0,0.444,0.15564,0.231,0.11,0.387,0.24125,0.305,0.13,0.234,0.325,0.202,0.397,0.126,0.129,-0.023,0.36965,0.05058,0.215,0.144,0.086,0.111,0.29961,-0.013,0.372,-0.036,0.256,-0.128,0.152,-0.095,0.225,-0.19066,0.329
1,1.127,0.0,0.644,-0.03175,0.432,-0.05357,0.862,-0.014,0.416,0.03373,0.591,0.073,0.59127,-0.02381,0.555,0.013,0.748,0.014,0.452,0.011,0.544,-0.039,0.321,0.032,0.491,0.026,0.707,-0.009,0.329,-0.073,0.995,-0.016,0.62500,-0.03175
0,0.743,0.0,0.06404,-0.149,-0.031,0.077,0.054,-0.023,-0.014,0.119,0.072,0.0,0.113,-0.135,0.05911,0.0,0.01970,-0.023,-0.149,-0.23,0.078,0.01478,0.036,0.02956,0.08,0.099,0.356,-0.032,-0.036,-0.09360,0.036,0.05419,0.064,-0.06
1,1.335,0.0,0.61857,0.161,0.884,-0.092,0.573,0.017,0.74273,0.003,0.559,0.14,0.708,-0.002,1.056,0.034,0.83669,-0.17,0.68680,-0.068,0.62528,-0.007,0.605,0.064,0.814,-0.112,0.539,-0.017,0.654,0.04810,1.106,-0.037,0.748,-0.04698
0,1.242,0.0,0.25316,0.35949,0.0,0.0,-0.345,-1.223,0.0,0,0.042,-0.101,0.0,0.0,0.0,0.0,0.0,0.0,0.0,0,0.00759,0.515,-0.164,0.384,-0.121,0.457,0.05570,-1.297,0.0,0.0,0.072,-0.764,0.0,0
1,1,0,0.88103,-0.006,1.143,-0.037,0.993,-0.027,1.03,-0.166,0.82208,-0.06,0.88853,0.011,1.25,-0.136,0.87138,-0.05,1.066,-0.024,0.869,-0.173,1.173,-0.115,0.90139,-0.135,0.563,-0.085,0.848,-0.07,1.317,-0.202,1.313,-0.216
0,1,0.0,0.568,-0.349,0,0.0,0.0,0.0,0.343,0.498,0.506,0.025,0.0,0.0,0.0,0,0.16458,-0.613,0.58,-0.18333,0.0,0,0.0,0.0,1.037,-0.29,-1.022,-1.344,-0.157,-1.091,0.0,0,0.0,0.0
1,1,0.0,0.82,0.01631,0.92007,0.009,0.662,0.011,0.497,-0.11,1.216,-0.06,1.089,-0.014,1.017,-0.111,0.86025,-0.056,1.284,-0.023,1.104,-0.12126,1.098,-0.11909,1.03,-0.158,1.188,-0.143,1.09,-0.066,0.993,-0.122,1.098,-0.12235
0,1.169,0.0,0.0,0.0,0.717,0.174,1.278,-0.016,0,0.0,0.804,-0.602,1,0.19556,1.157,-0.035,0.871,-0.744,0.0,0,1,-0.03,0.78,-0.129,0.0,0.0,0.803,-0.806,0,0.0,1.275,0.072,0.90667,-0.14
1,1,0.0,0.426,0.03714,0.822,-0.00143,1.101,0.004,1.067,-0.038,0.832,0,1.15,-0.045,0.757,0.002,0.464,-0.05,0.607,-0.171,1.108,-0.117,0.87,-0.039,0.823,-0.1,0.81598,-0.056,1.075,-0.075,0.54,-0.06,0.82143,-0.15143
0,1,0.0,0,0.0,0.0,0,0.0,0.0,0.0,0.0,0.0,0.0,-0.931,1.274,1.209,0.66,0.0,0.0,0,0.0,0,0.0,0.0,0.0,0.0,0.0,0.997,1.312,0.0,0.0,0,0.0,0.0,0
1,0.587,0.0,0.49870,0.026,0.553,-0.076,0.378,-0.04156,0.50130,0.14,0.436,0.08,0.774,-0.11948,0.421,-0.035,0.584,-0.041,0.731,-0.009,0.705,-0.032,0.265,-0.015,0.576,0,0.503,-0.045,0.43117,0.035,0.604,-0.068,0.58961,-0.06
0,0.0,0.0,0.0,0.0,0.0,0.0,0.0,0,0.0,0.0,0.0,0.0,0.0,0,0.0,0.0,0,0.0,0,0,0.0,0,0.0,0.0,0.0,0.0,0.866,-1.074,0.0,0,0.0,0.0,0.0,0.0
1,0.836,0.0,1.003,0.5,1.169,0.255,0.238,1.219,0.16851,0.86,-0.13336,0.80454,-0.463,0.60793,-0.591,0.422,-0.318,0.179,-0.526,0.004,-0.239,-0.09025,-0.213,-0.12964,-0.051,-0.183,-0.022,-0.102,0.009,-0.039,0.03,-0.025,0.029,-0.026
0,1,0.0,0.0,0.0,0,0.0,1,0.568,-1.055,-1.426,0,0,1,-0.132,0.0,0.0,0.0,0.0,-1,1.287,1.475,1.329,1.397,-1.152,0.0,0.0,1.17,-0.776,0.0,0.0,0.0,0.0,0.904,0.871
1,1,0,0.87048,0.479,0.601,0.394,0.243,1.143,-0.023,0.796,-0.458,0.791,-1.009,0.51560,-0.918,0.248,-0.533,-0.128,-0.527,-0.298,-0.38334,-0.467,-0.18,-0.615,0.205,-0.484,0.488,-0.375,0.419,-0.379,0.312,-0.065,0.51460,0.16645
0,1.341,0,0.0,0.0,0,0.0,0,0.0,-1.079,1,0.0,0.0,0.832,0.523,-0.151,-0.12000,0.0,0,-0.627,-1.061,0.0,0.0,0.684,-0.816,0,0.0,1.326,0.291,0.0,0.0,0.0,0.0,0.0,0.0
1,0.652,0,0.88179,0.623,0.59573,1.16,0.229,0.94537,-0.24103,0.529,-0.62526,0.431,-1.141,0.427,-0.714,-0.078,-0.584,-0.567,-0.688,-0.519,-0.144,-0.937,0.27,-1.046,0.542,-0.55910,1.04,-0.215,0.407,0.128,0.576,0.341,0.456,0.586
1,1.014,0.0,0.308,0.02,0.187,0.21278,0.182,0.744,-0.222,0.92324,-0.067,0.241,-0.405,0.36,-1.059,-0.076,-0.13117,-0.186,-0.156,-0.292,-0.065,-0.483,0.02668,-0.29,0.143,-0.06295,0.405,-0.168,0.154,-0.134,0.15078,0.084,0.12197,0.301
1,0.512,0.0,1.1,0.39121,0.54040,0.762,0.167,0.89402,-0.399,0.621,-0.598,0.356,-0.531,0.179,-0.734,-0.216,-0.376,-0.61894,-0.209,-0.657,0.153,-1.21,0.375,-0.411,0.79143,-0.184,0.503,0.07,0.869,0.49079,0.529,0.816,-0.041,0.79444
1,1,0.0,0.635,-0.027,0.71,0.006,0.378,-0.078,0.845,0.007,0.34,-0.07461,0.928,0.071,0.756,-0.054,0.519,0.09146,0.819,0.0,0.58965,0.08,0.50060,0.02,0.597,0.131,0.348,0.02019,0.748,0.027,0.858,-0.01,0.467,-0.09146
1,1,0.0,0.869,-0.027,0.772,0.025,0.984,0.17,0.599,0.073,0.706,0.495,0.693,0.007,0.434,0.135,1,0.036,0.483,0.05147,0.67463,0.034,0.52022,-0.285,0.818,-0.088,0.79,0.071,0.30882,0.128,0.568,0.06,0.608,0.21691
1,1.228,0.0,0.861,0.193,1.087,0.015,0.812,0.021,0.65077,-0.055,0.538,0.08,0.446,0.068,0.72322,0.05776,0.527,-0.132,0.61692,0.104,0.47,0.04,0.546,0.08041,0.624,-0.091,0.736,0.13,0.55077,0.24,0.53389,0.107,0.292,0.122
1,0.976,0.0,0.68317,0.05375,0.862,0.002,0.474,0.002,0.729,0.13,1.109,0.058,0.712,0.00585,0.478,0.009,0.921,-0.072,0.465,-0.026,0.76365,0.014,1.062,0.00978,0.705,-0.049,0.584,0.007,0.642,0.125,0.352,0.01190,0.841,0.01227
1,1,0,0.346,0.0,0.38,0.118,0.276,0.035,0.249,-0.057,0.261,-0.07,0.642,0.033,0.431,0.02,0.35652,0.128,0.445,0.142,0.242,-0.02609,0.345,-0.058,0.47391,-0.01,0.475,0.038,0.466,0.045,0.271,0.14783,0.52,0.17391
1,1.167,0,0.76,0.06,0.581,0.27,0.826,0.249,0.703,0.216,0.537,0.696,0.321,0.60814,0.49210,0.741,0.375,0.438,0.228,0.891,0.083,0.771,0.013,0.72236,-0.08,0.386,-0.117,0.398,-0.124,0.56015,-0.25516,0.358,-0.27339,0.473
1,1.176,0.0,1.13,0.087,1.034,0.189,1.129,0.491,0.435,0.744,0.544,0.60297,0.565,0.71942,0.516,0.679,0.39,0.813,0.113,0.628,0.106,0.419,-0.014,0.79870,-0.207,0.765,-0.22839,0.916,-0.423,0.60948,-0.40291,0.719,-0.536,0.44534
1,1,0.0,0.683,0.13425,0.893,0.259,0.901,0.531,0.87,0.59975,0.479,0.684,0.377,0.946,0.199,1.064,0.104,0.756,-0.09159,0.76261,-0.147,0.779,-0.271,0.812,-0.307,0.511,-0.57,0.284,-0.435,0.349,-0.449,0.19172,-0.616,0.05972
1,1,0.0,0.604,0.223,0.497,0.33143,0.873,0.715,0.741,0.63842,0.59215,0.605,0.67,1.085,0.281,0.5,0.133,0.923,-0.007,1.318,-0.283,1.033,-0.33023,0.962,-0.266,0.76482,-0.637,0.756,-0.798,0.52564,-0.893,0.42,-1.21,0.385
1,1.35,0.0,1.221,0.098,0.86090,0.348,0.457,0.258,0.332,0.671,0.677,0.73,0.36100,0.859,0.126,0.83558,0.005,1.09,-0.121,0.541,-0.329,0.541,-0.413,0.583,-0.371,0.53886,-0.87,0.597,-0.64511,0.163,-0.65710,0.14,-0.55,0.05394
1,1,0.0,0.76627,0.169,0.79,0.273,0.567,0.585,0.19,0.276,0.13753,0.821,-0.055,0.319,0.0,0.525,-0.139,0.509,-0.437,0.46,-0.211,0.24,-0.547,0.07588,-0.425,-0.044,-0.404,-0.115,-0.199,-0.11,-0.241,-0.24648,-0.11894,-0.27218
1,1,0.0,0.58940,-0.587,1.211,0.446,0.992,0.055,0.445,0.148,0.235,0.148,0.68,0.101,0.728,0.19868,1.038,0.545,0.473,0.112,0.45,0.304,0.68874,0.085,0.51,0.308,0.319,0.27687,0.663,0.26,0.35,0.29324,0.424,0.29942
1,1,0.0,1.069,0.11385,0.394,-0.12144,1.097,0.08,0.536,0.016,0.438,-0.07780,0.764,0.15,0.763,0.026,0.413,-0.031,0.931,0.246,0.691,0.101,0.31,0.031,0.743,0.386,0.49090,0.17951,0.101,0.243,0.403,0.18897,0.812,0.109
1,1.085,0.0,1.12,0.065,0.974,-0.02299,0.883,-0.044,0.85,-0.085,0.522,-0.075,0.364,-0.079,0.877,-0.06438,0.514,0.045,0.71254,0.017,0.521,-0.09,0.287,-0.076,0.678,-0.154,0.48659,-0.11,0.269,-0.08537,0.397,-0.115,0.42223,-0.09808
1,1,0.0,1.245,0.046,0.96775,-0.005,1.341,-0.007,1.163,-0.03923,1.273,0.012,0.518,-0.01436,0.675,-0.012,1.092,0.01,1.333,-0.066,1.191,-0.032,1.296,-0.038,0.927,0.016,0.905,-0.03034,1,-0.048,1.33,-0.044,0.9,-0.03673
1,1.198,0.0,0.642,-0.12,0.293,-0.12371,1.009,-0.39175,0.657,0.093,0.276,-0.21649,0.328,0.094,0.49,-0.081,0.42268,0.037,0.459,-0.27320,0.677,0.103,0.376,0.071,1.053,0.21,0.53396,-0.139,0.149,-0.167,0.623,0.051,0.302,-0.51546
1,1.113,0.0,0.91,-0.026,1.007,0.019,0.881,0.373,0.65358,-0.005,0.405,0.069,1.072,-0.442,0.943,0.75,0.59584,0.13857,0.862,0.268,0.355,-0.25404,0.902,0.139,0.386,0.25,0.649,0.161,0.61663,0.07621,0.71,0.189,0.69053,0.307
1,1,0.0,0.637,-0.03596,0.532,0.016,0.849,0.017,0.58876,0.035,0.859,-0.003,0.953,-0.055,0.601,0.008,0.614,0.024,0.757,-0.074,0.56854,0.14157,0.57528,-0.053,0.605,0.036,0.56588,0.006,0.486,-0.053,0.751,0.145,0.865,-0.112
1,1.382,0.0,0.71521,-0.00647,0.755,-0.056,0.643,-0.03,0.622,0.08091,0.49,0.09709,0.368,0.15858,0.60194,-0.021,0.715,-0.057,0.44,-0.075,0.425,0.213,0.306,0.216,0.418,-0.031,0.49,0.0,0.398,-0.06796,0.428,-0.059,0.332,-0.029
1,1,0.0,0.418,0.11,0.99,0.03457,0.65185,0.053,0.818,-0.007,0.445,0.128,0.508,0.062,0.931,0.121,0.612,-0.17531,0.611,-0.109,0.525,0.007,0.882,0.071,0.66667,-0.067,0.588,-0.019,0.76543,0.018,0.543,-0.045,0.352,-0.04691
1,1,0.0,0.359,-0.016,0.67119,0.046,0.775,-0.043,0.329,0.033,0.545,-0.11,0.57966,-0.029,0.469,0.105,0.64068,0.151,0.344,-0.024,0.545,0.00678,0.939,-0.045,0.431,-0.026,0.839,0.01,0.33,-0.004,0.58983,-0.02712,0.583,0.101
1,0.801,0.0,0.594,0.135,0.256,0.05825,0.194,0.0,0.581,-0.029,0.656,0.02427,0.172,0.04854,0.52427,0.006,0.578,-0.151,0.281,0.00485,0.398,0.05825,0.222,0.145,0.434,-0.191,0.259,0.025,0.48,0.1,0.263,0.0,0.237,-0.01942
1,0.869,0.0,0.98822,0.018,0.93102,0.32,0.873,0.46,1.053,0.719,0.589,0.51879,0.677,0.365,0.282,0.642,0.344,0.432,0.385,0.836,0.064,0.488,0.047,0.523,-0.198,0.623,-0.16556,0.31,-0.16209,0.316,-0.34717,0.264,-0.442,0.37465
1,0.761,0.0,1.33,0.143,0.90112,0.271,0.82039,0.312,0.424,0.64888,0.32,0.552,0.308,0.525,0.349,1.034,0.044,0.85475,-0.091,0.79749,-0.307,0.942,-0.395,0.73,-0.498,0.336,-0.771,0.67,-0.61899,0.426,-0.79,0.22,-0.401,0.02968
1,1,0,1.217,0.217,1.358,0.288,0.76902,0.7,0.542,0.627,0.371,0.715,0.10107,1.092,-0.077,0.89274,-0.171,0.786,-0.329,0.689,-0.442,0.483,-0.564,0.35534,-0.512,0.094,-0.907,0.029,-0.64872,-0.154,-0.34,-0.341,-0.551,-0.38
1,0.844,0.0,1.269,0.262,1.345,0.568,0.80514,0.3,0.56687,0.427,0.233,1.228,0.079,0.621,0.039,0.981,-0.24742,0.596,-0.42811,0.595,-0.745,0.593,-0.822,0.619,-0.441,0.264,-0.771,0.164,-0.75406,-0.025,-0.767,-0.209,-0.66932,-0.34367
1,1,0.0,1.175,0.302,1.146,0.61,0.76,1.026,0.34961,1.179,0.069,0.535,-0.106,0.878,-0.39730,0.49,-0.485,0.822,-0.872,0.40368,-0.706,0.167,-0.625,-0.063,-0.651,-0.26883,-0.63237,-0.434,-0.479,-0.61446,-0.148,-0.511,-0.055,-0.917
1,0.75,0.0,0.89835,0.197,0.67333,0.62233,0.43898,1.364,-0.039,0.80510,-0.224,1.123,-0.354,0.376,-0.55,0.164,-0.356,0.123,-0.331,-0.034,-0.913,-0.034,-0.179,-0.47592,-0.089,-0.523,0.081,-0.548,0.293,-0.486,0.194,-0.168,0.221,0.13297
1,1.153,0.0,0.29073,0.102,0.324,0.17293,0.023,0.336,0.077,0.179,0.054,0.299,-0.04725,0.083,-0.049,0.051,-0.058,0.03,-0.028,0.012,-0.04,-0.00280,-0.021,-0.01176,-0.02,-0.01,-0.01,-0.012,-0.003,-0.011,0.00096,-0.006,0.00290,-0.008
1,1,0.0,0.638,-0.444,0.787,0.351,0.986,-0.004,0.82519,0.19361,0.508,-0.388,0.479,0.059,1.036,0.152,0.502,-0.231,0.874,0.04511,0.66917,0.281,0.752,-0.40977,0.64850,-0.026,0.562,-0.086,0.397,-0.151,0.208,-0.065,0.418,-0.136
1,1,0.0,0.723,0.162,0.84,0.054,0.335,0.08315,0.212,0.123,0.36,0.206,0.377,0.12686,0.552,0.098,0.25,0.038,0.598,0.15,0.32835,0.141,0.243,0.213,0.348,0.166,0.23641,0.108,0.271,0.16137,0.237,0.156,0.221,0.13198
1,1.284,0.0,0.94080,0.176,0.547,0.011,1.168,0.018,1.146,-0.003,0.627,0.10916,1.248,0.036,0.899,0.046,0.74838,0.021,0.79,0.017,0.80862,0.04901,0.936,0.029,0.984,0.02220,0.648,0.06235,0.474,0.127,0.887,0.1,0.442,0.076
1,1,0.0,0.644,0.047,0.501,0.243,1.04,0.29292,0.89455,-0.08337,0.79,-0.02028,0.90446,-0.215,0.818,0.171,1.269,-0.04642,0.81,-0.01,1.252,-0.333,0.427,-0.15,0.602,-0.091,0.61,-0.016,0.756,-0.059,1.107,0.223,1.191,0.064
1,1.114,0.0,0.432,0.034,1.094,0.076,0.417,0.153,0.74313,-0.117,1.035,0.03,1.146,-0.006,0.96110,0.074,1.049,0.035,0.71026,0.019,1.092,-0.094,0.8,0,0.4,-0.01207,1.13,0.032,0.874,-0.01073,1.117,0.056,0.72837,0.038
1,1.222,0,0.539,0.157,0.06213,-0.18343,0.543,0.014,0.439,-0.046,0.444,0.016,0.44675,0.398,0.545,-0.031,0.55621,0.136,0.479,0.082,0.424,0.042,0.652,-0.069,0.68,-0.034,0.46514,0.032,0.53550,0.229,0.262,-0.18,0.432,-0.003
1,1.344,0.0,0.59887,0.114,0.578,-0.091,0.477,-0.132,0.80979,0.034,0.334,0.02825,0.526,-0.048,0.608,-0.098,0.368,-0.183,0.788,-0.14313,0.70245,-0.005,0.304,0.09,0.56121,-0.203,0.734,-0.16837,0.707,-0.027,0.754,-0.346,0.984,-0.152
1,1.312,0.0,0.455,-0.03397,0.773,-0.08493,0.551,0.0,0.73673,-0.07643,0.631,-0.164,0.393,-0.121,0.441,-0.208,0.727,-0.306,0.742,-0.091,0.859,-0.203,0.891,-0.039,0.84926,-0.359,0.899,-0.23312,0.593,-0.218,0.393,-0.37792,0.337,-0.328
1,1.452,0.0,0.715,-0.119,0.83424,0.093,1.063,0.032,0.642,-0.021,0.77174,-0.082,1.097,-0.079,0.388,-0.007,0.474,-0.232,0.83424,0.024,1.076,-0.058,0.97283,-0.27989,0.821,-0.18750,1.105,-0.113,0.879,-0.042,0.756,-0.10870,1.097,-0.005
1,0.606,0.0,0.497,-0.181,0.53755,0.16996,0.956,0.067,0.442,-0.113,0.578,-0.253,0.79,-0.246,0.489,0.04150,0.63043,-0.003,0.916,-0.11858,1.048,-0.25296,0.696,-0.279,0.394,-0.058,0.691,-0.149,0.745,-0.20949,0.344,0.093,0.59,-0.021
1,1.082,0.0,0.295,0.149,0.58980,0.006,0.676,0.041,0.47894,-0.082,0.573,0.012,0.607,-0.16186,0.56,-0.048,0.358,-0.128,0.297,-0.04656,0.65,-0.202,0.693,-0.162,0.539,-0.20177,0.601,-0.153,0.533,-0.029,0.574,-0.11752,0.56319,-0.037
1,1,0.0,0.944,0.378,0.526,0.557,0.61559,0.758,0.454,1.327,0.09831,1.107,-0.182,1.134,-0.255,0.777,-0.879,0.62210,-0.78768,0.481,-0.835,0.246,-0.812,-0.117,-0.682,-0.308,-0.934,-0.45511,-0.425,-0.85,-0.267,-0.951,-0.19312,-1.005
1,1,0.0,0.743,0.166,0.868,0.77,0.344,0.622,0.297,1.174,0.041,1.057,-0.307,0.892,-0.416,0.81018,-0.747,0.821,-0.518,0.396,-0.72,0.089,-1.186,-0.19838,-0.471,-0.342,-0.65165,-0.69556,-0.411,-0.684,-0.13590,-1.344,0.10007,-1.205
1,1.083,0.0,0.814,0.21,0.383,0.81,0.282,0.785,0.048,1.491,-0.061,0.92118,-0.62403,0.777,-0.453,0.345,-1.026,0.228,-1,-0.011,-0.78973,-0.528,-0.965,-0.331,-0.323,-0.574,-0.397,-0.81876,-0.023,-0.769,0.159,-0.82127,0.002,-0.81686
1,1,0.0,0.83479,0.28993,0.41,0.47702,0.488,0.689,0.292,0.67,-0.103,1.116,-0.451,0.681,-0.598,0.837,-0.818,0.176,-0.619,0.058,-0.407,-0.215,-0.58315,-0.524,-0.37199,-0.539,-0.102,-0.91,0.064,-0.61488,0.222,-0.496,0.548,-0.307
1,1,0.0,1.133,0.478,0.659,0.87,0.651,0.855,0.21592,0.674,-0.072,0.77,-0.47202,0.98,-0.868,0.959,-0.501,0.414,-0.581,0.067,-0.46,-0.26173,-0.73969,-0.357,-0.609,-0.928,-0.124,-1.221,0.07810,-0.876,0.234,-1.088,0.59407,-0.687
1,1,0.0,1.099,0.409,0.57,0.541,0.424,0.70677,0.213,0.854,-0.257,0.484,-0.545,0.44,-0.712,0.47744,-0.74725,0.11,-0.616,-0.059,-0.507,-0.173,-0.365,-0.786,-0.375,-0.394,-0.008,-0.511,0.148,-0.64428,0.43100,-0.51206,0.577,-0.189
1,1,0.0,1.432,-0.016,0.746,-0.031,1.166,-0.092,0.98720,0.011,0.886,-0.025,1.184,-0.073,1.381,-0.041,0.993,-0.09532,0.881,-0.077,1.329,-0.05252,0.997,-0.093,0.748,-0.052,0.96653,-0.12912,0.508,-0.119,1.184,-0.214,0.572,-0.18800
1,0.792,0.0,1.102,-0.01531,0.957,0.008,1.315,-0.022,0.565,-0.006,1.061,-0.023,0.787,-0.021,1.241,-0.029,0.95465,-0.046,0.95230,-0.029,0.606,-0.02179,0.92815,-0.04417,0.999,-0.049,0.92695,-0.087,1.03,-0.075,0.738,-0.095,1.253,-0.091
1,1,0.0,0.97032,-0.167,1.278,-0.003,0.96575,-0.149,0.98630,0.11,1.354,0.003,0.6,-0.059,1.146,-0.002,0.86758,-0.046,0.97032,-0.151,1,0.104,1.13,-0.053,0.876,0.09,0.499,-0.078,0.99,-0.152,0.475,-0.087,0.557,-0.187
1,1,0.0,0.457,-0.018,0.94915,0.075,0.52542,-0.248,0.285,-0.025,0.713,-0.13559,0.841,0.208,0.654,-0.35593,0.709,0.011,0.58,0.03390,0.603,0.352,0.511,0.029,0.352,0.094,0.661,-0.002,0.508,-0.03390,1.217,-0.174,0.954,-0.061
1,0.515,0.0,0.231,-0.133,0.44444,0.25,0.207,0.241,0.41667,0.075,0.581,-0.106,0.54911,-0.049,0.58333,0.379,0.782,0.019,0.356,-0.191,0.548,-0.071,0.567,-0.02778,0.379,0.047,0.465,-0.11,0.29,-0.147,0.207,-0.159,0.08333,-0.5
1,1,0.0,0.375,1.015,1.402,0.62,0.579,0.551,0.278,0.283,0.211,0.77,0.185,1,-0.17416,0.979,-0.386,0.531,-0.61382,0.886,-0.52674,0.47,-0.843,0.607,-0.645,0.264,-0.523,0.108,-0.654,-0.096,-1,-0.586,-0.786,-0.65557
1,0.541,0,0.825,0.491,0.742,0.54301,0.54916,0.542,0.35,0.716,0.155,0.94749,-0.09818,1.061,-0.345,0.915,-0.66,0.549,-0.804,0.954,-0.655,0.24956,-1.084,0.021,-1.471,-0.237,-0.727,-0.429,-0.471,-0.19185,-0.269,-0.335,-0.142,-0.712
1,1.223,0.0,0.83789,0.312,0.386,0.297,0.604,1.013,0.16470,0.82732,-0.098,1.08,-0.527,0.78497,-0.679,0.494,-0.969,0.229,-1.124,0.03,-0.828,-0.298,-0.47412,-0.569,-0.494,-0.893,-0.052,-0.634,0.185,-0.45911,0.357,-0.322,0.48319,-0.2
1,0.742,0.0,1.067,0.37,0.693,0.65640,0.58,0.794,0.211,1.225,-0.254,1.434,-0.56535,1.215,-1.18,0.797,-0.93104,0.213,-0.93641,-0.06418,-1.232,-0.405,-0.356,-0.43,-0.256,-0.872,-0.059,-1.071,0.151,-0.85762,0.466,-0.398,0.971,-0.44173
1,0.71,0.0,0.499,0.36924,0.71976,0.79,0.204,0.94078,-0.159,0.566,-0.304,1.333,-0.899,0.494,-0.92145,0.238,-0.991,0.114,-0.697,0.031,-0.66431,-0.66278,-0.612,-1.0,-0.116,-0.886,0.288,-0.684,0.484,-0.674,0.714,-0.46048,0.678,-0.143
1,0.716,0.0,0.716,0.218,1,-0.065,1.106,0.017,0.98,-0.12352,1.235,-0.018,0.549,-0.019,0.8,-0.073,1,-0.043,0.506,0.05900,0.576,-0.093,0.779,-0.036,1,-0.248,0.557,-0.081,1,0.101,1,-0.18,1.275,-0.102
1,1.468,0,0.679,-0.002,1.079,-0.145,0.94982,-0.004,0.968,-0.402,0.602,0.09,0.821,-0.205,0.99264,-0.036,1.197,-0.15518,1.154,0.714,0.721,-0.131,0.798,-0.08495,0.85741,-0.013,0.81,-0.024,1.008,-0.024,0.649,-0.024,0.774,-0.02039
1,0.563,0,0.79378,0.326,0.893,0.52312,0.597,0.418,0.198,0.762,-0.126,1.059,-0.42911,0.564,-0.57165,0.377,-0.75436,0.174,-0.5,-0.094,-0.398,-0.343,-0.434,-0.214,-0.125,-0.52540,0.011,-0.653,0.148,-0.368,0.205,-0.335,0.286,-0.096
1,1.375,0.0,0.88085,0.462,0.599,0.65128,0.475,0.715,0.054,0.90842,-0.2,1.05,-0.407,0.69590,-0.77106,0.406,-0.767,0.094,-0.429,-0.346,-0.349,-0.573,-0.525,-0.35,-0.11147,-0.676,0.204,-0.407,0.529,-0.625,0.789,-0.444,0.62765,-0.071
1,1.387,0.0,0.863,0.57,0.829,0.521,0.432,1.211,-0.046,1.045,-0.439,0.84605,-0.77660,0.334,-0.92819,0.332,-0.767,-0.15315,-0.41,-0.536,-0.497,-0.97,-0.117,-0.883,0.275,-0.839,0.763,-0.879,1.082,-0.40656,0.83142,-0.052,0.726,0.27926
1,1,0.0,0.681,-0.146,1.285,-0.20253,1.155,-0.10127,0.588,0.013,1.245,0.067,0.92405,0.045,0.84810,-0.031,0.867,-0.482,0.581,-0.018,0.93671,0.035,1.339,0.314,0.569,-0.367,0.823,-0.05540,0.898,-0.071,0.659,0.038,0.573,-0.027
1,1,0.0,0.997,0.009,0.849,0.01659,0.736,0.03,0.546,0.017,0.354,0.08,1.133,0.039,0.704,0.074,0.363,0.174,0.534,0.045,0.71285,0.043,0.576,0.091,0.66387,0.08403,0.419,0.109,0.583,0.019,0.623,0.08757,0.599,0.08891
1,1.17,0.0,0.744,0.016,0.917,0.02,1.076,0.028,0.898,0.114,0.792,0.11370,1.174,0.04320,1.225,0.065,1.26,0.02842,0.95866,0,0.909,0.071,1.235,0.1,0.83721,0.077,0.634,0.128,0.68,0.08786,1.171,0.096,0.889,0.115
1,1,0.0,1.093,-0.017,1.267,-0.005,1,-0.018,1.329,-0.009,0.937,-0.036,1,-0.024,0.567,-0.044,1.185,-0.026,0.565,-0.025,1,-0.03881,1.32,-0.074,0.869,-0.039,0.742,-0.07,0.57,-0.06304,0.869,-0.09,1.075,-0.06668
1,1,0.0,0.893,-0.034,0.776,0.074,1.124,0.009,0.57,0.036,0.506,-0.014,0.94059,-0.013,0.764,0.03366,0.731,0,1.188,0.011,0.567,0.00792,0.961,-0.019,0.503,0.022,0.585,0.012,1.314,0.00198,0.682,0.042,0.86733,0.03
1,1,0.0,0.783,0.011,0.85,-0.012,0.90071,0.00709,0.862,0.064,0.877,0.023,1.402,0.011,0.982,0.052,1,-0.024,0.89716,-0.032,0.451,0.06,0.592,0.107,1.182,0.061,1.196,0.03247,0.532,0.022,0.816,0.014,0.536,0.02128
1,1.241,0.0,0.39394,-0.291,0.918,0.019,0.512,0.09091,0.781,0.09091,0.269,-0.21212,0.702,0.152,0.202,0.0,0.64,0.039,0.743,0.03030,0.631,0.254,0.197,-0.15152,0.649,0.05929,0.543,0.081,0.473,-0.029,0.276,0.065,0.279,0.153
1,1,0.0,1.143,0.488,0.75,0.82,0.484,0.83049,0.054,0.85893,-0.34,0.86121,-0.628,0.67577,-0.562,0.254,-0.658,0.055,-1.02,-0.13652,-0.49488,-0.252,-0.167,-0.541,-0.019,-0.521,0.102,-0.694,0.411,-0.518,0.554,-0.236,0.366,0.013
1,0.763,0.0,0.529,0.386,0.609,0.378,0.218,1.066,-0.026,0.529,-0.245,0.84414,-0.82,0.62078,-0.82680,0.328,-0.901,-0.052,-0.858,-0.257,-0.414,-0.605,-0.135,-0.549,0.06911,-1.026,0.33531,-0.749,0.403,-0.42086,0.457,-0.161,0.816,0.08660
1,1.016,0.0,0.555,0.463,0.53,0.452,0.228,1.124,-0.15,0.97820,-0.723,0.908,-0.469,0.436,-1.437,0.207,-0.93001,-0.298,-0.75,-0.59379,-0.329,-1.04,-0.029,-0.93788,0.233,-0.685,0.885,-0.61959,0.859,-0.305,0.88654,0.109,1.098,0.46301
1,1,0,0.948,1.048,0.542,0.072,0.175,0.701,-0.146,0.93596,-0.322,0.527,-0.87192,0.278,-0.517,-0.057,-0.38916,-0.345,-0.281,-0.436,-0.034,-0.939,0.222,-0.233,1.026,-0.577,0.606,-0.06831,1,0.999,0.268,0.003,0.102,0.836
1,0.591,0,0.983,0.331,0.255,0.435,0.07,0.375,-0.402,0.562,-0.45455,0.256,-0.57576,0.0,-0.843,-0.087,-0.29,-0.454,-0.072,-1.11,0.636,-0.343,0.57576,-0.42424,1.142,-0.584,0.615,0.12331,0.8,0.842,0.149,0.311,0.094,0.33333
1,0.577,0,1.314,0.0,1.02,-0.027,0.93598,-0.012,0.925,0.01,0.90244,0.024,0.722,0.008,1.255,0.003,1,0.035,0.94207,-0.015,1.275,0.029,1.198,0.06,0.556,0.049,0.68,0.019,0.804,0.00915,1.424,0.05488,0.818,-0.01
1,1.168,0.0,0.82624,0.058,0.729,-0.08,1.018,-0.01773,0.92908,0.014,1.19,0.1,1.371,-0.009,1.28,0,0.894,0.222,0.95035,-0.004,0.626,0.008,0.927,0.094,0.91135,0.112,0.859,0.107,0.77660,0.094,0.548,0.193,1.039,0.0
1,1,0.0,0.711,0.10638,0.591,0.01,0.853,0.018,1.046,-0.017,0.898,0.10638,0.803,0.036,0.562,0.036,0.803,0.07801,1.366,0.06,0.883,0.04743,0.84931,0.034,0.908,0.144,0.527,0.06014,0.636,-0.024,0.987,0.091,0.861,0.054
1,1,0.0,0.87578,0.043,1.001,0.004,0.855,0.00510,0.571,0.0,0.789,0.049,1.084,0.013,0.713,0.012,0.595,-0.052,0.542,0.02,0.873,0.013,0.777,0.011,0.927,-0.051,0.82111,0.016,0.831,0.08696,0.80757,0.014,0.416,0.02441
1,1,0.0,0.97513,0.006,1.034,0.022,1.235,0.028,0.678,0.015,0.838,0.02309,0.702,0.045,1,0.043,0.97869,0.021,0.714,0.029,1.246,0.065,1.181,0.031,0.901,0.028,0.941,0.06477,0.602,0.089,0.891,0.034,0.814,0.09947
1,1,0.0,1,0.01,0.619,0.009,0.879,0.02,0.79,-0.012,0.631,-0.003,0.691,0.027,0.645,0.006,1.268,0.007,0.873,0.011,0.98011,0.004,1.065,0.019,0.771,-0.00663,0.744,0.01600,1.044,0.015,0.868,0.02099,0.944,0.02762
1,1,0.0,0.977,-0.014,1,0.013,0.585,-0.002,0.756,0.035,0.97763,0.046,0.575,0.019,0.953,0.043,1.378,0.024,1,0.051,1.0,0.133,0.576,0.083,0.798,0.086,1.3,0.077,0.779,0.08501,0.747,0.10067,1.273,0.10067
1,1,0,0.856,0.549,0.681,0.67382,0.502,1.245,0.036,0.93182,-0.35148,0.987,-0.635,0.757,-0.74,0.508,-1.237,-0.008,-1.029,-0.379,-0.266,-0.315,-0.297,-0.887,0.00806,-0.948,0.261,-0.312,0.5,-0.274,0.54209,-0.302,0.49,0.017
1,1.491,0.0,0.594,0.41786,0.642,0.435,0.369,1.054,-0.304,1.374,-0.55483,0.711,-1.101,0.50949,-0.99,0.068,-1.142,-0.31412,-0.754,-0.39,-0.32354,-0.933,0.058,-0.866,0.635,-0.503,0.488,-0.815,0.597,-0.259,0.87893,0.20359,0.444,0.799
1,1.086,0.0,0.486,0.117,0.15970,0.363,0.144,1.034,-0.147,1.098,-0.142,0.309,-0.937,0.186,-0.861,-0.004,-0.288,-0.19909,-0.409,-0.427,-0.075,-0.89991,0.124,-0.329,0.401,-0.253,0.39599,-0.11498,0.31005,0.082,0.267,0.2,0.13376,0.272
1,0.665,0,0.971,0.436,0.291,0.524,0.036,0.85106,-0.396,1.001,-0.637,0.363,-0.84211,0.065,-1.24,-0.174,-0.47032,-1.039,-0.034,-0.437,0.23292,-0.76316,0.84,-0.761,0.74300,-0.211,0.48,0.34,0.566,0.491,0.205,0.578,-0.164,0.876
1,1,0.0,0.189,0.063,0.034,0.128,-0.096,0.413,-0.246,-0.239,-0.355,0.049,-0.68,0.108,-0.131,-0.30534,-0.086,-0.55,0.183,-0.213,0.275,-0.166,0.28626,-0.123,0.21645,0.33,0.036,0.233,-0.03817,0.276,-0.116,0.16794,-0.265,-0.33588
1,0.796,0.0,1.336,0.001,0.832,0.0,0.89,-0.001,0.501,0.025,0.917,0.013,1.059,0.033,1.18,0.02338,0.93929,0.063,0.93552,0.048,0.489,0.067,1,0.07,0.94155,0.095,1.291,0.076,0.95701,0.077,0.98190,0.09,1.036,0.059
1,1,0.0,0.854,-0.082,0.47,0.00231,0.535,-0.01214,0.647,-0.111,0.791,-0.11734,0.742,0.067,0.566,-0.07399,0.759,0.093,0.857,0.082,0.738,-0.016,0.976,-0.052,0.941,-0.028,0.76717,-0.015,0.612,-0.043,0.668,-0.058,1.133,0.01214
1,1,0.0,0.386,-0.13768,0.69387,-0.026,0.982,-0.03574,0.683,-0.06119,0.695,-0.135,0.549,-0.066,0.745,-0.061,0.479,-0.277,0.497,0.04992,0.703,-0.078,0.417,-0.095,0.482,-0.004,0.438,-0.09038,0.503,-0.06,0.282,-0.068,0.319,-0.05
1,1,0.0,0.76046,0.015,0.86335,0.003,0.864,0.004,1.072,0.029,0.904,0.068,0.996,0.008,0.555,0.007,1.222,-0.06974,0.652,0.037,1.134,0.008,0.806,0.016,0.584,-0.00303,1.03,0.01375,0.654,0.006,0.581,0.021,0.89,0.01525
1,0.595,0.0,0.66667,-0.009,1.106,0.073,0.463,0.687,0.686,-0.004,0.723,-0.133,0.431,-0.48907,0.506,0.545,0.584,0.215,0.89,0.102,0.47541,-0.513,0.846,0.00683,0.60656,0.08,0.983,0.17088,0.916,0.097,0.798,0.126,0.134,0.48087
1,1,0.0,0.706,0.083,0.73739,-0.172,0.791,-0.074,0.492,-0.038,0.841,0.13130,1.071,0.049,1.135,-0.099,1.475,-0.028,1.149,0.051,1.245,0.01155,0.544,0.04,1.277,-0.036,0.471,0.001,0.539,0.092,0.86660,-0.10714,0.866,-0.04307
1,1,0,0.934,0.003,0.6,-0.031,0.747,-0.016,0.976,0.019,0.665,0.03281,1.364,0.069,0.969,-0.015,1.1,0.00140,0.834,0.044,0.985,0.08412,0.93124,0.073,0.891,0.019,0.967,0.063,0.691,0.107,0.94066,-0.0,1.161,0.04
1,1,0.0,0.94701,-0.0,1.158,-0.026,0.667,-0.024,1.04,0.02446,1.192,0.014,0.473,0.042,0.631,-0.008,1.204,0.026,1.337,0.01,0.665,0.089,0.45,0.06148,1.01,0.018,0.92489,0.031,1.242,0.023,0.727,0.00442,1.25,-0.00577
1,1.376,0,0.762,-0.018,1.415,-0.01,0.95691,-0.03646,1.096,0.001,0.921,-0.029,0.62,-0.01436,1.207,-0.046,1.331,-0.009,1.028,-0.109,0.88729,0.008,0.92155,-0.016,1.243,-0.013,0.98,-0.086,0.987,-0.141,0.555,-0.053,0.828,-0.16243
1,1,0,1.231,0.19,0.659,-0.035,1.209,0.076,0.88928,-0.104,0.646,0.095,0.873,-0.004,0.498,-0.015,0.535,-0.023,0.992,-0.034,0.81722,-0.061,0.71002,0.06,1.024,-0.15114,0.502,-0.04822,0.796,-0.01,0.719,-0.056,1.16,-0.071
