1,0.622,0.0,1.454,-0.064,0.488,0.023,1.206,-0.37708,0.747,0.033,1.036,-0.259,0.59755,-0.44945,0.717,-0.316,0.578,-0.298,0.657,-0.378,0.692,-0.29674,0.292,-0.259,0.397,-0.268,0.335,-0.634,0.238,-0.234,0.367,-0.54487,0.193,-0.45300
0,0.909,0.0,1.125,-0.242,1.036,-0.393,-0.156,-0.93597,1.025,-0.065,0.391,-0.583,0.195,-0.868,-0.621,-1.249,0.05499,-0.676,0.434,-0.823,-0.13151,-0.611,-0.18056,-0.35734,-0.185,-0.266,-0.109,-0.139,-0.231,-0.059,-0.141,-0.079,-0.154,-0.02447
1,1.126,0.0,0.684,-0.046,1.152,0.005,0.922,-0.132,0.636,0.016,1.085,0.05346,0.85443,0.009,0.765,0.004,0.83775,-0.131,0.75535,-0.096,0.828,-0.231,0.394,-0.071,0.754,-0.40220,0.662,-0.22145,0.303,-0.161,0.327,-0.35,0.737,-0.367
0,1.041,0.0,1.066,-0.414,1.232,1.252,0.459,-0.839,0.0,0.0,0.0,0.0,0.0,0.0,-0.594,0.096,0.769,-0.39330,-1.2,-0.54467,-0.845,1.229,0.0,0,1.271,0.598,0.51613,1.198,0.632,-0.20099,0.275,0.854,-0.32382,0.955
1,0.646,0.0,0.519,-0.028,0.846,0.066,0.582,-0.259,0.51,-0.16399,0.438,-0.20275,0.56409,-0.006,0.34395,-0.295,0.673,-0.183,0.59,-0.147,0.046,-0.443,0.02,-0.319,0.033,-0.463,0.154,-0.53206,0.023,-0.725,-0.055,-0.59573,-0.03,-0.682
0,1,0.0,0.019,-0.003,-0.084,-0.109,-0.00763,-0.11824,0.1,0.09,0.021,-0.079,0.0,0.0,-0.029,-0.106,-0.003,-0.131,-0.114,-0.067,0.013,0.053,0.016,0.006,0.018,-0.02,-0.03240,0.087,-0.087,0.00732,0,0.0,-0.0,0.087
1,0.957,0.0,0.677,-0.093,0.829,-0.222,0.828,-0.329,0.903,-0.27342,1.19,-0.337,0.78225,-0.446,0.714,-0.467,0.461,-0.557,0.338,-0.456,0.231,-0.603,0.181,-1.009,0.22792,-0.81634,0.088,-0.528,0.04606,-1.071,-0.046,-0.475,-0.11,-0.80975
0,0,0.0,0.0,0.0,0.0,0.0,1.3,-0.884,0.0,0.0,-0.756,-1.485,0.0,0.0,0,0.0,0.599,1,-0.968,-1,0.0,0.0,0.0,0.0,1.273,1.018,1,1.189,0.0,0.0,0.953,0.786,0.0,0
1,1.149,0.0,1.431,-0.093,1.302,-0.212,1.4,-0.214,1.121,-0.211,0.92570,-0.648,1.114,-0.442,1.145,-0.306,0.622,-0.508,0.84537,-0.66020,0.709,-0.60589,0.458,-0.559,0.864,-0.889,0.863,-0.913,0.25435,-0.384,0.642,-0.369,0.41,-0.73420
0,0.629,0.0,-0.023,-0.073,0.0,0.0,0,0,0.076,-0.371,-0.57,-0.219,0.0,0.0,-0.353,0.38602,-0.379,0.219,0.619,0.22,0.0,0.0,0,0.0,-0.14803,-0.018,0.222,-0.015,0.0,0.0,0.201,0.147,-0.085,0.38065
1,1.059,0.0,1.482,0.047,1.194,-0.184,0.995,-0.27320,1.157,-0.43107,1.341,-0.364,1.379,-0.707,0.90711,-0.515,1.187,-0.942,0.652,-1.037,0.804,-1.06,0.382,-0.472,0.291,-0.667,0.695,-1.001,0.40303,-0.7,0.318,-1.321,0.22995,-0.89158
0,1,0,1.133,-0.375,1.343,-0.508,1,-0.808,0.651,0.36217,0.711,-0.501,1.047,0.835,0.796,-1.385,1.474,-0.267,0.669,-1.158,1.385,1.46,0.831,0.886,1,-0.272,0.642,-0.939,0.913,-1.253,1,-1.178,0.846,-0.753
1,0.803,0,0.796,-0.175,1,-0.10169,0.902,-0.207,1.213,-0.217,0.921,-0.327,1.432,-0.229,1.101,-0.34412,0.832,-0.367,0.792,-0.3,1.149,-0.577,0.422,-0.481,0.71,-0.457,0.626,-0.647,0.878,-0.752,0.429,-0.64537,0.484,-0.67226
0,1.186,0,1.065,-0.78,1,0.245,1.006,-0.475,0.955,-0.061,1.468,0.197,0.529,0.07772,1.081,-0.129,1,-0.832,0.907,-1.381,0.825,0.108,0.851,0.657,1,-0.22,0.877,0.35924,0.683,-0.727,0.904,0.607,1.445,-0.195
1,1.256,0.0,0.562,0.075,0.746,0.037,0.902,-0.065,0.826,0.13,0.611,0.206,0.854,0.118,1,0.12785,1.134,0.067,1,0.24,1.385,0.485,1,0.517,1.014,0.20033,0.875,0.382,0.95603,0.532,1.264,0.19,0.953,0.673
0,1.102,0,0.547,-0.949,0.852,0.26708,-0.035,-0.602,1.412,-1.288,0.489,-1,0.0,0.0,-1,-0.34265,-0.373,0.046,0.839,-0.56,0.0,0.0,0.0,0.0,-0.142,0.959,0.281,0.28,0.0,0.0,1.454,0.23188,0.0,0.0
1,1,0,1.285,0.06468,0.865,-0.014,1.383,0.037,1.092,0.022,0.99274,0.087,1.275,0.069,1.129,0.06,1.308,0.074,0.781,0.096,1.137,0.1,0.875,0.164,0.754,0.126,0.539,0.13638,0.404,0.091,0.77122,0.152,0.93,0.172
0,0.0,0.0,0.0,0.0,-0.846,-0.898,0.94,1.443,-1,1.37,-1,1.147,1,-1.17,0.732,1,-1.319,-0.606,-1.074,1,1.327,-1.339,-1.073,0.702,-0.956,1.108,0.76,-0.675,-1.137,1.244,-1,-0.565,0.934,-0.818
1,1.121,0.0,0.929,0.02528,0.682,0.047,0.409,0.205,0.048,0.34081,0.657,0.179,0.583,0.098,1.059,0.124,0.58373,0.21,0.107,0.26,0.508,0.303,0.471,0.22625,0.519,0.23724,0.406,0.246,0.334,0.202,0.582,0.209,0.539,0.33036
0,0.0,0.0,1.242,-1.123,0.0,0.0,0.0,0.0,1,1,0.711,-0.71,-0.61,0.556,0.0,0,-1,1.088,1,0.797,-1.266,1.27,0.544,0.41,-1.349,1.449,1,1.313,1.276,-1.166,1.349,0.731,0.672,1.034
1,1,0.0,1.08,-0.006,1.189,-0.05,0.947,-0.093,1.376,-0.093,1,-0.086,1.027,-0.526,1,-0.15616,0.499,-0.405,0.95,-0.498,0.985,-0.488,1.353,-0.394,0.574,-0.413,0.855,-0.213,0.674,-0.489,0.575,-0.40575,0.43,-0.45039
0,0.0,0.0,1,0.895,0.0,0.0,0.0,0.0,-0.843,-1,0.0,0.0,0.0,0.0,-1.456,-1.352,-0.628,-1.42,-1.36,1,-0.704,1.489,0,0.0,0.0,0.0,0.696,-0.619,-0.646,1.018,-1,1.453,-1,0.815
1,1,0,0.742,0.103,1.446,0.059,1.082,0.096,1.026,-0.045,0.556,0.031,1.17,-0.06142,0.501,0.069,0.605,0.00280,0.411,-0.04,0.376,-0.075,0.564,-0.061,0.659,-0.07705,0.681,-0.022,0.54,-0.008,0.421,-0.0,0.52099,-0.002
0,0.0,0.0,-1.129,1,0.0,0.0,0.0,0.0,-1,1.215,1.087,1.114,0.0,0.0,0.0,0,1,-0.758,-1.433,1,0.533,1,0.0,0.0,-1.214,-0.685,1.025,-1.086,1.349,0.566,-0.861,1.431,0.0,0.0
1,0.922,0.0,1,-0.06182,1.283,0.04,0.838,-0.047,1.31,-0.018,1.264,-0.063,0.718,-0.05202,1.235,-0.063,0.473,-0.057,0.641,-0.229,1.065,-0.31558,0.945,-0.365,0.933,-0.488,1.077,-0.265,0.68,-0.271,0.54356,-0.345,0.723,-0.39487
0,1.198,0.0,1,0.711,0.959,-1.041,1,-1,1.314,-1.448,1,-1.007,1,-1.339,0.659,-1.069,0.664,-1.066,0.955,-0.839,0.715,-0.707,0.592,-1.066,0.645,-0.963,1.207,-0.594,1,-1.301,1.239,-0.916,1.421,-1.032
1,0.764,0.0,0.842,-0.105,1.271,-0.17263,0.577,-0.848,0.96,0.61053,1.108,-0.215,0.848,-0.31736,1.101,-0.194,0.576,-0.766,0.08,-1.074,0.90284,0.082,0.394,-0.652,0.463,-0.524,0.63,-0.572,0.329,-1.046,0.474,-0.92128,-0.148,-1
0,0,0.0,-1.15,-0.987,0.0,0,-1,1.443,1.245,-0.393,0.0,0.0,0.0,0.0,0.0,0.0,0.646,-0.939,-0.723,-0.875,0.503,-0.797,0.0,0.0,1,-0.55,-1.273,0.724,-1.001,-0.915,0,0,-1.25,0.603
1,1,0.0,0.635,0.054,1.066,0.189,0.876,-0.13308,0.773,0.64520,1.3,0.434,0.956,0.521,0.793,0.622,0.818,0.82777,1.265,1.224,0.702,0.683,0.744,0.965,0.91624,1,1.036,1.492,0.519,0.566,0.436,0.892,0.432,0.892
0,0.0,0.0,-0.953,-0.854,1.05,0.64,1,-1,-0.977,1,0.566,-0.786,-1.159,-0.957,0.0,0,1.002,0.798,-1.119,-0.703,1.3,-0.795,1.411,-0.818,1,0.585,1.421,-1.018,0.843,-0.598,-0.884,0.619,0.756,-1
1,1,0.0,1.286,-0.14236,1.394,-0.234,0.941,-0.121,0.584,-0.086,0.968,-0.15,1.4,-0.166,1,-0.21975,1.189,-0.525,0.87,-0.585,1.178,-0.356,0.507,-0.777,1.086,-0.708,0.98820,-0.651,1,-0.965,1.494,-1.125,1.054,-0.857
0,1,0.0,0.66,-0.876,1.048,1,0.659,-1.488,0.575,-1.428,1.074,-1.02,1.213,-0.025,0.612,-1,1.424,1.498,1,-1.276,1,1.121,1.476,-0.629,0.0,0.0,1.332,0.667,1,-0.792,0.994,0.92,0.658,1.385
1,1,0.0,0.88208,-0.181,1.253,-0.114,0.804,-0.204,0.858,-0.197,0.961,-0.442,0.85269,-0.376,1.026,-0.416,0.42,-0.458,1.066,-0.483,1.031,-0.353,0.823,-0.531,0.698,-0.424,0.56804,-0.471,0.42,-0.59854,0.47075,-0.844,0.626,-0.341
0,0.711,0,0.476,-0.032,0.411,-0.337,0.594,-0.09473,1.47,-0.085,1.133,-0.102,0.392,1,0.579,-1.482,1.179,-0.116,0.715,-0.258,-0.166,1.388,0.264,0.066,0.65493,-0.143,0.93124,-0.598,0.752,-0.165,0.86,-0.915,-0.29,-1
1,0.97,0.0,1.175,-0.134,0.541,0.384,0.83443,-0.472,1.385,-0.276,0.803,-0.651,1.074,-0.12527,0.532,0.117,1,0.39337,0.846,0.398,0.74,-0.016,0.92599,-1.221,0.625,0.075,0.932,-0.11582,0.88,-0.122,0.879,0.438,1.072,-0.701
0,1.334,0.0,0.595,-0.683,0.873,0.501,1.102,-0.632,0.963,-0.336,0.907,-1,1.125,-1.091,1.363,0.761,0.14,0.768,0.904,0.704,1.468,0.814,1.053,-0.561,1.109,0.85357,1.177,-0.08571,1.138,-0.484,1,0.65268,1.065,0.34732
1,0.681,0.0,1.292,0.00433,1,-0.008,1,-0.03,0.611,-0.08,0.729,-0.073,1,-0.095,0.97261,-0.05,0.54,-0.077,0.805,-0.198,1.034,-0.136,1.028,-0.148,0.972,-0.172,0.779,-0.258,0.729,-0.23,1.059,-0.278,0.735,-0.20766
0,0,0.0,1,1.058,1,-0.58,0.0,0,0.0,0.0,-0.782,-1.017,0.0,0.0,0.0,0.0,-0.602,1.414,0.876,1,-1.288,0.706,-1.049,1.256,1.119,-1.04,1.124,0.692,-1,1.093,1.226,0.884,0.0,0.0
1,1.14,0.0,1.347,0.043,0.898,0.019,1.135,0.051,0.93582,0.013,0.795,0.09,1.328,0.072,1.233,0.07,1.309,0.12722,0.568,0.109,0.816,0.11849,1.01,0.198,0.75755,0.126,0.489,0.13282,0.566,0.164,0.70925,0.156,0.931,0.13
0,1,0.0,0.663,0.026,0.758,0.04861,0.839,0.067,0.572,-0.511,0.91036,0.128,0.834,0.667,1.083,0.152,0.697,0.215,0.675,0.392,0.615,0.187,0.805,0.188,0.54446,0.147,0.543,0.16019,0.368,0.171,0.525,0.189,1.443,1
1,1,0.0,1,0.061,0.715,0.207,0.769,0.21,0.681,0.236,1.003,0.274,0.41,0.674,0.79555,0.694,0.372,0.383,0.646,0.339,0.568,0.631,0.40553,0.805,0.315,0.72082,0.206,0.438,0.182,0.70682,0.093,1.072,0.057,1.023
0,1.425,0.0,-1.274,-1.032,1.123,1.088,0.711,-0.097,0.0,0.0,-1.449,0.731,1.276,1,0.17917,-1.27,-0.849,-0.726,0.08750,-1.132,0.728,-1.034,-1.094,0.88,-0.689,-1.166,1,-0.797,-1.385,-1,0.724,1.313,0.0,0
1,0.71,0,0.764,0.119,0.886,0.16888,0.504,0.17,0.744,0.871,0.835,0.204,0.168,0.42739,0.73,0.665,0.65,0.602,0.31639,0.091,0.406,0.278,0.388,0.55826,0.316,0.778,0.101,0.56605,0.136,0.441,0.04,0.3,0.094,0.603
0,1.365,0.0,-0.654,-0.947,0.815,1.206,1.018,-1.352,1,-0.34,1,0.669,1,-0.513,1,-1.064,0.963,0.206,0.619,-0.646,0.631,-0.028,-0.739,1.409,0.546,0.942,1.332,1,1.137,-0.895,0.714,-0.704,0.843,-1
1,1,0.0,1.406,-0.05785,1.373,-0.141,0.98663,-0.121,1.449,-0.147,0.692,-0.42,1.302,-0.293,1.064,-0.514,0.545,-0.453,0.717,-0.472,0.432,-0.59839,0.382,-0.402,0.786,-0.745,0.603,-1.004,0.631,-0.75353,0.375,-0.762,0.56,-0.83245
0,0.0,0.0,0,0.0,0,0.0,0.0,0.0,1,1.185,1.214,0.512,0.0,0.0,0,0.0,-0.423,-1,-0.523,-1.281,0.0,0.0,0.0,0.0,-0.566,-0.985,-1.202,-1,-1.245,1.117,1.086,0.0,0.0,0.0
1,1,0.0,1,-0.031,0.85,-0.083,0.99601,-0.139,0.702,-0.13,1.297,-0.177,0.661,-0.117,1.364,-0.233,0.83,-0.34400,0.884,-0.39,0.863,-0.267,0.931,-0.347,0.653,-0.42990,1.128,-0.43122,0.834,-0.498,0.641,-0.522,0.837,-0.503
0,1.069,0.0,1.243,-0.017,-1,0.343,-0.388,0.427,0.836,-0.839,1,-0.047,-0.172,-0.00550,-0.617,0.229,0.606,-0.533,1.301,-0.484,-0.366,-0.345,-0.73864,0.342,0.944,-0.46734,0.499,-0.58130,0.963,-0.557,-0.103,0.146,-0.036,0.607
1,1,0.0,1.315,0.006,1.012,-0.03818,1.015,-0.055,0.793,-0.06971,0.738,-0.036,1.204,-0.095,1.12,-0.12790,1.161,-0.117,0.531,-0.161,1.024,-0.218,1.24,-0.266,0.745,-0.15,0.954,-0.177,0.408,-0.23864,0.486,-0.192,0.753,-0.23902
0,0.503,0.0,0.0,0.0,0.93,0.453,0.0,0.0,0.14,-0.646,0,0.0,0.0,0.0,-1.282,-0.22414,-0.403,-0.83297,0.636,0.632,0.0,0.0,0.579,0.196,-0.654,0.357,1.443,-1.25,-1,0.81573,0.0,0.0,0,0.0
1,1.049,0.0,0.534,-0.15,0.43644,0.024,0.741,-0.003,0.797,0.078,0.933,-0.024,0.622,0.54991,0.818,-0.555,0.949,-0.2,0.86676,-0.137,1.111,0.892,0.506,-0.156,0.889,-0.02778,0.787,-0.014,0.919,-0.183,0.84463,-0.178,0.93323,-0.018
0,0,0.0,0.759,0.977,1.159,-1.002,0.0,0,0,0.0,1,1,0.645,1.05,-0.585,-1.411,1.3,-0.884,-0.879,0.756,0.0,0.0,1.066,-0.566,1,-0.747,0.953,0.788,-1.3,-0.703,0.0,0.0,0.0,0.0
1,0.599,0,0.513,0.598,1.485,0.968,0.988,1.441,-0.4,1,-1.13,0.854,-1.273,1.31,-0.507,0.479,-1.302,-0.461,-0.602,-0.483,-1.189,-1,-0.679,-1,1.26,-1.494,1.002,-0.818,1,-1.119,1.018,-0.34686,1.394,0.411
0,1.332,0.0,-0.447,-1.424,-1,1,1.345,0.555,0.035,-1.015,-1.074,-1.456,0.667,0.633,0.816,-1.498,-1.476,0.659,1.248,1.108,1,-0.584,-1.054,-1.02,-0.239,0.941,0.87,-1,-1.213,-1,-0.601,0.66,1.121,0.33611
1,1.03,0.0,1.107,0.094,0.97487,-0.07,0.97165,-0.051,1.425,-0.082,0.94717,0.011,0.841,-0.24,1.002,-0.119,1.455,-0.168,1.028,-0.497,0.765,-0.366,0.90140,-0.29807,0.574,-0.396,1.09,-0.34586,0.915,-0.321,0.912,-0.575,1.017,-0.548
0,1.433,0.0,0.102,-0.155,-0.934,0.995,-0.651,0.508,0.435,0.47173,-0.82143,-0.889,-1.363,-1,-0.587,0.701,-0.02753,0.38,-0.317,-0.291,-0.661,-1.482,-0.872,-0.481,-1.253,0.238,1.449,-0.665,-0.711,-0.465,-0.913,-1.389,-1,0.61458
1,1.213,0.0,0.97,-0.033,0.845,-0.06,1,-0.054,1.496,-0.08799,1.343,0.467,1,-0.065,1.497,-0.201,0.846,0.317,1.047,-0.16,0.764,-0.18949,0.95601,-0.16,1.238,-0.812,0.701,-0.146,0.977,-0.263,0.889,-0.19,0.553,-0.22981
0,0.0,0.0,-1.306,1.363,1,-0.501,-0.879,1,0.0,0.0,1,1,-0.904,-0.154,1.335,0.625,-1,-1.093,1.036,-0.683,-1.072,-1.065,1.102,0.899,1.19,-1.186,1.053,1.177,0.902,1,0.0,0.0,-1.22,-0.939
1,0.635,0,0.562,0.06,0.94525,0.08,0.953,0.109,1.334,-0.011,0.58,0.097,0.839,0.1,1.371,0.076,0.825,0.218,1.051,0.142,0.99695,0.083,1.173,0.16410,1.134,0.245,0.88423,0.201,0.846,0.331,0.78324,0.374,1.238,0.165
0,0.875,0.0,0.184,-1.049,-1,0.746,0.0,0.0,0.0,0.0,-1.014,1.102,0.0,0.0,-0.61354,-0.6,0.485,0.36146,0.589,0.167,0.0,0,-1.414,-0.29,-0.862,0.96250,1.412,1.226,-1.093,0.67708,0.0,0.0,0.0,0.0
1,1.11,0.0,0.706,0.086,1,0.127,1,0.322,0.98602,0.098,0.939,0.244,1.352,0.213,1.243,0.316,0.669,0.394,1.183,0.22,0.71,0.24,0.755,0.343,0.913,0.372,0.68452,0.239,0.841,0.604,0.56791,0.448,0.546,0.50903
0,1,0.0,0.01,-0.405,0.0,0,0,0.0,0.0,0,0.0,0.0,0.0,0.0,0.168,-0.611,0.22813,0.781,1.29,-0.216,0.0,0.0,0.095,-1.133,-0.096,-0.19,0.675,-0.76667,-1.432,0.169,0.0,0.0,0.846,-0.293
1,1,0.0,0.846,0.158,1.31,0.156,1.355,0.244,0.917,0.303,0.516,0.416,1.242,0.666,0.437,0.49225,0.869,0.48311,0.457,0.522,0.56553,0.415,0.478,0.392,0.651,0.518,0.43317,0.86,0.424,0.414,0.397,0.547,0.17,0.78685
0,1,0.0,0.63816,0.733,0.221,-0.811,1.094,0.742,1.271,0.272,-0.66886,1.276,-0.068,0.607,0.015,0.05044,-0.532,-1,0.09,-0.024,0.225,-0.496,-0.943,0.711,0.80921,-1.123,0.939,-0.06,1.024,0.799,0.271,-1.27,1.385,0.731
1,1.266,0.0,1.274,-0.41457,1.166,1.027,1.105,0.101,0.776,-0.12,0.961,0.322,0.459,-0.143,1.425,0.009,1.054,-0.723,0.80025,-0.123,0.49,-0.198,1,-0.12312,0.664,0.116,1.253,-0.058,0.544,-0.215,0.43970,0.19849,0.262,-0.067
0,1,0,1.194,0.116,1,0.2,1.027,-0.843,0.478,0.059,0.815,0.36,1,0.35,1.108,0.378,1.018,0.02672,0.407,-0.377,1,0.645,0.844,0.316,0.588,-0.28,0.631,0.181,0.514,-0.027,1.278,0.286,1.489,0.545
1,1,0,0.511,0.29,1.453,0.024,1.42,0.088,0.895,0.047,0.616,0.33266,1.394,0.045,1.405,0.05,0.602,-0.14,0.704,-0.119,0.869,0.04150,0.685,0.279,1,-0.376,0.96414,-0.013,0.557,0.318,0.874,-0.261,1.087,-0.057
0,0.0,0.0,1.185,-1.461,0.878,-1,0.79,-1.458,1,-1,0.573,1.245,1,1.129,1.035,-1.214,0.747,1.446,1.088,1,0.523,0.985,1.117,-1.433,1.173,-0.512,0.816,-1,1.373,0.458,0.0,0.0,0.827,-0.547
1,0.85,0.0,1.114,0.67784,0.91,0.675,0.522,0.909,0.232,0.825,-0.43872,0.976,-0.859,0.77092,-0.838,0.527,-0.469,-0.541,-1.256,-0.325,-0.389,-1.093,-0.37671,-0.84,0.396,-0.566,0.454,-0.93296,0.198,-1,1.182,-0.353,1.266,0.045
0,1,0.0,1,0.959,1.059,-0.592,0.684,-1.301,0.907,1.322,1.125,1,1.152,1.066,0.703,-1,1.122,0.659,1.168,0.93,0.955,1.229,0.715,1.098,1,1.311,1.401,0.678,0.0,0,0.541,-1.448,1.126,-1.484
1,1.2,0.0,0.594,0.03529,0.839,0.156,1.421,0.332,1.069,0.261,1.166,0.297,1,0.38643,1.066,0.368,1,0.65701,1.207,0.721,1.438,0.61267,0.645,0.396,1.139,0.51,0.82,0.885,0.541,0.513,0.717,0.708,0.856,0.763
0,0.0,0,1.309,-0.836,1,1.169,-0.958,-1.271,1.001,-1,0.0,0,0.0,0.0,-1.282,0.83,0.899,-0.652,1.013,-0.646,-0.834,0.723,0.875,-0.808,1.037,-0.71,1.443,-1.074,-0.603,-1,0.0,0.0,0.915,-1
1,1,0,1.223,0.068,0.96760,0.13,1.302,0.265,0.968,0.313,0.526,0.325,0.905,0.289,0.777,0.58794,0.606,0.767,0.471,0.53,0.681,0.346,0.396,0.76197,0.342,0.74689,0.362,0.532,0.287,1.108,0.17,0.602,0.074,0.688
0,1,0.0,1.036,0.422,0.0,0.0,-0.193,0.623,0.0,0.0,0.0,0.0,0.0,0.0,0.20635,-0.232,0.244,0.19444,0.353,0.989,0.0,0.0,0,0.0,0.466,0.262,0.492,0.575,0.0,0.0,0.0,0,0,0.0
1,0.513,0.0,0.977,0.05070,1.421,0.121,1,0.19498,1.018,0.17,1.189,0.443,0.854,0.451,0.755,0.258,0.701,0.50391,1.058,0.352,0.80644,0.448,0.79578,0.513,0.867,0.956,0.683,0.909,0.736,0.693,0.455,1.012,0.221,0.381
0,0.0,0.0,0.941,1.441,0.0,0.0,1.121,-0.659,1.359,-1.0,0.633,1.108,1,1,1.002,-1,0.601,1.488,1.015,1.4,1.476,-1,-1.086,-1.054,0.658,-0.66,1.302,-1,1.267,1,0.0,0.0,1.332,-1.498
1,0.667,0.0,0.575,0.059,1.086,0.171,0.862,0.161,1,0.257,1.007,0.271,1.284,0.37639,0.91118,0.417,0.933,0.559,0.809,0.505,0.473,0.7,0.70331,0.719,0.652,0.365,0.307,0.762,0.804,0.645,0.399,0.63636,0.254,0.62658
0,0.0,0.0,1.027,1,1.483,-1.389,1,1.194,0.995,0.886,0.999,0.748,1,1,1.471,1.461,0.837,-1.253,-0.934,1.417,-1.341,0.701,-1.482,0.872,0.606,-1.331,1,1.157,-1.449,0.508,-0.587,-1.433,-1.157,1
1,0.651,0.0,0.642,0.167,1.218,0.441,1.133,0.617,1,0.753,0.796,0.669,1,0.88,1,0.623,1.238,1.385,0.509,0.711,0.995,1.385,0.89647,0.97,0.54,1.474,0.38255,1.047,0.09,1.497,-0.205,0.665,-1.093,1
0,0.0,0,0.821,0.939,0.879,-1,0.932,1,-0.768,1.072,0.0,0.0,0.803,0.979,0.0,0.0,0,0.0,-0.625,0.902,-0.796,1.306,0.692,1.102,1.363,-1.125,1,1.19,1.109,1.175,1,-0.845,-1.335,1.22
1,1.445,0.0,0.686,-0.033,0.873,0.569,1.094,0.112,1,0.20280,0.907,-1.081,1.086,-0.601,1,-0.151,0.529,0.052,0.561,-0.638,1.065,-0.343,0.851,-0.832,1.186,-0.395,1.468,-0.713,1,-1.381,1,-0.48,0.826,-0.48252
0,0.0,0,0.839,-1,1.049,1,1.102,1.07,0.746,0.875,0.902,1.084,0.886,-1.44,0.562,-0.953,1.237,1.264,1.124,-1,0.854,1,1.039,1.017,1.014,-1.256,1.134,0.58,1.165,-0.584,1.093,1.111,0.635,-1
1,1.074,0.0,0.912,0.11,0.702,0.232,1.202,0.256,0.84111,0.394,0.475,0.33,0.5,0.474,0.758,0.56476,0.64,0.547,0.51247,0.836,0.39903,0.375,0.484,0.68343,0.3,0.934,0.273,0.744,0.135,0.932,0.019,0.681,-0.04023,0.775
0,0.663,0,0.637,-0.197,1.213,0.235,0.601,0.373,0.243,0.664,1.141,-0.101,0.009,0.44523,0.005,0.561,0.18,0.245,0.096,0.403,0.04325,0.368,-0.001,0.216,-0.042,0.132,-0.04314,0.14481,-0.044,0.146,-0.04585,0.067,-0.045,0.066
1,1.319,0,0.716,-0.03,0.65680,-0.073,1.145,0.02,0.85947,0.029,0.57,0.08728,0.404,0.053,0.809,0.031,0.739,-0.235,0.757,-0.013,0.644,0.093,0.431,-0.251,0.868,0.015,0.447,-0.091,0.53550,-0.21154,0.702,-0.107,0.626,0.033
0,1.032,0.0,0.39179,-0.06343,0.957,0.062,1.094,0.88,0.263,0.163,0.54478,0.123,0.578,-0.752,0.578,0.468,0.534,-0.10448,0.334,-0.152,0.758,0.12,1.227,0.45522,0.344,0.088,0.379,0.14630,0.205,-0.019,0.443,0.138,0.255,0.177
1,1,0.0,0.839,0.057,0.76981,-0.151,0.982,0.044,0.843,-0.04528,0.783,0.008,0.846,-0.152,0.575,-0.02264,0.864,0.063,0.835,-0.067,0.51,-0.246,0.378,-0.131,0.618,-0.119,0.411,-0.074,0.363,0.02264,1.252,0.03774,0.987,0.005
0,1,0.0,0.689,-0.054,0.75,0.025,1.189,0.638,0.957,-0.081,0.513,-0.237,1.041,0.09559,0.827,1.027,0.391,0.184,0.362,0.103,0.511,-0.384,0.98636,-0.578,0.37,0.436,0.399,0.074,0.42273,0.08182,0.497,0.162,1.099,1
1,1,0.0,0.624,-0.014,0.40392,0.0,0.54,0.147,0.253,-0.05882,0.771,0.163,0.46667,0.123,0.723,-0.078,0.551,0.011,0.257,0.0,0.667,0.068,0.537,0.094,0.48,0.005,0.48601,0.102,0.377,0.052,0.279,0.23529,0.602,0.144
0,0.698,0,0.41932,0.123,0.225,0.109,0.272,0.289,-0.023,0.44318,0.066,0.318,-0.104,0.348,-0.158,0.297,0.016,0.232,-0.507,0.155,-0.20028,0.039,-0.128,0.431,-0.105,-0.069,-0.083,-0.058,-0.79,-1,-0.015,-0.051,-0.007,-0.06314
1,1.087,0.0,0.88305,-0.267,1,0.186,1.055,0.165,1.023,0.054,1.013,-0.023,0.85193,0.279,0.441,0.286,0.694,0.445,0.647,0.527,0.597,0.283,1,0.499,0.43,0.58,0.848,0.698,0.687,0.751,0.43026,0.883,0.568,0.54185
0,1.311,0.0,0.929,-0.08580,-0.471,-0.743,-0.053,-0.635,1.066,0.044,1.215,-0.007,-0.18494,0.808,-0.231,-0.56,1.001,-0.149,0.654,-0.205,-0.049,0.712,-0.34128,0.80934,0.78932,-0.042,0.751,-0.284,0.77884,-0.076,-0.199,-0.535,-0.168,-0.674
1,1,0,0.467,-0.239,0.686,0.044,0.484,0.227,0.623,0.118,0.333,0.193,0.384,-0.23043,0.423,0.457,0.38696,-0.39,0.308,-0.349,0.323,0.121,0.656,-0.041,0.31304,-0.127,0.723,-0.056,0.48348,-0.063,0.797,-0.31,0.319,0.11
0,1.001,0,-0.54180,0.123,-0.24,0.73375,0.339,-0.162,0.166,-0.073,0.298,-0.19,0.55,0.057,0.456,-0.15480,0.153,0.345,0.429,0.041,0.50464,0.068,-0.662,-0.515,0.842,0.65635,0.273,-0.51,-0.199,0.067,0.024,0.461,0.585,-0.105
1,0.635,0,0.256,0.127,0.45331,0.092,0.413,-0.005,0.585,0.143,0.757,-0.152,0.392,-0.059,0.457,0.025,0.81664,-0.285,0.42445,-0.058,0.198,0.085,0.204,-0.261,0.26,-0.034,0.497,-0.035,0.251,0.122,0.814,-0.01868,0.382,-0.03226
0,1,0.0,0.49,0.128,0,0.0,0.56541,0.061,0.377,0.635,0.248,0.888,-0.021,0.36,0.189,0.192,-0.034,0.749,-0.462,0.716,-0.058,0.318,-0.494,0.208,-0.91574,0.567,-0.34146,1.147,-0.957,0.74,-1,0.14,0.0,0.0
1,1,0.0,0.719,0.094,0.756,0.486,0.597,0.303,0.599,1.091,0.293,0.571,0.24412,0.654,0.06438,0.752,-0.141,1.218,-0.173,0.476,-0.398,0.839,-0.57135,0.53805,-0.398,0.568,-0.754,0.218,-0.72369,0.085,-0.562,-0.035,-0.661,-0.281
1,1,0.0,1.328,0.248,0.82683,0.659,0.71771,0.58732,0.714,0.492,0.373,1.376,0.104,0.476,-0.13254,0.793,-0.203,1.283,-0.774,1.042,-0.984,0.496,-0.465,0.385,-0.438,0.17849,-0.982,-0.014,-1.234,-0.248,-0.852,-0.293,-0.672,-0.481
0,1,0.0,-1.238,-0.659,0.0,0.0,0.683,-0.78502,0.371,0.288,-1.0,-0.61,0.0,0.0,0.0,0.0,1.249,-0.168,0.363,-0.682,0.97068,-0.658,-1.213,-1,0.596,-0.393,-1,-1,-1.086,-1.02,1.491,-0.575,0.0,0.0
1,1.461,0.0,0.761,0.068,0.79074,0.029,1.156,0.044,0.661,0.124,0.353,0.291,0.662,0.044,0.85,0.073,0.495,-0.105,0.63613,0.0,0.70021,0.095,0.947,0.125,0.831,0.136,0.766,0.13608,0.385,0.17539,0.847,0.218,0.771,0.15114
0,1.343,0.0,0.995,-1.433,0.0,0.0,1.155,-0.907,1.12,0.354,-0.581,-0.94853,0.0,0.0,0,0.0,0.817,-0.941,0.921,-0.454,0.0,0,0.163,-0.692,-0.831,-0.711,-1,-1,1.497,-1.238,1.46,-1.178,0.0,0
1,1,0.0,0.932,0.017,0.804,-0.026,0.748,-0.037,0.846,-0.046,1.083,-0.062,0.801,-0.062,1,-0.15727,1,-0.126,0.98310,-0.095,0.97,-0.242,0.625,-0.19272,0.893,-0.33,0.815,-0.246,1.154,-0.229,0.491,-0.25,0.693,-0.274
0,0.0,0.0,0,0.0,0.0,0.0,0,0.0,0.0,0.0,0.0,0.0,0.0,0,0.0,0.0,0.0,0.0,0.0,0.0,0.0,0,0.0,0.0,0.0,0.0,1.002,-1,0.0,0.0,0.0,0.0,0.0,0
1,0.579,0.0,1.389,-0.062,0.685,-0.127,0.96365,-0.268,0.97026,0.08460,1.16,-0.01124,0.905,-0.337,0.701,-0.417,0.974,-0.13,0.886,-0.264,1.256,-0.259,1.123,-0.586,1.187,-0.157,1.086,-0.442,0.725,-0.128,0.925,-0.31857,0.451,-0.41573
0,0.738,0.0,0.298,-0.316,0.0,0.0,0.929,-1,0.282,0.509,0.64394,0.06439,0.437,-0.618,0.0,0.0,0.583,-0.263,0.351,-0.552,0.0,0.0,0,0.0,0.162,0.092,0.766,-0.213,0.05,-0.486,0.174,-0.70076,0.0,0
1,1,0.0,0.91,-0.49311,1,-0.054,1.201,-0.74,0.686,0.754,0.781,-0.071,0.733,-0.12493,1.378,-0.193,0.529,-0.259,0.957,-0.281,1.112,-0.128,0.807,-0.195,1.407,-0.31,0.687,-0.279,1.02,-0.369,1,-0.545,1.385,-0.44739
0,1,0,0,0.0,0.0,0.0,0.0,0.0,0,0.0,0.315,0.842,0.0,0.0,0.0,0,0.336,-0.56,0.337,-0.917,0.0,0.0,0.0,0.0,0.0,0.0,0.89,0.092,0.0,0.0,0,0.0,0.0,0.0
1,0.942,0.0,1.405,0.008,1.024,-0.114,0.88237,-0.125,1.352,-0.066,0.96484,-0.052,1.116,0.032,0.898,-0.123,0.708,-0.18,0.647,-0.125,0.89876,0.001,0.87836,-0.042,0.61,-0.295,0.87579,-0.094,1.408,-0.225,0.80253,-0.24,0.436,-0.299
0,1,0.0,0.106,0.077,0.0,0.0,0.0,0.0,0.54730,0.673,0.378,0.913,0.0,0.0,0.0,0.0,0.517,-0.746,0.202,-0.956,0,0,0.0,0.0,-0.294,-1,0.535,-0.732,0.548,-0.226,0.0,0.0,0.0,0
1,1.082,0.0,0.968,-0.758,0.703,-0.415,0.89518,-0.595,1.078,-0.51,1.456,-0.271,0.536,-0.882,1.242,-0.57535,1.314,-0.79603,0.85,-1.318,0.913,-1.3,0.70120,-0.74896,0.676,-0.796,0.356,-0.72,0.81020,-1.342,1.434,-1.248,0.193,-1.14
0,1,0.0,0.65909,-0.413,0.0,0.0,0.0,0.0,0.555,0.541,0.96,-0.364,0,0.0,0,0,0.475,-0.315,0.801,-0.78,0.519,-1.02,0.0,0.0,0.0,0.0,0.823,-1.124,-0.087,-0.658,0.0,0.0,0.0,0
1,0.845,0,0.739,0.243,0.923,0.559,0.55,0.55785,0.531,0.73,0.5,0.81533,0.134,0.85671,-0.057,0.79,-0.193,0.762,-0.434,0.65747,-0.292,0.428,-0.60230,0.33,-0.485,0.383,-0.935,0.075,-0.383,-0.092,-0.313,-0.201,-0.279,-0.181
0,0.757,0.0,0.484,-0.681,0.0,0.0,0.916,-1.058,0.90000,0.92,0.516,0.938,0.0,0.0,0.0,0.0,0.802,-0.29000,0.72,-0.946,0.0,0.0,0.0,0,0.303,0.932,1,0.134,0.0,0,0.0,0,0.0,0.0
1,1,0.0,0.729,0.279,0.567,0.39,0.663,0.789,0.284,0.84222,0.363,0.505,0.117,1.018,-0.29,0.91404,-0.34168,0.386,-0.422,0.582,-0.736,0.381,-0.987,0.404,-0.538,0.037,-0.38,-0.062,-0.794,-0.179,-0.714,-0.44505,-0.37432,-0.686
0,0.763,0.0,0.843,1.073,-0.91,0.649,-0.39466,0.55735,0.067,0.409,-0.175,-0.099,-0.032,-0.045,0.007,-0.03403,0.01108,-0.007,0.00342,0.001,0.001,0.0,-0.0,0.0,-0.00003,0.0,-0.0,0.0,0.0,0.0,0.0,0.0,0.0,0.0
1,1,0,0.32,-0.126,0.406,0.079,0.176,0.135,0.146,0.051,0.559,0.02,0.405,-0.064,0.326,-0.044,0.309,-0.153,0.402,0.04762,0.456,0.0,0.276,-0.09,0.381,-0.029,0.283,-0.02290,0.125,0.0,0.232,-0.017,0.14694,-0.01877
0,1,0,1.044,-0.183,1.247,0.038,0.699,-0.011,0.65574,0.015,0.507,-0.043,0.377,0.0,0.788,-0.16393,0.19672,-0.14754,0.56,-0.141,0.887,0.049,1.282,-0.288,0.256,-0.461,0.437,-0.127,0.191,-0.049,0.144,-0.24,0.502,-0.046
1,1,0.0,1.432,0,0.88627,0.041,1.286,0.037,1.004,0.0,0.613,0.066,0.638,0.08436,0.461,0.082,0.323,0.18,0.942,0.09,0.931,0.175,0.672,0.138,0.881,0.22727,0.884,0.15088,0.908,0.025,0.665,0.166,0.784,0.255
0,0.774,0,0.278,0.305,-0.429,0.125,-0.16628,-1.016,0.838,0.016,0.82143,0.607,-0.649,0.359,-0.383,-0.779,0.615,0.15476,0.279,0.055,-0.501,0.472,-0.452,-0.252,0.389,0.703,0.673,0.336,0.447,0.297,-0.347,-0.29915,0.239,-0.55837
1,1.288,0.0,0.86889,-0.046,0.59,-0.019,0.612,-0.067,0.553,0.003,0.45,-0.062,1,-0.055,0.866,-0.139,0.701,0.05333,0.512,-0.045,1.061,-0.099,1.138,-0.125,1.1,0.045,0.681,-0.14162,0.82222,-0.175,0.641,-0.095,0.917,-0.44222
0,0.879,0.0,0.542,-0.07,0.357,-0.14545,0.158,-0.67273,0.349,-0.032,0.29091,-0.05455,0.292,0.303,0.292,-0.448,0.259,-0.025,0.221,0.061,0.103,0.247,0.624,0.16364,0.294,0.184,0.47,-0.07027,0.387,-0.03,0.153,-0.334,0.156,-0.232
1,1.271,0.0,1.158,-0.92453,1.143,0.75472,0.49057,-0.03,0.648,0.0,0.894,-0.0,0.655,0.051,0.514,-0.081,0.98878,-0.001,0.536,0.0,0.524,0.065,0.894,-0.001,1.354,0.668,0.948,-0.001,0.509,-0.563,0.89,0.43396,0.43396,-0.166
0,1.254,0.0,0.833,0.859,-0.976,-0.163,0.33333,-0.085,0.45238,-0.114,-0.809,0.161,0.366,0,0.2,-0.088,-0.561,0.51163,0.324,0.022,0.39,0.04762,0.148,-0.219,-0.644,-0.089,0.24889,-0.271,0.554,0.0,-0.889,-0.067,0.334,0.021
1,1,0.0,0.442,0.053,0.789,-0.075,0.565,0.0,0.342,-0.074,0.47917,0.0,0.352,0.068,0.516,0.02083,0.383,-0.308,0.223,-0.301,0.281,0.065,0.149,0.2,0.234,-0.18750,0.438,-0.07,0.485,-0.111,0.796,-0.31250,0.36,-0.06250
0,1,0.0,0.938,1.082,0.0,0.0,0.0,0,0.0,0.0,0.676,-1.195,-0.34,0.341,-1.128,0.276,0.64662,0.641,0.0,0,0.0,0,0.621,0.169,-0.644,-0.974,1.212,-1.412,1,1.166,0.0,0.0,0.0,0.0
1,1.038,0.0,1.164,0.059,1.129,0.189,0.90996,0.281,1.26,-0.408,0.883,0.584,0.982,0.175,0.407,0.411,0.383,0.40844,0.584,0.506,0.347,0.262,0.555,0.264,0.552,0.228,0.186,0.303,0.90330,0.506,0.23405,0.39620,0.107,0.37191
0,1,0.0,0.601,0.416,1.1,1.011,1.064,0.887,1.235,-0.069,0.758,0.041,0.95824,-0.633,0.704,0.79,1.022,-0.05206,0.734,0.18135,1.301,-0.73,0.633,-1.037,0.36,-0.195,1.002,0.233,0.614,0.462,0.782,0.744,0.81979,0.68822
1,0.531,0.0,1.321,0.071,1.385,-0.026,0.836,0.024,0.707,-0.09,0.984,-0.02,0.671,-0.03096,1.469,-0.071,1,-0.036,0.733,0.018,0.818,-0.071,0.97889,-0.035,0.673,-0.19,0.95677,-0.071,0.468,0.017,1.407,-0.10797,0.918,-0.06888
0,1,0.0,0.0,0.0,-0.33672,0.85388,0.0,0.0,0.68869,-1.465,0.634,0.31385,-0.203,-0.45,-0.269,0.601,0.94,0.09,0.0,0.0,0,0.0,-0.201,-1.281,0.0,0.0,0.835,-0.818,0.0,0.0,0.024,0.839,0.0,0.0
1,1.47,0,1.342,0.009,0.591,0.006,1.098,-0.007,0.871,-0.02844,1.216,-0.033,1.309,-0.014,1.407,-0.036,0.754,-0.006,0.98485,0.0,1,-0.017,1.321,-0.029,1.302,-0.046,1.08,-0.03473,0.985,-0.018,1.088,-0.022,0.98420,-0.027
0,0.685,0.0,0,0.0,0.98919,-0.185,0.101,-0.071,0,0.0,0.973,0.073,1.199,-0.166,1,0.07027,1.11,-0.132,0.0,0.0,1,-0.217,1.401,-0.313,0.0,0.0,1.215,-0.099,0.0,0.0,0.586,-0.354,0.176,-0.12
1,1.248,0.0,0.64122,0.01403,0.373,-0.024,0.568,0.026,0.199,0.143,0.563,0.045,0.21951,0.067,0.214,0.0,0.481,0.0,0.225,0.07317,0.355,0.126,0.134,0.083,0.295,0.136,0.19304,0.035,0.169,0.051,0.216,0.0,0.113,0.07317
0,1,0.0,1.3,1,0.861,-0.636,0.0,0.0,0,0.0,0.707,1.222,0.764,-1.02,1,1.242,0.801,-0.657,0.0,0.0,0.0,0.0,1.222,-0.27778,0,0.0,1.239,-0.632,1.028,0.78,1.166,-1.197,0.0,0.0
1,1.489,0.0,0.184,0.106,0.397,0.14,0.40816,0.288,0.337,0.428,0.207,0.803,0.167,0.334,0,0.65,-0.06122,0.55102,-0.167,0.504,-0.154,0.44898,-0.287,0.403,-0.409,0.218,-0.691,0.175,-0.501,0.151,-0.265,0.0,-0.26531,-0.167
0,1,0.0,0.0,0.0,1.152,-1,0.0,0.0,0,0.0,0.883,1,1.141,-0.256,0.649,0.26,1.142,-1.465,0.0,0.0,0.0,0.0,1.216,0.968,0.0,0,0.804,-1.003,0.0,0.0,1.371,-0.92,0.0,0
1,1,0.0,0.89706,0.38235,1.088,0.284,0.703,0.373,0.563,0.666,0.114,1.16,-0.026,0.993,-0.214,0.82353,-0.233,0.346,-0.693,0.253,-0.674,0.287,-0.917,0.093,-0.74265,-0.17,-0.516,-0.319,-0.286,-0.42647,-0.322,-0.675,-0.244,-0.591
0,1,0.0,-0.588,0.408,0.209,0.197,-0.41,-0.81,-0.404,0.975,-1,1,-0.65,0.216,-0.865,-0.027,-0.98039,-0.799,-0.301,-0.274,-0.038,-1.157,0.955,-0.94118,-1.223,-0.454,0.722,0.072,-0.679,0.052,0.235,0.023,-0.371,-0.48241
1,1.337,0.0,0.201,-0.129,0.737,0.0,0.254,-0.08,0.471,0.144,0.597,0.01667,0.71667,0.116,0.873,-0.061,0.577,0.214,0.344,-0.018,0.436,0.17,0.70000,0,0.159,0.161,0.46214,0.081,0.487,0.043,0.688,0.037,0.569,-0.05000
0,1,0.0,-0.137,0.535,-0.285,0.086,-0.124,-0.04444,0.071,-0.059,0.029,0.014,-0.007,0.017,-0.008,-0.001,-0.00093,-0.009,0.004,-0.002,0.001,0.003,-0.001,0.00102,-0.001,-0.001,0.0,-0.00043,0.0,0.0,0.0,0.0,-0.0,0.00002
1,0.901,0.0,1,-0.525,0.888,0.29730,0.576,-0.145,0.86486,0.193,0.893,-0.14,0.362,0.0,0.62162,-0.046,0.229,-0.21622,0.71833,-0.091,0.823,0.071,1.046,0.111,0.522,-0.371,0.796,-0.331,0.712,-0.332,0.916,-0.6,0.658,-0.328
0,1,0,0.889,-0.053,-1.212,-0.365,-1.182,-0.016,1.069,0.011,0.902,-0.011,-1.169,0.116,-1.459,-0.005,0.934,-0.03516,1.202,-0.014,-1.314,0.094,-0.748,0.34766,0.95703,-0.005,0.71,0.151,0.525,-0.088,-1.499,-0.18750,-1.257,-0.421
1,1.197,0.0,0.95202,0.014,1.333,-0.01,1.064,0.009,0.96705,-0.022,0.84,0.004,0.923,-0.019,0.648,-0.00405,0.62,-0.014,0.99769,0.017,0.731,-0.038,0.629,-0.014,0.632,-0.027,0.518,-0.015,0.934,0.01908,0.822,-0.033,0.95838,0.008
0,1.124,0.0,1.201,-0.05529,0.607,-0.535,0.5,-0.088,0.471,-0.195,0.897,-0.226,0.084,-0.153,1.009,-0.242,0.804,-0.482,1,-0.491,0.0,-0.19,1.071,-0.276,0.582,-0.27778,1,-0.35,1.061,-0.358,1.119,-0.63156,0.611,-0.535
1,0.54,0.0,0.271,-0.089,0.215,-0.10345,0.20690,-0.077,0.066,-0.039,0.038,-0.02,0.015,-0.024,0.006,-0.021,0.003,-0.012,0.001,-0.00523,-0.0,-0.00299,-0.00028,-0.002,-0.00031,-0.001,-0.0,-0.0,-0.0,-0.0,-0.0,-0.0,-0.0,-0.0
0,1,0,0.333,-0.098,0.402,0.0,0.541,-0.115,0.708,-0.11765,0.818,-0.166,0.801,-0.183,0.829,-0.069,0.789,-0.16,0.603,-0.21569,0.496,-0.164,0.626,-0.125,0.45098,-0.242,0.358,-0.147,0.441,-0.46,0.541,-0.21569,0.529,-0.336
1,1,0.0,0.25000,0.212,0.445,0.358,0.149,0.279,0.07766,0.285,0.009,0.199,-0.028,0.134,-0.026,0.081,-0.022,0.03,-0.021,0.016,-0.033,0.004,-0.023,-0.00273,-0.011,-0.007,-0.005,-0.00586,-0.003,-0.00520,-0.001,-0.004,0.0,-0.002
0,0.965,0.0,-0.382,0.144,0.06250,0.0,0.0,0.06250,0.413,0.06250,0.227,0.0,-0.023,0.101,0.06250,0.0,0.15625,-0.079,0.597,-0.4,0.0,-0.082,0.0,0.0,0.018,-0.46875,0.043,0.0,-0.606,0.025,-0.032,0.0,0.0,0.091
1,1,0.0,1.178,-0.013,0.517,-0.018,0.612,-0.038,1.276,-0.01,0.943,-0.035,1.027,0.122,1.257,-0.033,0.805,0.047,1.335,-0.00541,0.816,0.079,0.541,0.064,0.551,0.09189,0.98556,0.009,0.898,-0.03243,0.506,0.017,0.938,-0.07027
0,0.649,0.0,0.895,0.05426,1.187,0.101,1,0.766,1.281,-0.011,0.83721,0.03876,1.362,0.27153,1.484,0.579,0.81395,0.059,0.884,0.104,1.26,0.549,1.328,-0.981,0.628,0.04,0.625,0.719,0.624,0.07,0.918,1.283,0.573,1.256
1,1,0.0,0.922,-0.012,1.486,0.059,0.994,0.01604,0.637,0.007,0.93583,-0.021,0.729,0,0.531,0.045,1.47,0.038,0.91444,0.033,0.96791,0.014,0.953,-0.012,1.03,0.044,1.246,0.063,0.451,0.011,1.209,0.09,0.497,0.072
0,0.76,0.0,-0.196,0.421,0.211,0.055,0.353,0.218,0.48,0.35000,0.362,-0.34617,0.078,0.339,-0.09500,0.193,-0.072,0.301,-0.471,0.166,-0.657,-0.083,0.254,0.444,-0.803,-0.291,0.32190,-0.196,-0.307,0.206,-0.27104,-0.31228,0.547,0.025
1,1,0,0.483,0.022,0.859,0.06667,0.561,0.094,0.762,0.0,0.63333,0.0,0.80000,0.0,0.893,0.0,0.754,0.101,0.519,0.094,0.441,-0.028,0.542,0.0,0.836,0.119,0.334,0.144,0.534,0.07,0.60000,0.224,0.379,0.231
0,1.089,0,0.061,-0.011,0.051,0.006,0.0,-0.011,0.008,-0.024,0.012,-0.092,-0.008,0.05307,0.077,-0.05,0,0.056,-0.074,0.062,-0.045,0.028,0.038,-0.008,0.005,0.005,0.078,-0.006,0.022,-0.00279,0.066,0.0,0.04749,-0.03352
1,1,0.0,0.94653,0.373,0.906,0.513,0.389,1.14,0.017,0.96,-0.229,0.527,-0.326,0.56079,-0.497,0.296,-0.607,0.07208,-0.714,-0.186,-0.281,-0.435,-0.322,-0.766,-0.027,-0.852,0.12,-0.56420,0.523,-0.307,0.459,-0.213,0.697,-0.05980
0,0.96,0.0,0.044,0.02,-0.022,0.067,0.017,0.068,-0.08,0.00862,0.018,-0.071,-0.039,0.054,-0.112,-0.035,-0.092,0.08046,-0.034,0.053,0.025,0.02299,-0.03736,-0.009,0.02,-0.005,0.005,0.01724,0.029,0.01149,0.026,0.017,-0.056,-0.007
1,1,0.0,0.384,-0.01084,0.79704,0.011,0.933,0.003,0.65,0.009,1.065,-0.00985,0.83350,0.025,0.569,0.02,0.458,-0.007,0.796,-0.015,0.499,0.041,0.528,0.037,0.692,-0.008,1.015,0.004,1.027,-0.026,1.235,0.02956,0.647,0.01
0,1.152,0.0,0.04,0.018,0.002,0.0,0.013,-0.01997,0.02140,-0.05,-0.055,-0.015,0.013,-0.033,0.0,-0.027,-0.04708,-0.02853,-0.014,0.022,0.02140,0.006,0.043,-0.033,0.037,0.022,0.027,0.019,0.025,0.00713,-0.035,-0.016,-0.014,0.022
1,1,0.0,0.526,0.242,0.252,0.208,0.248,0.36,0.016,0.516,-0.02116,0.704,-0.409,0.172,-0.41270,0.299,-0.51587,0.06878,-0.5,-0.071,-0.171,-0.11,-0.18,-0.403,-0.175,0.002,0.031,-0.379,0.145,-0.289,0.235,-0.332,0.251,0.056
0,1.45,0,0.106,0.007,0.159,-0.021,0.147,-0.108,0.12586,-0.032,0.288,-0.012,0.114,0.085,0.093,-0.13501,0.295,-0.038,0.25,0.101,0.113,0.0,0.082,-0.00229,0.08,-0.085,0.046,0.01373,0.098,-0.085,0.05,-0.057,0.11670,-0.065
1,1.474,0.0,1.287,0.262,0.5,0.648,0.137,0.77514,-0.28,0.803,-0.478,0.385,-0.76051,0.0,-0.62706,-0.31079,-0.317,-0.62157,-0.177,-0.953,0.381,-0.885,0.978,-0.408,0.966,-0.041,0.632,0.258,0.267,0.755,0.02742,0.814,-0.262,0.65
0,1,0.0,0.01975,0.00705,0.061,-0.006,0.02116,0.009,0.012,0.049,0.003,0.002,0.012,-0.032,-0.021,0.067,-0.026,0.02,-0.031,-0.002,0.031,-0.02539,0.024,0.0,0.0,-0.01269,0.01,-0.007,0.007,-0.014,-0.023,-0.025,0.004,0.0
1,1.144,0.0,0.442,0.001,1.222,-0.029,0.791,-0.058,1.117,0.081,0.86258,0.071,1.16,-0.06124,0.407,0.052,0.585,-0.048,0.83570,-0.19,0.86,0.01,1.102,0.03,0.664,-0.017,0.82383,-0.037,0.88125,-0.08,0.44,-0.01942,0.647,-0.118
0,1,0.0,1.182,-1,0.888,0.94,-1.05,1,1,-1.324,1.369,-1.494,-1.459,-1.255,-1.224,1.332,1.442,0.802,1.304,1.009,-0.98,1.095,0.804,-1.1,1.257,-1.382,1,1.499,0.709,1,-1.099,1.212,-1.169,0.865
1,0.632,0.0,0.688,0.508,0.38887,0.742,0.059,0.917,-0.404,1.062,-0.444,0.49980,-0.708,0.136,-0.525,-0.165,-0.516,-0.428,-0.098,-1.145,0.28444,-0.693,0.919,-0.35230,0.779,-0.225,0.467,0.278,0.206,0.441,0.19667,0.413,-0.097,0.64933
0,0.607,0,0.539,0.641,1,0.491,0.814,-0.88,0.697,1.071,0.015,0.019,0.758,1.288,0.0,0,0.504,-0.897,1,0.879,1,0.582,0.192,1.201,1.144,0.796,0.811,1.138,0.63,1.061,-1.171,0.917,0,0.0
1,0.856,0.0,1,0.572,0.705,1.004,0.01,0.716,-0.45,1.067,-0.923,0.851,-0.865,0.162,-0.838,-0.33333,-0.44,-0.376,-0.128,-0.748,0.35294,-0.864,0.738,-0.733,0.92157,-0.241,0.92874,0.25,0.583,0.735,0.263,0.938,-0.119,0.90196
0,1.254,0.0,0.0,0.0,-1.271,-0.7,-1,1,0,0.0,-1.354,1,1.226,1.441,0.554,-0.836,0.0,0.0,0.0,0.0,-0.533,-0.54,-0.939,0.894,0.843,0.549,1,-0.684,0.0,0.0,-1.436,-1,-1.015,1.028
1,1.427,0.0,0.384,0.593,0.53695,1.091,-0.283,0.595,-0.29,0.791,-1,0.454,-1.283,-0.089,-1.315,-0.118,-0.786,-0.77778,0.782,-1.348,-0.244,-0.735,0.786,-0.229,0.33333,0.0,0.918,0.543,0.496,1.134,0.296,1,-0.365,1
0,0.0,0.0,0,0.0,0.0,0,0.0,0.0,0.0,0.0,0.0,0.0,0.0,0.0,0.0,0.0,0,0,0.0,0.0,0.0,0.0,0,0.0,0,0.0,0.974,0.0,0.0,0.0,0.0,0.0,0.0,0.0
1,0.582,0.0,1.484,0.0,1.083,0,0.331,0.297,0.489,0.0,0.683,0.12094,0.455,0.14210,0.532,0.16228,0.75000,0.241,0.635,0.258,0.38,0.0,1.257,-0.303,0.296,0.671,0.616,0.17,0.703,0.294,0.723,0.411,0.349,0.30293
0,0.0,0.0,-0.953,0.573,1.256,1.258,0.0,0.0,0.541,-1,1.206,-0.981,1,-1.469,-0.701,-0.649,0.0,0.0,-1.484,-1.26,0.0,0.0,0.0,0.0,-1.223,-0.816,0.891,-1,1.364,1.187,-1,-1,0.0,0
1,1,0,1,0.0,1.407,0,0.444,0.056,0.766,-0.081,0.472,-0.102,1,-0.22222,0.767,0.0,0.644,0.0,0.994,-0.078,0.4,-0.099,0.657,-0.081,0.519,0.0,1.092,-0.057,0.975,0.076,1.321,-0.069,1.321,0.0
0,0.0,0,0.0,0.0,0,0.0,0.0,0.0,0.0,0.0,0.0,0.0,-1.127,-1,0.0,0.0,0.957,0.41,0.0,0.0,0.0,0.0,-1.214,1.465,0.0,0.0,1.112,-0.781,-1,-1.352,1.469,0.529,0,0
1,1,0.0,0.842,0.639,1.344,-0.297,0.654,0.116,1.015,-0.099,1.234,0.0,0.942,-0.228,1,-0.18182,1.321,0.074,1.356,0,1,-0.283,1.218,0.073,0.89,-0.046,1.251,-0.037,0.598,0.405,1.413,-0.27273,0.688,-0.202
0,1,0.0,0.63,-0.936,0.0,0.0,0.0,0.0,0.348,0.31,0.466,0.24,-0.043,0.535,0.251,0.293,-0.798,0.248,0.17,-0.111,0.01894,-0.53409,-0.304,0.17803,0.206,-0.316,0.25758,-0.34,0.328,0.362,0.238,-0.031,0.179,-0.41667
1,0.709,0.0,1.383,0.069,1.043,0.23529,1,0.41176,0.828,0.031,0.763,0.156,0.655,0.154,0.732,0.466,1.383,-0.048,1.199,-0.081,1.314,0.491,0.954,0.376,1,-0.131,0.746,0.20225,0.996,0.037,1.423,0.199,0.711,0.23529
0,1,0,0.0,0.0,-1.456,-0.9,1,0.566,0.104,-0.23404,-1.242,-0.485,0.121,-0.737,0.764,-1.169,0.0,0.0,0.47,-0.049,-0.37,1.078,0.17021,-0.772,0.0,0.0,-0.154,-0.453,-0.318,-0.451,0.635,0.978,-0.67553,0.567
1,1,0.0,0.91667,0.234,0.42,-0.09,0.54,0.255,0.628,-0.048,0.602,0.04167,1.084,0.159,0.479,0.0,0.72,0.04,0.636,0.086,0.925,-0.08333,0.397,0.204,0.794,-0.153,0.592,0.029,1.166,0.284,0.70833,0,0.728,0.033
0,0.856,0.0,0.186,-0.134,0.0,0.0,0.0,0,0,0,0.0,0.0,0.163,-0.19071,0.0,0.0,0.0,0.0,0.0,0.0,0.0,0.0,-0.043,-0.076,0.113,0.08974,0.257,-0.137,0.084,0.09615,0.025,-0.055,0.138,0.111
1,1.363,0.0,1,-0.072,0.623,-0.069,1.185,-0.29802,0.712,-0.371,0.915,-0.417,0.735,-0.504,1.26,-0.466,0.774,-0.613,0.627,-0.762,1.098,-0.588,0.614,-0.515,0.579,-0.96296,0.584,-0.648,0.423,-1.229,0.24117,-0.551,0.29221,-0.89621
0,1,0.0,1.45,1,-0.796,1,-1,-0.647,0.395,0.108,0.569,0.077,0.206,0.047,0.298,0.22,1.015,-0.051,0.3,0.281,0.0,0,-0.391,-0.084,1.386,-0.506,1.154,-0.596,1.321,-0.21,0.365,0.263,1.014,0.07895
1,1,0.0,1.068,0.249,0.99815,0.004,0.773,-0.376,1.158,-0.228,0.534,-0.33,1.016,-0.154,0.546,-0.362,0.496,-0.61189,0.40473,-0.357,0.849,-0.267,0.312,-0.308,0.13,-0.481,0.29208,-0.443,0.081,-0.341,0.194,-0.257,0.186,-0.46603
0,0.0,0.0,-1.217,0.627,1.337,-1.207,0.0,0.0,0.0,0.0,0.825,-1.381,1,1.068,0,0,1.365,-1.482,0.0,0.0,0.0,0,1.32,1.308,-0.757,1.495,1.284,-1,-0.615,0.709,-0.654,-1,0.0,0.0
1,1.491,0.0,1.37,-0.237,0.983,-0.17674,0.778,-0.117,0.475,-0.222,1.05,-0.28909,0.497,-0.295,0.442,-0.49967,0.478,-0.727,0.336,-0.377,0.423,-0.676,0.275,-0.466,0.14750,-0.859,0.125,-0.497,-0.039,-0.54928,-0.009,-0.462,-0.07457,-0.548
0,1,0.0,-0.858,-0.804,-0.745,1,1,-0.705,1.332,0.747,0.0,0.0,0.331,-1.459,1.317,1,0.0,0.0,1,1.494,1.009,0.901,0.0,0.0,-0.71528,0.802,0.199,-1.095,1.212,-1.369,1.007,-1.182,0.337,1.304
1,1,0.0,0.728,0.351,0.272,0.589,0.116,0.81,-0.502,0.539,-0.944,0.381,-0.93882,0.257,-0.91,-0.25527,-0.583,-0.634,-0.236,-0.857,0.103,-0.503,0.488,-0.523,0.74895,-0.147,0.413,0.077,0.64135,0.324,0.346,0.809,-0.00422,0.872
0,1,0.0,0.63,0.539,0.0,0.0,0.614,-0.897,-1,-0.671,0.861,0.681,1.26,-1.138,0.0,0.0,0.796,-1,1,0.611,0.0,0.0,1.288,-0.758,-1,-0.917,0.697,0.971,-1.061,1.196,-1.197,0.582,0.0,0
1,0.543,0.0,0.804,0.32,1,1,0.803,1,-0.33333,0.811,-1.293,0.89,0.0,0.879,-1.071,0.681,-1.04,0.0,-0.864,-0.612,-1.447,-0.92536,-1.377,-0.381,-0.337,-1.004,0.105,-1,1.009,-0.867,0.0,-1.201,1.121,-0.749
0,0.0,0.0,-0.826,1.271,-0.939,-0.533,0.0,0.0,-0.563,0.865,1,-0.991,-1.354,-1.468,-0.54,1.119,0.0,0,-0.554,-0.856,-0.872,1,0.0,0.0,1,-1.441,1.469,0.684,0.775,-1,0.716,1.158,0.0,0
1,1,0.0,1.128,0.071,1.281,0.182,0.595,0.266,1.255,-0.124,1.361,0.526,1,0.689,0.531,0.703,-0.263,0.945,1.254,0.0,1.334,0.77,1,0.864,1.275,0.89,1,1,0.801,0.164,0.87,0.863,1,1.348
0,0.0,0.0,-1.427,-0.843,0.0,0.0,0,0.0,0.0,0.0,0.0,0.0,0.0,0.0,0.698,-0.595,0.0,0.0,-0.715,-1.207,0.0,0,1.315,1.082,1.08,-1,1,-0.504,0,0.0,0.0,0,0.0,0.0
1,1.341,0,0.423,-0.117,0.823,-0.153,-0.116,-0.259,0.173,0.04403,0.449,-0.307,0.29,-0.165,0.023,-0.183,0.20269,-0.37,0.179,-0.187,0.077,-0.319,0.061,-0.136,0.03004,-0.25124,-0.0,-0.213,-0.013,-0.135,-0.035,-0.158,0.019,-0.27201
0,1,0.0,0.0,0.0,0.0,0.0,0.0,0,0.0,0.0,0.541,-0.33333,0.099,0.159,0.0,0.0,0.0,0.0,0.0,0.0,-0.178,-0.237,-0.181,0.519,-1.258,0.491,0.043,0.89,-0.276,-0.701,-0.12500,-0.229,-0.19792,-0.93750
1,1.049,0.0,1,0.076,0.734,0.104,0.96142,0.158,0.853,-0.206,0.651,0.686,0.409,0.25283,0.892,0.2,0.66775,0.391,0.59615,0.387,0.482,0.29200,0.377,0.208,0.58,0.273,0.169,0.339,0.178,0.21,0.172,0.211,0.176,0.191
0,0.531,0.0,0.994,-0.09524,-0.703,-0.735,-0.666,-1,0.687,0.304,0.619,0.595,-1.371,-0.85,-1.407,1,0.347,0.838,1.469,0.998,0.921,-1,-0.684,-1.378,1.149,0.372,1.214,1.127,1.037,0.50794,-0.529,-0.313,-1,0.935
1,0.818,0,0.93669,-0.001,0.75,0.43204,0.635,-0.322,0.829,0.136,0.883,0.081,1.012,0.066,0.771,0.033,1.24,-0.347,0.443,-0.133,1.151,0.368,0.57,-0.03641,1.143,-0.016,1.173,-0.034,1.233,0.12,0.654,-0.113,0.85841,-0.14725
0,1,0.0,0.707,-0.752,0.527,1.088,1,1.47,1.483,-0.377,1,0.658,1.384,1,1.493,1,0.0,0.0,1.009,0.569,0.654,1.113,1.218,-1.321,0.598,1.309,1.356,0.673,0.942,-1.06,-0.817,1,1.365,0.591
1,1,0.0,0.956,0.242,1.31,-0.575,0.691,-0.109,0.535,0.128,1,0.198,0.749,-0.095,1,0.06610,1.164,-0.189,0.47,-0.092,1.386,0.038,1.396,0.107,0.685,-0.008,0.96238,-0.028,1.261,0.032,0.989,-0.165,1.072,-0.11717
0,1,0.0,0.431,-0.852,-1.091,-0.566,-0.083,0.968,0.945,0.95041,1.037,-0.38710,-1.482,-0.495,-0.09677,0.746,0.698,0.308,0.421,-0.262,-0.102,-0.128,-0.161,0.103,0.04,0.061,0.035,-0.01186,-0.005,-0.01672,-0.01,0.001,0.0,0.003
1,1,0.0,0.508,0.299,1.051,-0.16964,1.239,-0.111,1.199,-0.037,0.461,0.166,0.799,0.017,0.694,0.027,1,-0.16,0.919,0.107,1.197,0.002,0.552,0.314,0.53,-0.125,1.034,-0.00394,0.392,0.113,1,-0.143,1,-0.055
0,0.0,0.0,0.0,0.0,0,0.0,0,0,0.0,0,0.0,0.0,0.847,1.233,1.006,1.361,1.414,-1.273,0.0,0.0,1.043,1.141,1.258,-1,0.845,1,0.972,0.0,0.819,0.718,0.762,-0.606,0.0,0.0
1,0.688,0.0,1.116,-0.346,1.444,-0.165,0.94623,-0.421,1.003,-0.30566,0.92736,-0.495,0.879,-0.334,0.75723,-0.58899,0.561,-0.497,0.669,-0.663,0.604,-0.751,0.622,-1.046,0.463,-0.457,0.397,-0.76054,0.386,-0.557,0.143,-0.779,0.085,-0.644
0,0.849,0.0,0,0.0,0.0,0,0.0,0,-1.178,-1,0.0,0.0,1.363,-0.916,0.0,0.0,-0.634,-0.729,-1.304,-0.75,0.511,-0.551,-0.357,-0.529,0.518,0.62,-1.194,-0.219,1.04,-1,0.0,1.331,0.0,0
1,0.785,0.0,0.541,0.072,1.227,-0.09091,0.77273,0.0,0.679,0.0,1.256,0.0,1.036,0.057,0.90909,-0.04,1.051,0,1.391,0.0,0.876,0.053,0.713,0.046,0.578,0.063,0.862,0.036,0.478,0.124,0.86364,-0.132,1.056,0.04545
0,0,0.0,0.0,0,-1.207,1,1.281,1.054,-1,-0.825,0.0,0.0,-1.217,-0.923,-1.278,-0.334,-0.755,-1.287,1.308,-0.915,1.474,-1,0.0,0.0,1.083,-0.709,-0.763,-1,0.0,0.0,1.365,-1.381,0.0,0.0
1,1,0.0,1.351,-0.079,1.203,0.17647,0.942,0.117,0.76,-0.019,1.09,-0.144,0.97059,0.077,0.657,0.023,0.976,0.0,0.854,0.0,0.455,0.147,1.165,0.02941,1.142,0.02941,0.92663,0.027,0.983,-0.074,0.997,0.032,0.748,0.031
0,1.459,0.0,-1.255,1,-0.52,0.199,0.409,0.858,-1.47,1.388,-1,-0.707,1.02,0.888,-1.485,-0.301,0.28301,-0.598,1.009,1,-0.283,-1.369,-1.382,-1.35,1.324,-1,-1.491,-0.025,1.218,-0.515,-1.317,-0.431,0.14939,1.494
1,1,0,0.519,-0.091,1.085,0.021,0.453,0.02,0.649,-0.042,0.643,0.0,0.465,0.075,0.757,0.053,1.059,0.627,1.304,0.042,0.72550,0.089,0.70301,0.062,0.442,0.231,0.464,0.119,0.279,-0.258,0.661,0.075,0.57418,0.09719
0,1,0.0,-0.006,-0.598,0.0,0.0,-0.012,1.196,0.0,0.0,0.0,0.0,0,0.0,0,0.0,0.0,0.0,0.31410,0.648,-0.205,0.846,-0.176,-0.494,0,0.0,-0.792,-0.498,0.0,0.0,0.0,0.0,0,0.0
1,1,0.0,1.124,0.509,0.879,0.335,0.412,0.675,1,-0.072,0.811,0,0.81818,-0.592,0.713,0.275,0.607,-0.389,0.758,-0.339,0.90909,-0.365,0.864,0.041,0.897,-0.09091,0.88,0.095,1.201,0.47,1.377,0.585,0.73,0.312
0,0.0,0.0,-0.872,-1.271,1.011,-0.939,-0.54,0.865,0.0,0.0,1.041,-1,0.543,-0.856,0.0,0.0,0.0,0.0,0.0,0.0,-1.354,0.89,1,-1.015,-1,0.991,0.867,0.826,0.0,0,1.143,0.388,0,0
1,1.334,0.0,0.45455,0.093,0.799,0.124,0.162,0.172,0.895,0.0,0.324,-0.102,0.653,-0.116,0.461,-0.017,0.78,-0.18182,0.45455,0.0,0.434,-0.094,0.27273,0.228,0.193,-0.076,0.34442,-0.009,0.299,0.0,0.36364,0.0,0.348,-0.021
0,1,0.0,-1.207,-0.603,0,0.0,-1.179,0.64516,-0.87097,1,0.0,0.0,0.0,0.0,0.0,0.0,0.0,0.0,0.0,0.0,-1.348,-1.331,0.0,0.0,0.233,0.187,0.876,0.51613,0.0,0.0,0.0,0.0,0.0,0.0
1,1.257,0.0,0.919,0.169,0.882,0.987,0.833,0.573,1,-0.116,1.0,-0.083,0.641,0.035,0.644,0.0,0.321,-0.121,1,0.019,1.212,-0.189,1.002,0,0.28571,-0.309,1.399,0.052,0.965,0.05,1,0.288,1.416,0
0,0.0,0.0,1.484,1.412,1,-1.484,0.612,0.593,1.187,1.341,0.624,0.981,0.652,-0.953,1.083,0.517,1,-1,1,-1.038,1.364,1,0.898,1.223,1.26,-1.178,1,0.511,0.593,0.506,0.563,0.541,0.846,0.701
1,1,0.0,0.799,0.471,0.584,1.207,0.079,1.401,-0.518,1.276,-0.73939,0.815,-0.92099,0.122,-0.535,-0.184,-0.529,-0.63342,-0.187,-0.518,0.198,-0.767,0.532,-0.57430,0.397,-0.369,0.4,0.094,0.52798,0.5,0.345,0.567,-0.085,0.616
0,0.0,0.0,0.729,-1,0.514,0.666,0.733,-0.957,1.407,0.531,0.684,-1,0.986,-0.703,1.209,-1.371,1,1.127,0.85,0.781,1.214,0.508,1,-1,0.761,1.469,0.986,0.828,1.284,0.994,1.02,0.963,1.378,-1
1,1,0.0,0.777,0.027,0.819,0.212,0.86098,0.265,1.145,0.251,1.09,0.589,0.579,0.205,0.534,0.407,0.6,0.283,0.53392,0.541,0.598,0.603,0.39,0.83,0.417,0.749,0.26978,0.438,0.22307,0.684,0.117,0.49124,0.061,0.32
0,0.0,0.0,1.321,0.658,0.759,-0.89,1,-1.077,0.89,1.113,0.0,0.0,1,-0.942,0,0.0,0.0,0.0,0.0,0,-1.218,1,0.778,0.569,0,0.0,1.015,0.654,0.0,0.0,-0.527,-1.309,0.0,0.0
1,1,0.0,0.93537,0.191,0.93716,0.256,0.482,0.292,0.79039,0.39,0.981,0.719,0.65,0.983,0.53,0.508,0.273,1.235,0.278,0.648,0.084,0.897,0.007,0.611,-0.07361,0.567,-0.123,1.079,-0.317,0.868,-0.526,0.663,-0.55,0.55835
0,0,0.0,1.035,-0.746,-0.954,1.091,-1,1.391,0.989,1.423,0.945,1.078,-1,-1.314,-0.685,-1.325,0.817,0.535,0.763,-1.107,-0.968,-1,-0.732,-0.923,0.624,0,1,-1.434,1.383,-1.248,-0.913,0.709,-0.566,1.3
1,1.028,0,0.80627,0.156,0.623,0.196,0.668,0.19038,0.538,0.29,0.386,0.294,0.153,0.7,0.257,0.46,0.155,0.51877,-0.122,0.671,-0.03462,0.412,-0.068,0.481,-0.213,0.599,-0.268,0.518,-0.279,0.41,-0.213,0.186,-0.168,0.31154
0,0.0,0.0,1.361,-1.258,0.823,1.3,0.762,-0.819,0.657,0.504,0.684,-1,1.222,0.718,1,-1,0.972,-0.606,1.483,0.847,0.571,1.233,1.006,-0.953,1,-0.53,0.541,-1.358,1.489,0.677,1,-0.519,0.669,1
1,1,0.0,1.428,0.151,1.359,0.122,1.217,0.183,1.047,0.263,0.533,0.45217,0.638,0.451,0.591,0.706,0.828,0.66893,0.348,0.786,0.495,0.68159,0.356,0.789,0.306,0.869,0.204,0.78541,0.084,0.659,-0.03,0.535,-0.067,0.74242
0,0.0,0.0,0,0.0,0.757,1,0,0.0,0.857,1.198,0.0,0.0,0.596,-0.916,0.0,0.0,0.0,0,0.0,0,0,0.0,0.0,0.0,0.0,0.0,0.551,-0.94,0.0,0.0,-0.529,0.968,0.0,0.0
1,1.45,0.0,0.92308,0.143,0.753,0.161,0.699,0.268,0.685,0.747,0.373,0.653,0.254,0.817,0.31705,0.888,0.18,0.939,0.058,0.76171,-0.061,0.99,-0.126,0.71327,-0.401,0.593,-0.38798,0.58553,-0.652,0.412,-0.337,0.413,-0.642,0.279
0,0.0,0,0.0,0,0.763,0.501,0.849,1.036,0.0,0.0,0.0,0,-1.381,-1.003,0.0,0.0,-0.636,-1,0.0,0.0,0.0,0.0,1.083,1.217,0.0,0.0,1.287,1.051,0.0,0.0,-1,1.376,0.0,0
1,0.819,0.0,0.912,0.266,0.688,0.891,0.333,0.87892,-0.062,1.012,-0.491,0.436,-0.344,0.483,-0.82960,0.191,-0.459,-0.105,-0.62780,-0.202,-0.287,-0.734,-0.103,-0.503,0.128,-0.61055,0.181,-0.48392,0.28,-0.156,0.623,-0.09461,0.625,0.132
0,0.0,0.0,1.369,-1,1,0.901,1.304,0.976,0.705,1.218,1.485,1.339,1.491,-1.324,0.515,1,1.02,0.52,1,-1.35,1.247,-0.516,0.598,-1.009,1,-1.388,1.02,1,0.82,-0.707,1.47,0.893,0.833,1.317
1,1,0.0,0.974,-0.419,0.80151,0.125,0.459,0.15266,0.657,0.055,1,0.184,0.392,0.4,0.365,0.492,0.624,0.212,0.857,-0.023,0.407,0.638,0.584,0.44,1.038,0.75,0.637,0.414,0.1,1.169,0.35070,0.49721,0.446,0.626
0,0.0,0,0.0,0.0,0,0,0.0,0.0,0.0,0.0,0.0,0,0.0,0.0,0.0,0.0,0.0,0.0,0.0,0.0,0.0,0.0,0.0,0.0,0.0,0.0,0.866,0.539,0.0,0.0,0.0,0.0,0,0
1,1,0.0,0.94649,0.01,0.782,-0.00260,0.98922,0.003,1.026,0.009,0.571,0.031,1.207,0.04719,0.867,0.017,0.75,0.044,0.945,-0.00706,0.666,0.064,0.731,0.075,1.115,0.074,1.09,0.025,1.27,0.006,0.493,0.071,0.611,-0.003
0,0,0,1.041,1.491,-0.865,-1.293,-1,-1,0.0,0,0.0,0.0,-0.535,-1.124,0.0,0.0,0.0,0.0,0.0,0.0,-1.195,1.119,0.919,0.734,0.0,0.0,0.729,-1.04,0.0,0.0,-0.681,-1.136,-1.447,-1
1,0.716,0.0,0.424,-0.095,0.691,0.02,0.827,0.033,0.927,0.016,0.34615,0.04,1.005,0.048,0.885,0.054,0.67023,0.071,0.886,-0.04662,0.466,0.044,0.848,0.07381,0.591,0.262,0.59935,0.069,0.572,0.092,0.371,0.08,0.528,0.09346
0,1,0.0,0.561,1.023,0.577,-0.445,0.414,0.047,0.76087,0.076,0.815,1.053,0.355,0.156,0.826,0.13712,0.93478,-0.136,0.876,0.249,0.947,0.191,0.358,0.77425,1.231,-0.713,0.993,0.302,0.404,0.315,0.908,-0.044,0.56522,0.342
1,1,0.0,0.744,-0.07778,0.663,-0.362,1.374,-0.444,0.916,0.056,0.34,-0.42778,1.393,-0.152,0.955,-0.52,0.49259,0.024,0.82222,-0.036,1.244,-0.146,0.546,0.115,0.641,-0.302,1.039,-0.248,0.959,0.02037,0.692,-0.218,0.808,-0.597
0,0.905,0.0,0.357,0.154,0.354,0.039,0.19,0.281,0.285,0.149,0.104,0.18,0.204,0.545,0.08949,0.22957,-0.04,0.546,0.05058,0.188,0.24903,0.074,0.067,0.178,-0.02494,0.352,-0.037,0.26256,-0.131,0.079,-0.066,0.385,-0.157,0.167
1,1,0,0.696,-0.038,0.866,-0.05357,0.61508,-0.015,0.592,0.05,0.911,0.119,0.491,-0.018,0.803,0.014,0.401,0.026,0.56,0.017,0.47817,-0.036,0.628,0.023,0.298,0.059,0.81,-0.006,0.746,-0.091,0.397,-0.008,0.919,-0.03175
0,0.547,0,0.038,-0.15271,-0.051,0.032,0.088,-0.029,-0.022,0.142,0.046,0.0,0.164,-0.14,0.031,0,0.028,-0.025,-0.088,-0.278,0.06897,0.014,0.06897,0.021,0.068,0.166,0.32,-0.065,-0.062,-0.092,0.051,0.04,0.07389,-0.111
1,1,0.0,0.818,0.157,0.869,-0.036,0.622,0.01,0.505,0.002,0.801,0.186,0.442,-0.002,0.843,0.06600,0.828,-0.112,0.466,-0.09060,0.515,-0.01342,0.745,0.135,0.71253,-0.09508,0.624,-0.024,0.943,0.065,0.818,-0.033,0.934,-0.034
0,1.153,0.0,0.25316,0.219,0.0,0.0,-0.29620,-0.75,0.0,0.0,0.065,-0.092,0.0,0.0,0.0,0.0,0.0,0.0,0.0,0.0,0.00759,0.86,-0.20000,0.2,-0.093,0.278,0.055,-1.143,0,0,0.064,-0.52,0.0,0.0
1,1,0.0,0.911,-0.008,0.674,-0.019,0.94105,-0.018,0.801,-0.093,0.624,-0.10932,0.614,0.009,0.90782,-0.08,0.449,-0.055,0.836,-0.014,0.696,-0.158,0.758,-0.091,0.90139,-0.151,1.193,-0.108,0.61,-0.169,0.569,-0.151,0.91747,-0.201
0,1.419,0.0,0.263,-0.338,0,0.0,0.0,0.0,0.582,0.683,0.58958,0.015,0.0,0.0,0,0,0.186,-0.436,0.709,-0.253,0.0,0.0,0.0,0.0,0.781,-0.40833,-1.364,-0.501,-0.162,-0.86,0.0,0,0.0,0.0
1,1,0.0,0.897,0.02,0.997,0.017,0.604,0.019,0.785,-0.061,0.98,-0.052,0.93040,-0.015,0.853,-0.131,0.86025,-0.05057,0.974,-0.056,0.88418,-0.12126,0.917,-0.096,0.727,-0.127,0.483,-0.115,0.756,-0.139,0.7,-0.119,1.008,-0.102
0,1,0.0,0,0.0,0.75,0.095,0.88444,-0.022,0.0,0.0,0.675,-0.588,0.561,0.222,1.405,-0.032,1.214,-0.49,0.0,0.0,1.303,-0.021,1.496,-0.214,0.0,0.0,1,-1.195,0,0.0,0.559,0.134,1.245,-0.09556
1,0.872,0.0,0.413,0.048,1.259,-0.00143,0.79000,0.01,1.16,-0.04,0.849,0.0,1.237,-0.06714,0.816,0.003,0.821,-0.057,0.838,-0.138,0.733,-0.08429,0.577,-0.059,0.965,-0.036,0.447,-0.125,0.421,-0.127,1.078,-0.034,0.82143,-0.15143
0,0.569,0.0,0.0,0,0.0,0,0.0,0.0,0,0.0,0.0,0,-1,1.326,1,0.367,0.0,0.0,0.0,0.0,0.0,0.0,0.0,0.0,0.0,0.0,1.182,1.331,0.0,0.0,0.0,0.0,0.0,0.0
1,1.326,0.0,0.395,0.022,0.43117,-0.099,0.757,-0.052,0.398,0.125,0.572,0.04,0.675,-0.161,0.472,-0.033,0.52727,-0.082,0.768,-0.015,0.255,-0.039,0.57,-0.006,0.59221,0.0,0.561,-0.036,0.548,0.037,0.282,-0.05455,0.58961,-0.08571
0,0,0.0,0.0,0.0,0.0,0,0.0,0.0,0,0.0,0.0,0.0,0.0,0.0,0.0,0.0,0.0,0,0.0,0.0,0.0,0.0,0,0.0,0.0,0.0,0.801,-1.199,0.0,0.0,0.0,0.0,0.0,0
1,0.524,0.0,0.569,0.639,0.591,0.128,0.26,0.983,0.134,0.91180,-0.163,0.89,-0.369,0.524,-0.43820,0.345,-0.308,0.228,-0.441,0.00678,-0.21,-0.092,-0.16178,-0.17,-0.082,-0.15,-0.025,-0.074,0.011,-0.044,0.02224,-0.028,0.024,-0.02017
0,1.029,0.0,0.0,0.0,0.0,0.0,1.082,1,-1.433,-1.379,0.0,0.0,1,-0.124,0.0,0.0,0.0,0.0,-0.502,0.879,1.463,1.47,1.151,-1,0.0,0.0,1.314,-0.94,0,0.0,0.0,0.0,1,1
1,1,0,0.507,0.38027,0.728,0.489,0.288,0.904,-0.02,1.079,-0.595,0.79346,-0.525,0.508,-0.897,0.338,-0.681,-0.168,-0.711,-0.192,-0.384,-0.782,-0.097,-0.70762,0.15552,-0.948,0.255,-0.512,0.713,-0.391,0.569,-0.073,0.475,0.143
0,0.6,0.0,0.0,0.0,0.0,0.0,0,0.0,-1.342,1.314,0,0.0,0.605,0.37333,-0.065,-0.154,0.0,0.0,-0.711,-0.827,0.0,0,1.044,-1.492,0.0,0.0,1.249,0.323,0.0,0.0,0.0,0,0.0,0
1,0.926,0.0,1.105,0.43491,0.785,0.564,0.127,1.081,-0.246,0.659,-0.62526,1.0,-0.452,0.378,-0.761,-0.039,-0.77356,-0.614,-0.366,-1.002,-0.094,-0.979,0.36,-0.77570,0.413,-0.357,0.72147,-0.194,0.766,0.119,0.385,0.564,0.261,0.57656
1,0.676,0,0.265,0.018,0.15236,0.303,0.14919,0.811,-0.283,0.967,-0.072,0.203,-0.606,0.248,-1.23,-0.041,-0.13117,-0.198,-0.30315,-0.282,-0.105,-0.89,0.023,-0.155,0.415,-0.044,0.477,-0.084,0.355,-0.11409,0.205,0.09,0.139,0.119
1,0.826,0.0,0.603,0.585,0.523,0.78579,0.09,0.968,-0.377,1.124,-0.752,0.59564,-1.179,0.319,-0.982,-0.24164,-0.89,-0.61894,-0.172,-1.196,0.079,-1.245,0.26,-0.701,0.52,-0.263,0.83008,0.121,0.66592,0.351,0.274,0.51,-0.048,1.151
1,0.706,0.0,0.62335,-0.043,0.336,0.005,0.785,-0.07461,0.369,0.005,0.525,-0.099,0.392,0.089,0.833,-0.105,0.751,0.071,0.4,0.0,0.58965,0.15,0.642,0.029,0.65945,0.187,0.407,0.015,0.289,0.064,0.61733,-0.005,0.557,-0.09146
1,1,0.0,0.74449,-0.029,0.69,0.048,0.663,0.089,0.907,0.039,0.597,0.347,0.696,0.004,0.441,0.245,1.361,0.06066,0.664,0.052,0.544,0.04228,0.389,-0.25000,0.484,-0.13,0.61727,0.093,0.39,0.12,0.677,0.091,0.862,0.118
1,1,0.0,0.512,0.18923,0.591,0.01780,0.811,0.016,0.65077,-0.152,0.77538,0.066,0.862,0.075,0.64,0.05776,0.563,-0.11,0.572,0.085,0.471,0.096,0.516,0.049,0.46,-0.099,0.562,0.107,0.499,0.236,0.383,0.091,0.625,0.066
1,1,0.0,0.387,0.036,0.447,0.001,1.115,0.002,0.486,0.105,0.652,0.049,0.459,0.003,0.976,0.004,0.809,-0.137,0.879,-0.052,0.88,0.005,0.432,0.012,0.596,-0.063,1.051,0.01096,0.658,0.151,0.66624,0.01190,0.64407,0.01227
1,1,0.0,0.274,0,0.284,0.10435,0.699,0.075,0.46957,-0.032,0.413,-0.129,0.45,0.033,0.253,0.039,0.35652,0.19565,0.54,0.137,0.394,-0.03,0.339,-0.067,0.36,-0.011,0.492,0.05,0.543,0.052,0.317,0.126,0.316,0.234
1,0.824,0,0.79,0.096,0.78129,0.20656,0.448,0.243,0.69320,0.598,0.689,0.53,0.766,0.433,0.313,0.361,0.376,1.01,0.29587,0.836,0.1,0.602,0.028,1.048,-0.098,0.776,-0.062,0.439,-0.18226,0.294,-0.301,0.283,-0.311,0.289
1,1.153,0,0.971,0.06,1.163,0.172,1.002,0.381,0.545,0.528,0.745,0.454,0.56937,0.561,0.55311,0.813,0.272,1.227,0.169,0.79777,0.145,0.616,-0.01,0.997,-0.164,1.083,-0.176,0.899,-0.283,0.413,-0.40291,0.667,-0.356,0.44534
1,1,0.0,0.647,0.102,0.994,0.185,0.858,0.4,0.463,0.539,0.603,0.71016,0.298,0.754,0.251,0.41,0.066,1.045,-0.09159,0.963,-0.20201,0.66926,-0.209,0.603,-0.364,0.683,-0.561,0.487,-0.46,0.142,-0.573,0.224,-0.416,0.05972
1,1.198,0.0,0.741,0.138,0.56,0.377,0.85096,0.626,0.398,0.63842,0.3,1.048,0.712,0.873,0.299,0.641,0.104,0.763,-0.006,0.467,-0.138,0.728,-0.192,0.652,-0.692,0.76482,-0.58563,0.449,-0.614,0.482,-1.041,0.273,-0.81210,0.26092
1,0.832,0.0,0.808,0.159,0.86090,0.387,0.975,0.67,0.545,0.67,0.50376,0.459,0.36100,0.81795,0.233,0.844,0.002,0.879,-0.157,0.847,-0.499,0.76193,-0.39,0.65385,-0.709,0.287,-0.841,0.362,-0.699,0.309,-0.698,0.159,-0.874,0.042
1,1,0.0,0.46,0.142,0.63935,0.28,0.421,0.294,0.15000,0.114,0.077,0.891,-0.101,0.225,0,0.625,-0.179,0.315,-0.56136,0.44,-0.544,0.152,-0.448,0.105,-0.215,-0.04,-0.477,-0.105,-0.272,-0.209,-0.228,-0.24,-0.109,-0.27218
1,0.944,0,0.871,-0.888,0.988,0.55298,0.828,0.04,0.56623,0.11,0.318,0.144,0.584,0.12252,0.325,0.12,0.951,0.42715,0.562,0.109,0.74,0.276,0.781,0.07285,0.674,0.28,0.335,0.38,0.662,0.348,0.468,0.424,0.39,0.315
1,1,0.0,0.922,0.11385,0.357,-0.175,0.81594,0.145,1.043,0.006,0.49,-0.07780,0.573,0.071,0.58634,0.056,0.63,-0.023,0.681,0.094,0.967,0.043,0.361,0.074,0.41,0.402,0.445,0.172,0.201,0.223,0.616,0.182,0.56167,0.13
1,0.795,0.0,1.026,0.041,0.735,-0.024,0.971,-0.036,0.728,-0.06,0.59582,-0.104,0.929,-0.05771,0.701,-0.082,0.343,0.04530,1.065,0.009,0.68,-0.048,0.53430,-0.049,0.485,-0.284,0.48659,-0.101,0.52613,-0.101,0.229,-0.124,0.511,-0.078
1,1,0.0,1.329,0.08013,1.123,-0.006,0.775,-0.004,1.312,-0.023,1,0.018,0.836,-0.02,1.019,-0.012,0.98497,0.013,1.275,-0.049,0.95016,-0.031,0.844,-0.031,0.515,0.026,1.364,-0.016,0.897,-0.067,1.211,-0.036,0.471,-0.03673
1,1,0.0,0.627,-0.151,0.334,-0.149,0.817,-0.416,0.631,0.073,0.208,-0.123,0.605,0.121,0.45361,-0.078,0.467,0.091,0.681,-0.296,0.54639,0.273,0.336,0.08247,0.70619,0.19588,0.683,-0.065,0.091,-0.258,0.433,0.029,0.544,-0.325
1,1.379,0.0,0.597,-0.049,0.504,0.026,0.732,0.181,0.409,-0.00462,0.858,0.042,0.79446,-0.589,0.953,0.54965,0.859,0.092,0.423,0.235,0.651,-0.148,0.738,0.15359,0.927,0.266,0.68775,0.128,0.642,0.08,0.66316,0.142,0.788,0.433
1,1,0,0.507,-0.025,0.61124,0.012,0.343,0.016,0.82,0.032,0.905,-0.006,0.884,-0.054,0.938,0.009,0.289,0.032,0.769,-0.092,0.593,0.14157,0.381,-0.053,0.46517,0.05,0.56588,0.011,0.354,-0.039,0.604,0.09,0.51,-0.085
1,1,0.0,1.018,-0.008,0.66667,-0.063,0.847,-0.059,1.002,0.103,0.404,0.052,0.676,0.098,0.322,-0.019,0.499,-0.023,0.334,-0.079,0.64725,0.09,0.584,0.274,0.513,-0.074,0.337,0.00040,0.413,-0.097,0.49191,-0.106,0.41,-0.05178
1,1,0.0,0.988,0.123,0.77037,0.043,0.798,0.056,0.45,-0.00494,0.836,0.163,0.449,0.027,0.496,0.132,0.518,-0.245,0.59,-0.10864,0.547,0.011,0.347,0.122,0.66667,-0.12840,0.871,-0.034,0.489,0.018,0.436,-0.1,0.476,-0.059
1,1.307,0.0,0.533,-0.028,0.553,0.031,0.604,-0.044,0.666,0.048,0.777,-0.063,0.425,-0.03,0.512,0.07797,0.457,0.062,0.786,-0.016,0.53220,0.01,0.71525,-0.046,0.52881,-0.031,0.6,0.005,0.835,-0.003,0.373,-0.02712,0.341,0.06780
1,1,0.0,0.519,0.069,0.344,0.038,0.34951,0.0,0.387,-0.02427,0.421,0.017,0.468,0.031,0.705,0.004,0.702,-0.148,0.629,0.004,0.255,0.03,0.131,0.279,0.286,-0.165,0.36547,0.03815,0.277,0.101,0.281,0.0,0.447,-0.01942
1,0.627,0.0,0.501,0.024,0.874,0.199,0.83904,0.437,1.107,0.628,0.608,0.443,0.398,0.60179,0.573,0.96,0.214,0.681,0.28379,0.68873,0.068,0.913,0.091,0.599,-0.203,0.392,-0.225,0.586,-0.144,0.332,-0.34717,0.602,-0.435,0.37465
1,1,0.0,0.649,0.211,0.983,0.258,0.893,0.555,0.71760,0.379,0.486,1.076,0.40349,0.645,0.25140,1.037,0.038,1.08,-0.086,0.815,-0.342,0.409,-0.207,0.39,-0.29,0.709,-0.698,0.46040,-0.819,0.283,-0.752,0.262,-0.873,0.02968
1,1.393,0.0,0.715,0.268,0.846,0.695,0.399,0.653,0.509,0.63,0.302,0.713,0.062,0.51,-0.06827,0.89274,-0.389,0.72073,-0.326,0.508,-0.479,0.48120,-0.959,0.186,-0.495,0.15908,-0.504,0.027,-0.404,-0.106,-0.542,-0.259,-0.477,-0.35032
1,0.905,0,0.503,0.166,0.719,0.40803,0.851,0.298,0.502,0.42,0.242,0.835,0.178,1.321,0.062,1.028,-0.24742,1.245,-0.42811,0.75554,-0.613,0.641,-0.371,0.623,-0.592,0.22,-0.432,0.166,-0.402,-0.05,-0.434,-0.17921,-0.473,-0.318
1,1,0.0,1.082,0.28082,1.192,0.612,0.543,0.658,0.208,1.075,0.124,0.623,-0.20015,1.165,-0.584,0.603,-0.707,0.392,-1.07,0.203,-1.157,0.175,-0.857,-0.04284,-0.91,-0.342,-0.725,-0.335,-0.385,-0.61446,-0.349,-0.479,-0.114,-0.71273
1,1,0.0,0.464,0.473,0.886,0.823,0.636,0.94353,-0.026,0.663,-0.237,0.572,-0.257,0.353,-0.772,0.291,-0.66750,0.065,-0.259,-0.054,-0.81056,-0.051,-0.293,-0.47592,-0.127,-0.282,0.081,-0.284,0.257,-0.455,0.45,-0.30057,0.637,0.132
1,1,0.0,0.26,0.078,0.23308,0.204,0.03,0.387,0.117,0.156,0.047,0.21303,-0.032,0.148,-0.04,0.049,-0.073,0.045,-0.039,0.01,-0.028,-0.00280,-0.032,-0.01176,-0.02,-0.022,-0.013,-0.01475,-0.003,-0.012,0.001,-0.012,0.002,-0.009
1,1.087,0.0,0.58459,-0.362,1,0.244,1.126,-0.006,0.597,0.21,0.679,-0.235,0.34,0.053,0.523,0.19,0.667,-0.56,0.578,0.04511,0.66917,0.249,0.969,-0.368,0.501,-0.029,0.296,-0.081,0.617,-0.168,0.187,-0.12218,0.44767,-0.115
1,0.587,0.0,0.828,0.122,0.72171,0.06059,0.749,0.06,0.189,0.106,0.297,0.159,0.288,0.122,0.536,0.087,0.29352,0.041,0.503,0.144,0.297,0.151,0.241,0.107,0.26436,0.14530,0.118,0.179,0.187,0.16137,0.095,0.107,0.097,0.096
1,0.917,0.0,0.94080,0.178,0.463,0.014,0.75,0.015,1.127,-0.004,0.747,0.16,1.115,0.041,0.812,0.03506,0.74838,0.018,0.768,0.028,0.834,0.053,0.80259,0.029,0.874,0.02220,0.673,0.076,0.775,0.09251,0.479,0.099,0.6,0.08
1,1,0.0,0.87111,0.026,0.79946,0.228,0.555,0.246,0.537,-0.08337,0.714,-0.02028,0.554,-0.234,1.239,0.276,0.579,-0.026,1.256,-0.011,0.954,-0.478,0.859,-0.327,0.65,-0.1,0.85,-0.035,0.722,-0.028,0.767,0.28,0.453,0.09193
1,1,0.0,0.586,0.024,1.043,0.143,0.785,0.138,0.843,-0.111,1.316,0.033,1.465,-0.003,1.116,0.104,0.91482,0.022,0.522,0.02683,0.863,-0.115,1.486,0,0.393,-0.015,0.82271,0.024,0.829,-0.009,0.46,0.11066,0.826,0.015
1,1.442,0.0,0.43,0.22,0.06,-0.18343,0.423,0.012,0.45562,-0.065,0.338,0.01775,0.646,0.27515,0.949,-0.025,0.74,0.161,0.435,0.161,0.46,0.02,0.27,-0.054,0.47929,-0.023,0.538,0.03,0.444,0.372,0.401,-0.099,0.483,-0.00296
1,1,0.0,0.59887,0.084,0.408,-0.168,1.095,-0.144,1.094,0.024,0.597,0.026,0.448,-0.056,0.80791,-0.12,0.306,-0.309,0.89,-0.158,0.426,-0.003,0.185,0.06215,0.56121,-0.263,0.472,-0.214,0.639,-0.02,0.279,-0.31262,0.737,-0.33
1,1,0,1.17,-0.017,1.199,-0.11,0.546,0,0.673,-0.081,0.906,-0.203,0.74947,-0.155,0.823,-0.242,0.893,-0.185,0.61996,-0.054,0.411,-0.087,0.522,-0.048,0.62,-0.285,1.108,-0.187,0.524,-0.22293,0.843,-0.484,0.68,-0.298
1,1.292,0,1.221,-0.107,1.213,0.07337,0.773,0.04076,0.584,-0.025,0.511,-0.034,1.208,-0.129,0.903,-0.00543,0.759,-0.273,0.923,0.029,0.686,-0.076,0.554,-0.336,0.85054,-0.225,0.527,-0.057,0.67,-0.023,1.157,-0.148,0.705,-0.00543
1,1.433,0.0,1.031,-0.116,0.274,0.18,0.738,0.109,0.914,-0.074,0.66798,-0.231,0.582,-0.234,0.73715,0.024,0.743,-0.002,0.505,-0.06,0.415,-0.167,0.958,-0.207,0.983,-0.12,0.652,-0.124,0.644,-0.20949,0.37549,0.06917,0.661,-0.01383
1,1.309,0.0,0.473,0.119,0.702,0.009,0.397,0.101,0.477,-0.166,0.658,0.014,0.889,-0.168,0.957,-0.035,0.59,-0.181,0.682,-0.04656,0.299,-0.196,0.689,-0.13525,0.39,-0.225,0.381,-0.11455,0.59867,-0.017,0.662,-0.11752,0.56319,-0.061
1,0.621,0.0,0.92,0.273,0.711,0.576,0.46,0.341,0.499,0.885,0.091,0.489,-0.26,1.14,-0.254,0.77500,-0.927,0.62210,-0.78768,0.613,-0.81856,0.19095,-1.044,-0.12,-0.671,-0.133,-0.747,-0.302,-0.622,-0.60858,-0.455,-0.613,-0.144,-1.079
1,0.569,0.0,0.744,0.158,0.529,0.55756,0.476,1.038,0.26203,1.103,0.061,0.762,-0.215,0.95130,-0.764,0.857,-0.397,0.713,-1.114,0.219,-1.295,0.081,-1.072,-0.19838,-1.161,-0.388,-0.489,-0.48,-0.618,-1.085,-0.097,-0.93953,0.06,-0.94823
1,1,0.0,1.309,0.393,1.006,0.393,0.422,0.413,0.047,1.047,-0.085,1.155,-0.458,0.561,-0.784,0.32558,-0.526,0.41195,-1,-0.011,-0.78973,-0.277,-1.051,-0.288,-0.631,-0.432,-0.417,-0.81876,-0.023,-0.641,0.223,-0.938,0.001,-0.833
1,1.358,0.0,1.181,0.403,0.638,0.459,0.398,0.817,0.128,0.939,-0.092,1.267,-0.252,0.539,-0.499,0.297,-0.476,0.455,-0.557,0.03939,-0.746,-0.151,-0.425,-0.285,-0.486,-0.74,-0.16950,-0.84,0.092,-0.61488,0.25164,-0.48468,0.289,-0.35339
1,1.231,0.0,0.92870,0.386,0.629,0.62349,0.612,1.148,0.21592,1.296,-0.185,1.25,-0.606,0.83590,-0.449,0.383,-0.846,0.544,-0.91814,0.06,-0.799,-0.187,-0.521,-0.454,-0.682,-0.54,-0.147,-1.248,0.117,-0.87159,0.349,-0.439,0.301,-0.67
1,1.263,0,0.766,0.382,0.65541,0.542,0.34962,0.413,0.247,0.861,-0.18976,1.166,-0.356,0.469,-0.7,0.519,-0.468,0.151,-0.429,-0.028,-0.811,-0.373,-0.655,-0.53463,-0.362,-0.943,-0.018,-0.863,0.115,-0.64428,0.234,-0.344,0.528,-0.273
1,1,0,0.599,-0.021,1.188,-0.041,0.663,-0.062,1.114,0.012,0.768,-0.019,0.846,-0.078,1.385,-0.068,0.97396,-0.09532,0.97264,-0.151,1.365,-0.077,0.712,-0.056,0.77,-0.081,1.225,-0.158,0.489,-0.081,0.504,-0.15755,1.105,-0.173
1,1.22,0.0,0.933,-0.011,0.666,0.008,0.681,-0.008,0.587,-0.006,0.95,-0.031,0.513,-0.009,1.026,-0.03887,1.076,-0.04064,0.843,-0.043,0.546,-0.025,0.92815,-0.036,0.92049,-0.066,0.549,-0.072,0.777,-0.043,0.91991,-0.055,0.92049,-0.069
1,1,0.0,0.97032,-0.129,1.191,-0.00228,1.113,-0.116,1.45,0.271,0.687,0.002,0.93607,-0.113,0.853,-0.003,0.86758,-0.104,0.579,-0.197,1.481,0.118,0.462,-0.029,0.576,0.06849,1.137,-0.137,0.578,-0.221,1.027,-0.092,1.229,-0.281
1,0.865,0.0,0.288,-0.039,1.331,0.084,0.602,-0.129,0.30508,-0.018,0.673,-0.182,0.674,0.28814,0.599,-0.245,0.639,0.022,0.294,0.039,0.429,0.312,0.472,0.05085,0.579,0.108,0.67287,-0.003,0.696,-0.025,0.71,-0.15254,0.628,-0.10169
1,1,0.0,0.374,-0.243,0.302,0.22,0.347,0.188,0.41667,0.199,0.39,-0.117,0.372,-0.075,0.371,0.449,0.646,0.032,0.178,-0.282,0.295,-0.055,0.273,-0.02778,0.458,0.124,0.508,-0.088,0.19444,-0.171,0.535,-0.14809,0.056,-0.5
1,1.262,0.0,0.765,1,0.832,0.372,0.71178,0.80833,0.421,0.555,0.413,1.143,0.21249,0.75,-0.235,0.52,-0.265,1.282,-0.625,1.169,-0.572,0.551,-0.795,0.292,-1,0.405,-1,0.057,-1.097,-0.181,-0.752,-0.379,-0.913,-0.795
1,0.772,0.0,0.511,0.478,0.908,0.319,0.54916,0.567,0.268,0.79,0.133,0.552,-0.102,0.704,-0.272,0.82223,-0.413,0.651,-0.618,0.892,-0.70163,0.176,-0.509,0.022,-0.98988,-0.238,-0.556,-0.32792,-0.458,-0.177,-0.428,-0.60454,-0.223,-0.324
1,1.364,0.0,0.889,0.229,0.965,0.828,0.418,0.78115,0.145,1.01,-0.125,0.86947,-0.418,0.887,-0.59435,0.52070,-1.093,0.154,-0.684,0.058,-0.609,-0.31351,-0.694,-0.264,-0.189,-0.34,-0.061,-0.496,0.153,-0.45911,0.495,-0.241,0.375,-0.207
1,1.084,0.0,1.087,0.292,1.102,0.677,0.496,0.88576,0.128,1.424,-0.122,0.972,-0.705,1.156,-0.768,0.58045,-0.93104,0.25,-0.523,-0.084,-0.87028,-0.405,-0.391,-0.867,-0.221,-0.555,-0.042,-0.735,0.239,-0.85762,0.494,-0.69613,0.815,-0.271
1,1.217,0.0,0.474,0.408,0.71976,0.961,0.255,0.94078,-0.127,0.39,-0.19,0.92453,-0.955,0.44,-1.101,0.42314,-1.014,0.132,-1.384,0.025,-0.66431,-0.698,-0.684,-0.465,-0.143,-0.648,0.229,-0.965,0.732,-0.527,0.352,-0.311,0.76066,-0.15
1,0.599,0.0,1,0.17,0.684,-0.048,0.922,0.02,0.527,-0.12352,1.299,-0.022,0.944,-0.012,1.034,-0.092,0.954,-0.07157,1.326,0.03,0.547,-0.114,1.324,-0.039,0.83,-0.223,1.021,-0.06823,1,0.096,1.254,-0.168,0.679,-0.07439
1,1,0.0,1.229,-0.00155,0.738,-0.13244,1.325,-0.004,1.102,-0.49,0.594,0.107,0.595,-0.153,0.789,-0.028,0.95853,-0.091,0.646,0.748,0.664,-0.16321,1.224,-0.048,0.826,-0.018,1.233,-0.022,1.235,-0.01867,0.791,-0.011,0.931,-0.019
1,0.666,0.0,0.481,0.172,0.64064,0.782,0.573,0.885,0.073,0.83548,-0.16831,0.86,-0.42911,0.747,-0.522,0.328,-1.042,0.122,-0.8,-0.09856,-0.78,-0.304,-0.449,-0.348,-0.184,-0.276,0.01523,-0.619,0.244,-0.46,0.462,-0.269,0.458,-0.112
1,1.391,0,0.706,0.46,0.797,0.65128,0.418,1.16,0.034,0.81,-0.154,0.486,-0.415,0.605,-0.996,0.298,-1.029,0.047,-1.028,-0.307,-0.64579,-0.449,-0.583,-0.68337,-0.087,-0.386,0.181,-0.71504,0.599,-0.693,0.753,-0.501,0.821,-0.13305
1,0.722,0.0,0.89589,0.312,0.66129,0.728,0.361,0.799,-0.04787,0.55,-0.539,0.84605,-0.708,0.39,-0.548,0.158,-0.732,-0.164,-0.807,-0.51,-0.551,-0.434,-0.078,-0.445,0.152,-1.182,0.768,-0.591,0.74846,-0.40656,1.011,-0.069,0.392,0.309
1,1.392,0.0,1.336,-0.24051,1.287,-0.233,0.909,-0.106,0.88608,0.012,1,0.13,1.214,0.068,1.247,-0.042,0.926,-0.456,0.546,-0.008,1.226,0.06329,1.384,0.25316,0.62025,-0.39,1.213,-0.055,1.029,-0.045,0.633,0.017,1.134,-0.036
1,1,0.0,0.74790,0.009,0.714,0.014,0.759,0.017,0.573,0.021,0.746,0.084,0.79093,0.071,0.576,0.05407,0.923,0.098,0.627,0.046,0.967,0.106,0.684,0.102,0.335,0.083,0.758,0.094,0.62,0.01,0.608,0.08757,0.55330,0.082
1,1,0.0,0.85013,0.01,0.902,0.008,0.92046,0.033,0.561,0.101,0.58,0.094,0.964,0.04320,0.645,0.04,1.091,0.02842,1.287,0.0,0.712,0.038,0.88430,0.098,0.52,0.151,0.469,0.115,1.18,0.123,1.043,0.138,1.108,0.122
1,0.926,0.0,1,-0.007,0.824,-0.00343,1,-0.022,1.047,-0.011,1.45,-0.018,1.373,-0.029,0.792,-0.042,0.916,-0.024,0.519,-0.024,0.78,-0.029,1.02,-0.033,1.124,-0.059,1.142,-0.05527,0.99400,-0.047,0.667,-0.048,1.24,-0.06668
1,1.483,0.0,0.723,-0.03168,0.964,0.075,0.621,0.016,0.92871,0.02,0.841,-0.007,0.64,-0.016,0.91881,0.03366,0.543,0.0,1.334,0.011,0.46,0.011,1.264,-0.02,0.928,0.017,1.016,0.016,1.13,0.001,1.142,0.04158,0.908,0.02376
1,1.449,0.0,0.801,0.025,0.841,-0.013,1.347,0.005,1.185,0.047,1,0.023,1.05,0.01,1.251,0.026,1,-0.03191,1.222,-0.035,0.566,0.076,1,0.09220,1.211,0.054,1.372,0.048,1.412,0.034,1.195,0.006,0.659,0.02128
1,1,0.0,0.234,-0.142,0.895,0.016,0.45455,0.057,0.346,0.12,0.181,-0.217,0.327,0.15152,0.523,0.0,0.691,0.061,0.484,0.028,0.399,0.198,0.30303,-0.107,0.376,0.04,0.575,0.078,0.272,-0.034,0.302,0.083,0.39394,0.24242
1,1,0.0,0.992,0.343,1.051,0.498,0.247,0.83049,0.063,0.85893,-0.191,1.046,-0.505,0.621,-0.983,0.259,-1.048,0.08,-0.701,-0.126,-0.647,-0.221,-0.165,-0.659,-0.023,-0.835,0.127,-0.53127,0.176,-0.37088,0.46189,-0.102,0.501,0.022
1,0.717,0,0.545,0.56,0.821,0.954,0.192,0.473,-0.035,0.845,-0.334,0.748,-0.667,0.62078,-0.82680,0.186,-0.609,-0.06,-0.681,-0.4,-0.51778,-0.478,-0.289,-0.73855,0.086,-0.936,0.194,-0.513,0.773,-0.346,0.435,-0.181,0.454,0.08660
1,1,0.0,0.779,0.41113,0.656,0.694,0.345,1.42,-0.198,0.554,-0.31,0.466,-0.496,0.813,-1.022,0.167,-0.953,-0.135,-1.057,-0.785,-0.41546,-1.111,-0.026,-0.93788,0.434,-0.85368,0.817,-0.61959,0.513,-0.141,0.941,0.066,0.908,0.267
1,0.705,0.0,1.209,1,0.36700,0.055,0.094,1.247,-0.151,0.93596,-0.31527,0.26,-1.11,0.379,-0.681,-0.08867,-0.232,-0.32,-0.596,-1.174,-0.063,-0.979,0.27,-0.273,0.73792,-0.349,0.98,-0.057,0.987,1.403,0.331,0.003,0.209,0.69
1,1,0.0,0.517,0.51515,0.45455,0.33333,0.054,0.227,-0.432,0.821,-0.472,0.33,-0.664,0.0,-0.41,-0.128,-0.439,-0.399,-0.062,-0.84848,0.265,-0.835,0.704,-0.5,0.617,-0.39394,0.831,0.184,0.701,0.762,0.298,0.527,0.062,0.212
1,1,0,0.813,0.0,0.577,-0.022,0.953,-0.013,0.694,0.018,0.90244,0.01829,1.082,0.01,0.815,0.004,0.971,0.041,0.845,-0.01220,1.057,0.024,1.366,0.06,0.83,0.044,0.614,0.032,1.062,0.005,0.75,0.041,1.267,-0.01220
1,1,0.0,0.922,0.059,0.79078,-0.103,0.708,-0.01773,0.697,0.011,0.554,0.065,0.94681,-0.006,0.847,0.0,0.965,0.146,1.033,-0.009,0.993,0.007,0.80496,0.065,0.474,0.126,0.461,0.075,0.59,0.043,1.107,0.106,0.715,0
1,1,0.0,0.397,0.084,1.184,0.008,0.449,0.015,0.87234,-0.02,1.009,0.072,1.098,0.043,0.507,0.032,0.701,0.048,1.081,0.052,0.677,0.024,0.84931,0.047,1.045,0.061,0.59,0.049,0.74468,-0.032,1.216,0.06800,0.47,0.07173
1,1,0.0,1.195,0.043,0.811,0.005,1.194,0.006,0.86335,0.0,1.074,0.109,0.769,0.009,0.89,0.017,0.652,-0.063,0.515,0.024,0.84182,0.021,0.886,0.022,0.79503,-0.027,0.788,0.022,1.142,0.08696,0.731,0.02308,0.667,0.016
1,1,0.0,0.544,0.011,0.551,0.027,0.602,0.01954,0.864,0.01599,1.008,0.012,0.97158,0.049,0.601,0.041,0.66,0.025,1.285,0.06,0.97158,0.058,0.792,0.04,0.552,0.04,0.97540,0.064,0.869,0.093,1.473,0.031,0.742,0.078
1,1.479,0.0,1.161,0.006,0.991,0.006,1.373,0.02320,0.939,-0.007,1.316,-0.003,1.004,0.027,1,0.006,0.97569,0.007,1.013,0.009,0.671,0.007,1.406,0.03,1.102,-0.004,0.98033,0.015,1.191,0.017,0.98564,0.02099,1.237,0.024
1,0.664,0.0,1.395,-0.02,0.643,0.021,0.769,-0.003,0.963,0.061,0.97763,0.041,0.56,0.034,1,0.07,1.384,0.03356,1,0.04,1.439,0.08,0.545,0.044,0.686,0.134,1.093,0.084,1.485,0.08501,0.83,0.122,0.555,0.10067
1,1.106,0.0,1.123,0.444,0.399,0.797,0.36,1.089,0.019,1.017,-0.234,1.087,-0.833,0.357,-1.043,0.58,-0.952,-0.00642,-0.69318,-0.32963,-0.553,-0.555,-0.333,-0.398,0.00806,-0.361,0.284,-0.554,0.354,-0.586,0.54209,-0.301,0.493,0.02823
1,1.329,0.0,0.467,0.485,0.64131,0.446,0.272,0.95148,-0.135,1.44,-0.717,0.81191,-1.049,0.642,-0.777,0.121,-0.795,-0.161,-1.02,-0.587,-0.236,-1.068,0.033,-1.0,0.581,-1.205,1.028,-0.55231,0.923,-0.098,0.494,0.20359,0.70555,0.711
1,1,0.0,0.218,0.134,0.15970,0.29308,0.08,0.391,-0.199,0.729,-0.198,0.158,-0.497,0.269,-0.841,-0.003,-0.317,-0.255,-0.373,-0.446,-0.14426,-0.524,0.112,-0.378,0.199,-0.188,0.42,-0.059,0.235,0.05614,0.298,0.129,0.13376,0.311
1,1,0.0,0.579,0.641,0.532,0.802,0.056,0.972,-0.212,1.177,-0.449,0.493,-0.877,0.096,-0.852,-0.299,-0.294,-0.958,-0.04759,-0.621,0.306,-0.76316,0.817,-0.52128,1.025,-0.094,0.535,0.244,0.661,0.639,0.229,0.76764,-0.18533,0.856
1,1.136,0.0,0.19466,0.071,0.059,0.188,-0.079,0.48866,-0.169,-0.107,-0.278,0.06107,-0.54,0.09160,-0.215,-0.436,-0.104,-0.333,0.186,-0.244,0.438,-0.178,0.28626,-0.198,0.3,0.335,0.041,0.31092,-0.042,0.354,-0.168,0.177,-0.152,-0.237
1,1,0.0,0.98002,0.001,0.978,0.0,0.503,-0.001,1.419,0.013,1.316,0.021,1.239,0.017,1.036,0.02338,1.207,0.08,0.93552,0.079,1.285,0.079,0.621,0.06241,0.94155,0.056,0.762,0.044,0.879,0.113,1.226,0.104,1.113,0.052
1,1,0.0,1.007,-0.087,0.80462,0.003,0.498,-0.017,1.088,-0.103,0.901,-0.085,0.7,0.04,0.77,-0.088,0.688,0.071,0.645,0.045,0.86763,-0.027,0.592,-0.079,0.403,-0.02370,0.566,-0.022,1.074,-0.049,0.70058,-0.028,1.101,0.01214
1,1.282,0,0.503,-0.098,0.561,-0.036,0.459,-0.03574,0.409,-0.06119,0.42,-0.066,0.62099,-0.068,0.521,-0.095,0.301,-0.277,0.304,0.038,0.49736,-0.087,0.326,-0.103,0.493,-0.004,0.399,-0.125,0.37,-0.114,0.32232,-0.083,0.393,-0.117
1,1,0.0,1.134,0.01092,0.836,0.002,0.998,0.003,0.866,0.012,1.11,0.144,0.585,0.005,1.144,0.008,0.684,-0.048,0.76531,0.052,0.709,0.007,0.547,0.014,0.77138,-0.002,0.70886,0.015,0.919,0.013,0.435,0.009,0.93,0.01525
1,1,0.0,0.593,-0.02,1.326,0.099,0.49590,0.428,0.711,-0.003,0.862,-0.082,0.204,-0.606,0.503,0.534,0.854,0.179,0.78552,0.076,0.344,-0.282,0.584,0.009,0.866,0.041,0.68656,0.121,1.087,0.065,0.55328,0.303,0.185,0.48087
1,1.142,0.0,0.909,0.101,0.73739,-0.192,0.688,-0.057,0.494,-0.066,0.486,0.087,0.595,0.092,1.105,-0.051,1.263,-0.02101,1.054,0.097,0.805,0.014,0.579,0.041,1.166,-0.04202,0.83479,0.001,1,0.12815,1.154,-0.108,0.747,-0.049
1,1,0.0,0.781,0.00419,0.909,-0.02723,0.86,-0.015,0.938,0.02,0.739,0.03281,1.062,0.045,0.669,-0.02,1.017,0.00140,0.766,0.032,1.174,0.064,0.825,0.072,0.49,0.02,0.846,0.061,1.086,0.07,0.758,-0.0,0.56,0.04712
1,1.484,0.0,1.156,-0.0,0.93207,-0.018,0.568,-0.03431,0.822,0.014,0.944,0.02,0.693,0.039,0.87,-0.019,0.506,0.02004,1.12,0.01393,0.618,0.07677,1.082,0.032,0.501,0.035,0.948,0.014,1.354,0.024,0.548,0.007,0.92697,-0.006
1,0.502,0.0,0.496,-0.017,1.13,-0.017,1.008,-0.034,0.619,0.001,1.034,-0.023,1.077,-0.019,1.29,-0.042,0.544,-0.00884,0.503,-0.12928,0.651,0.01215,0.829,-0.02320,1.166,-0.028,0.614,-0.07760,1.164,-0.147,1.1,-0.045,1.112,-0.16243
1,1,0.0,0.964,0.143,1.096,-0.064,0.76,0.045,1.093,-0.047,0.78,0.041,1.085,-0.004,1.149,-0.011,1.135,-0.04569,0.87170,-0.031,0.582,-0.072,0.71002,0.059,1.019,-0.15114,0.426,-0.031,1.029,-0.005,0.892,-0.075,0.706,-0.06151
