1,1.433,0.0,0.749,-0.068,1.064,0.016,0.669,-0.547,1.123,0.041,0.533,-0.264,0.593,-0.518,0.60536,-0.38223,0.859,-0.38542,0.484,-0.32192,0.444,-0.202,0.225,-0.514,0.565,-0.51171,0.243,-0.313,0.26,-0.331,0.631,-0.373,0.14,-0.405
0,1.116,0.0,1.299,-0.097,1.258,-0.456,-0.124,-0.93597,0.897,-0.033,0.391,-0.608,0.293,-0.671,-0.604,-0.572,0.051,-0.62237,0.359,-0.922,-0.13151,-0.492,-0.216,-0.37,-0.247,-0.26569,-0.20468,-0.133,-0.145,-0.085,-0.125,-0.033,-0.095,-0.032
1,1,0,0.582,-0.033,1.488,0.003,0.54,-0.061,1.066,0.008,0.47,0.042,0.85443,0.004,0.399,0.004,0.663,-0.123,1.105,-0.078,0.412,-0.216,0.343,-0.11,0.469,-0.42,0.579,-0.181,0.596,-0.246,0.60436,-0.164,0.637,-0.38238
0,1.087,0.0,1.084,-0.45161,0.884,1.339,0.951,-1.487,0.0,0.0,0,0.0,0.0,0.0,-0.533,0.127,0.66,-0.548,-0.601,-0.632,-0.595,0.881,0.0,0,0.901,0.755,0.715,0.613,1,-0.219,0.259,1.13,-0.344,1
1,0.675,0,1.303,-0.024,0.94140,0.06531,1.118,-0.174,1.068,-0.083,0.52798,-0.303,0.415,-0.008,0.225,-0.165,0.297,-0.26,0.58,-0.091,0.036,-0.347,0.019,-0.46,0.018,-0.746,0.187,-0.791,0.026,-0.521,-0.052,-0.743,-0.026,-0.65697
0,1,0.0,0.02337,-0.003,-0.052,-0.138,-0.011,-0.112,0.075,0.086,0.038,-0.06302,0.0,0,-0.036,-0.18,-0.005,-0.149,-0.079,-0.052,0.027,0.049,0.01,0.009,0.04,-0.022,-0.019,0.097,-0.083,0.00732,0.0,0.0,-0.0,0.129
1,0.643,0.0,0.541,-0.063,1.259,-0.199,0.913,-0.261,0.734,-0.27342,0.898,-0.47929,0.754,-0.39,1.093,-0.35,0.811,-0.452,0.487,-1.062,0.36324,-0.636,0.423,-0.872,0.224,-0.712,0.13659,-0.749,0.064,-0.565,-0.046,-0.414,-0.13832,-1.213
0,0,0,0.0,0.0,0.0,0.0,1,-0.625,0.0,0.0,-0.595,-1.185,0.0,0.0,0.0,0.0,0.513,0.972,-1.111,-1.266,0.0,0.0,0.0,0.0,0.938,0.601,0.79,1,0.0,0.0,0.897,1.375,0,0.0
1,1.488,0.0,0.836,-0.08,1,-0.215,0.997,-0.315,0.536,-0.184,0.747,-0.44,1.284,-0.40668,0.862,-0.46381,1.295,-0.228,0.827,-0.931,0.562,-0.763,0.501,-0.445,0.718,-0.339,0.598,-0.532,0.25435,-0.63919,0.514,-0.649,0.229,-0.964
0,1.243,0,-0.01864,-0.043,0.0,0.0,0.0,0.0,0.095,-0.26810,-0.611,-0.256,0.0,0.0,-0.337,0.196,-0.387,0.158,0.667,0.211,0.0,0.0,0.0,0.0,-0.14803,-0.019,0.144,-0.015,0.0,0.0,0.227,0.259,-0.08208,0.309
1,1.04,0.0,0.537,0.053,1.388,-0.14,1.05,-0.19,1.281,-0.425,0.808,-0.371,1.301,-0.617,1.014,-0.308,1.12,-0.66474,0.746,-0.744,0.525,-0.76320,0.847,-0.80544,0.55867,-0.602,0.343,-1.053,0.324,-0.555,0.41,-1.265,0.203,-0.89158
0,1.029,0.0,0.6,-0.706,1.15,-1.409,1,-0.781,0.766,0.225,1,-0.377,1.142,0.978,1.406,-0.904,0.708,-0.215,1.062,-0.998,0.537,0.649,0.839,1,0.522,-0.566,1,-0.712,0.735,-0.562,0.537,-0.794,0.934,-1
1,1,0.0,1.336,-0.157,1.107,-0.12,0.769,-0.221,1.127,-0.191,1.01,-0.221,1.01,-0.425,1.199,-0.479,1.256,-0.26,1.256,-0.43383,0.86043,-0.645,0.816,-0.299,0.837,-0.307,0.555,-0.58370,0.514,-0.831,0.7,-0.333,0.67,-0.67226
0,0.919,0,0.986,-1.024,1.419,0.22280,0.728,-0.264,1.378,-0.12090,0.956,0.204,0.562,0.076,1.329,-0.173,0.626,-1.15,0.906,-0.543,0.475,0.159,0.986,0.62349,1.051,-0.087,0.551,0.465,0.584,-0.939,1.248,0.576,0.78,-0.18826
1,0.84,0.0,0.96,0.07380,1,0.03420,0.76,-0.06,1.293,0.059,0.566,0.187,1.126,0.209,1,0.185,0.724,0.1,0.776,0.363,1.338,0.284,0.526,0.55,1.218,0.18,0.801,0.36743,1.11,0.48,1.21,0.349,0.859,0.539
0,0.972,0.0,0.522,-1.251,0.56,0.204,-0.022,-0.619,1.26,-1,0.586,-0.791,0,0,-0.666,-0.242,-0.491,0.025,0.519,-1,0.0,0.0,0.0,0.0,-0.125,1.018,0.231,0.376,0.0,0.0,0.614,0.187,0.0,0
1,1,0.0,1.165,0.089,0.622,-0.009,1.099,0.022,0.795,0.032,0.529,0.07808,0.751,0.063,0.94212,0.069,1.221,0.147,0.982,0.075,1.008,0.14,1.117,0.14442,0.834,0.139,1.062,0.152,0.627,0.085,0.608,0.15930,0.943,0.116
0,0,0,0.0,0.0,-1.001,-0.518,1.41,0.835,-0.846,1.051,-0.863,0.969,1.208,-1.008,0.807,0.738,-0.769,-1.37,-1,0.755,1.423,-1,-1.321,0.621,-0.517,0.749,1.14,-1.192,-0.686,1.008,-0.708,-1.087,1.444,-1
1,1,0.0,0.528,0.037,0.843,0.052,0.345,0.128,0.061,0.226,0.552,0.17,0.738,0.137,0.864,0.095,0.58373,0.189,0.091,0.41224,0.455,0.27,0.298,0.22625,0.45,0.23724,0.584,0.303,0.301,0.339,0.374,0.359,0.609,0.389
0,0,0.0,0.85,-0.774,0.0,0.0,0.0,0.0,1,0.931,0.809,-1.447,-0.514,1.408,0,0,-1.166,0.826,1.204,0.911,-0.606,1.278,1.041,0.821,-1.051,0.673,0.883,0.974,0.987,-1,1.396,1.162,0.788,1.257
1,0.939,0.0,1,-0.006,1,-0.138,0.904,-0.057,1,-0.064,1.395,-0.128,0.8,-0.297,0.667,-0.211,0.781,-0.316,1.212,-0.182,0.91693,-0.599,0.725,-0.504,0.81874,-0.208,0.722,-0.552,0.466,-0.337,0.896,-0.498,0.914,-0.295
0,0,0.0,0.561,1.398,0,0.0,0.0,0.0,-0.668,-0.675,0.0,0.0,0.0,0.0,-1.028,-0.611,-0.503,-1.154,-0.597,1,-0.772,0.683,0.0,0.0,0.0,0,0.768,-0.964,-1.379,1,-1.032,1.366,-1.23,1.133
1,1,0.0,1.027,0.08,1.246,0.058,1.108,0.137,0.82,-0.05144,1.089,0.024,1.049,-0.065,0.87534,0.109,0.903,0.004,1.037,-0.041,0.351,-0.057,0.48,-0.035,0.55677,-0.094,0.453,-0.02,0.706,-0.01251,0.432,-0.0,0.585,-0.001
0,0.0,0.0,-1.144,1.402,0,0.0,0.0,0,-0.649,0.882,0.952,0.707,0.0,0.0,0.0,0.0,0.846,-1,-1.036,1,1.029,0.551,0.0,0.0,-1.197,-1.396,1.01,-1,1.08,0.804,-1.366,0.604,0.0,0.0
1,1.309,0.0,0.686,-0.065,1.067,0.042,1.124,-0.072,0.761,-0.024,0.84,-0.11726,0.84493,-0.032,0.792,-0.084,0.58,-0.056,0.587,-0.278,0.526,-0.44,0.409,-0.428,1.011,-0.317,0.967,-0.29174,0.479,-0.408,0.436,-0.197,0.64207,-0.39487
0,0.719,0.0,1.277,0.629,1.313,-1.449,1.196,-1.077,1.379,-1,1,-1.271,1.055,-1,1.214,-0.686,0.537,-0.936,1.285,-1.307,1,-0.379,1.062,-1.417,1.367,-0.742,1.383,-1,1.285,-1.36,0.969,-0.71,0.74,-0.658
1,1,0.0,0.715,-0.08714,1.437,-0.12,0.765,-0.809,0.775,0.752,0.95473,-0.362,1.175,-0.383,0.87937,-0.172,1.115,-0.449,0.096,-0.726,0.90284,0.142,0.33,-0.46,0.557,-0.448,0.423,-0.792,0.478,-0.851,0.462,-1.015,-0.162,-0.9
0,0,0,-1.383,-0.928,0.0,0.0,-1.189,1.464,1.026,-0.37500,0.0,0.0,0.0,0.0,0.0,0.0,0.916,-0.822,-0.732,-1.082,0.54,-0.787,0.0,0.0,1.216,-0.818,-0.833,1.418,-0.893,-1,0.0,0.0,-1.113,1
1,1,0,1.278,0.075,0.785,0.147,1.185,-0.068,1.171,0.669,0.984,0.697,0.938,0.59113,1,0.70758,1.438,0.439,1.278,0.954,1.128,1.468,1.035,1.481,1.124,0.509,1.042,1.303,0.727,1.246,0.42,1.316,0.583,0.595
0,0.0,0.0,-0.807,-1.009,1.038,0.997,1.072,-1.266,-0.518,1,0.709,-1.315,-0.513,-0.72,0.0,0.0,1,1,-0.601,-0.875,1.178,-0.79,1.01,-1.428,0.625,1.117,0.868,-1,1.046,-1,-0.84,1.497,0.978,-1.375
1,1.243,0.0,1,-0.14236,0.843,-0.083,0.508,-0.321,1.488,-0.076,1.314,-0.262,1.411,-0.275,1.023,-0.183,0.891,-0.252,1,-0.46162,0.693,-0.468,0.509,-0.352,1.259,-0.319,0.633,-0.518,0.536,-0.491,1.14,-0.424,1.021,-0.84437
0,1,0.0,1.388,-1.05,1,0.762,1.217,-0.727,0.822,-1.076,1.04,-1.002,1.417,-0.025,1.19,-1.255,1.281,0.897,0.801,-0.809,1.409,1.068,1,-0.986,0.0,0.0,1,0.697,0.694,-1.124,1,0.779,0.785,0.813
1,1.322,0.0,0.863,-0.206,0.755,-0.089,1.046,-0.16450,0.461,-0.115,1.017,-0.244,0.458,-0.278,0.86,-0.35924,0.729,-0.223,0.404,-0.246,0.646,-0.35,0.525,-0.349,0.61297,-0.48086,0.762,-0.51,0.678,-0.683,0.526,-0.747,0.354,-0.58086
0,1,0.0,0.504,-0.02595,0.269,-0.177,0.98019,-0.062,0.515,-0.10236,0.537,-0.152,0.587,1.127,1.18,-0.562,0.481,-0.111,0.508,-0.394,-0.202,1.12,0.722,0.06,0.691,-0.127,0.949,-0.425,0.678,-0.21901,0.517,-0.638,-0.247,-1.074
1,0.924,0.0,0.652,-0.188,0.695,0.368,1.216,-0.322,0.584,-0.352,1.036,-0.383,1.09,-0.091,1.085,0.187,1.183,0.391,1,0.379,1.132,-0.016,0.839,-0.898,1,0.14803,1.329,-0.089,1,-0.11,0.562,0.51,1.336,-0.57758
0,1,0.0,0.66161,-1.15,0.952,1.378,1.294,-0.658,0.744,-0.40446,1.051,-0.511,1.073,-0.89375,0.78,0.426,0.18,0.47,1.293,0.488,1.419,0.92,0.674,-0.949,1.318,0.991,1.34,-0.099,0.609,-0.197,1,0.775,1.006,0.42
1,1.126,0.0,0.96,0.003,0.724,-0.01,1.485,-0.039,0.801,-0.053,1.002,-0.064,0.619,-0.038,0.874,-0.053,0.655,-0.117,0.929,-0.091,1.1,-0.088,1.373,-0.13565,0.657,-0.20851,0.89067,-0.24,0.85644,-0.098,1.02,-0.114,0.646,-0.20766
0,0.0,0.0,0.948,1,1,-1.033,0.0,0.0,0.0,0.0,-1.418,-0.689,0.0,0.0,0.0,0.0,-1.486,1,0.827,0.551,-0.868,0.519,-1,1.303,0.791,-0.622,1.342,0.969,-1.399,0.789,0.772,1.169,0.0,0
1,1.001,0,0.91241,0.042,1.245,0.012,0.954,0.042,0.815,0.015,0.91911,0.044,1.233,0.12067,1.23,0.07,0.742,0.174,0.624,0.178,1.106,0.104,1.012,0.076,0.641,0.11299,0.456,0.102,0.913,0.113,0.836,0.144,0.548,0.059
0,1,0.0,1.339,0.02461,1.226,0.042,0.824,0.102,0.466,-1.37,0.734,0.155,1.068,0.612,0.754,0.1,1.132,0.131,1,0.413,0.775,0.109,0.60138,0.238,0.592,0.172,0.582,0.139,0.613,0.142,0.456,0.186,1,0.603
1,1.266,0.0,0.774,0.06538,1.041,0.29,1.44,0.26281,0.93051,0.187,0.683,0.385,0.54,0.603,0.485,0.542,0.725,0.776,0.811,0.638,0.47807,0.459,0.488,0.87,0.48,0.636,0.266,0.844,0.122,0.494,0.079,0.662,0.059,0.71444
0,1,0.0,-1,-1,0.931,1.051,0.88,-0.091,0.0,0.0,-1.46,1.359,0.974,1.401,0.141,-1.152,-1.162,-1,0.096,-1,0.991,-0.788,-1.114,0.966,-1.395,-0.809,0.606,-1.227,-0.673,-0.848,0.8,1.447,0.0,0.0
1,0.755,0.0,0.721,0.077,1.131,0.16888,0.526,0.233,0.337,0.838,0.362,0.36719,0.091,0.46,0.806,0.308,0.384,0.512,0.195,0.077,0.465,0.617,0.289,0.524,0.166,0.551,0.122,0.56605,0.109,0.507,0.093,0.614,0.12137,0.67739
0,1,0,-0.629,-0.675,1.474,0.753,1.028,-0.735,1.134,-0.265,0.723,1.367,0.532,-0.37679,1.343,-1.11,0.767,0.172,0.964,-0.503,1.251,-0.031,-0.575,0.768,0.653,1.182,1.366,1.198,0.772,-0.598,1,-0.847,1,-0.93
1,1.402,0.0,0.99025,-0.034,1.086,-0.102,1.229,-0.19430,1.172,-0.25843,1.041,-0.367,0.953,-0.478,0.995,-0.619,0.749,-0.718,0.528,-0.797,0.836,-0.59839,0.629,-0.64615,0.511,-0.551,0.746,-0.619,0.566,-0.446,0.355,-0.514,0.455,-0.89
0,0,0.0,0.0,0.0,0.0,0.0,0.0,0.0,1,0.506,0.91,1.067,0.0,0.0,0.0,0.0,-0.405,-0.84,-1,-1.197,0,0.0,0.0,0.0,-1.437,-1.366,-1.495,-1.19,-1.01,0.802,1.448,0.0,0.0,0
1,1,0.0,1.36,-0.053,1.062,-0.095,0.835,-0.067,0.99838,-0.13,0.651,-0.095,1.02,-0.234,0.575,-0.213,1.172,-0.258,1.238,-0.228,0.678,-0.474,0.87874,-0.519,1.166,-0.384,1.205,-0.43122,0.81433,-0.568,0.418,-0.314,0.982,-0.522
0,0.742,0.0,1.208,-0.019,-0.715,0.26131,-0.36393,0.432,0.841,-0.519,1,-0.043,-0.215,-0.006,-0.72,0.15452,0.91921,-0.336,1.196,-0.472,-0.411,-0.446,-0.676,0.514,0.575,-0.655,0.377,-0.563,1.271,-0.741,-0.138,0.15,-0.037,0.415
1,1,0.0,0.987,0.012,0.98103,-0.042,0.527,-0.058,0.911,-0.093,1.219,-0.038,0.512,-0.11102,1.04,-0.078,0.77,-0.138,0.7,-0.25,0.771,-0.132,0.505,-0.099,0.811,-0.155,0.731,-0.21136,0.693,-0.188,0.76911,-0.272,0.669,-0.354
0,1,0.0,0,0.0,1.278,0.712,0.0,0.0,0.098,-1.242,0.0,0.0,0.0,0.0,-1.227,-0.22414,-0.458,-0.773,0.918,0.927,0.0,0.0,0.53448,0.456,-0.705,0.473,1,-1.383,-1.418,0.992,0.0,0.0,0.0,0.0
1,1,0.0,0.935,-0.239,0.259,0.04,0.93421,-0.002,0.744,0.134,0.849,-0.011,0.95,0.8,0.861,-0.681,0.884,-0.368,0.685,-0.20104,0.897,0.625,0.666,-0.16290,1.016,-0.02778,0.937,-0.015,0.402,-0.271,1.251,-0.259,0.478,-0.012
0,0.0,0.0,0.997,0.509,1.117,-0.954,0.0,0.0,0.0,0.0,1,1.259,1,0.59,-0.746,-0.693,1.14,-1,-0.843,1.411,0.0,0.0,0.978,-1.478,0.647,-0.807,0.763,1.488,-1.497,-1.266,0.0,0,0.0,0
1,0.952,0.0,1.043,0.694,1.015,1.046,0.956,0.641,-0.151,0.508,-0.83152,1.339,-0.697,1.417,-0.508,0.742,-1.002,-0.57779,-0.822,-0.42052,-0.653,-1,-0.296,-0.785,0.969,-0.832,1.409,-0.779,1.021,-1.243,0.828,-0.232,0.945,0.34845
0,1,0,-0.365,-0.805,-1.068,0.813,0.883,0.85,0.024,-0.664,-1.322,-0.743,1.048,1.281,1.079,-1.255,-0.986,1.04,0.672,0.762,1.122,-1.352,-1.19,-1,-0.098,1,1.118,-0.897,-0.727,-1.42,-1.388,0.808,1.05,0.33611
1,1.062,0.0,0.514,0.087,0.747,-0.065,0.631,-0.087,0.806,-0.074,0.532,0.018,0.513,-0.16795,0.494,-0.254,0.728,-0.256,0.705,-0.41,0.894,-0.27316,0.842,-0.185,0.99899,-0.244,1.227,-0.34586,0.622,-0.277,0.643,-0.39061,0.604,-0.377
0,1,0.0,0.116,-0.211,-1,1,-1.036,1.107,1.047,0.344,-0.867,-0.707,-1.207,-1.384,-0.769,1.074,-0.016,0.305,-0.405,-0.563,-0.992,-0.993,-1.364,-0.599,-1.427,0.282,0.65,-1,-1.393,-0.388,-0.782,-0.621,-0.629,0.61458
1,1.006,0.0,0.924,-0.031,0.58,-0.026,1.329,-0.06682,0.906,-0.11,0.662,0.646,1,-0.165,1.411,-0.079,1,0.253,0.986,-0.136,0.951,-0.124,1.129,-0.285,1,-0.901,0.743,-0.229,0.424,-0.22370,0.774,-0.267,0.463,-0.129
0,0,0.0,-1.218,0.724,0.952,-0.76,-0.635,1,0.0,0.0,1.154,0.776,-0.96,-0.158,1,1.073,-1.21,-0.674,1.318,-1.448,-0.949,-0.859,1,0.919,1.161,-0.566,0.899,1.293,1.026,1.34,0.0,0.0,-1.188,-1
1,1.03,0.0,1.418,0.073,1.315,0.049,0.77,0.091,0.765,-0.012,0.94846,0.036,1.421,0.082,0.751,0.115,0.90896,0.20119,1.261,0.115,1.481,0.088,1.27,0.16410,1.23,0.248,0.859,0.182,1.179,0.264,0.575,0.172,0.941,0.31166
0,0.622,0.0,0.196,-1.371,-1.335,0.745,0.0,0.0,0,0.0,-0.607,0.804,0,0.0,-0.69,-0.67708,1.076,0.314,0.683,0.191,0,0.0,-0.789,-0.262,-0.702,1.135,1.329,1.375,-0.84,0.373,0.0,0.0,0,0.0
1,1.008,0.0,1,0.138,0.738,0.094,0.863,0.198,1.036,0.1,0.672,0.194,0.92992,0.24288,0.865,0.147,0.678,0.223,0.954,0.478,0.83393,0.419,0.633,0.472,0.394,0.215,0.68452,0.574,0.506,0.461,0.39,0.352,0.772,0.384
0,1.204,0.0,0.02,-0.249,0,0.0,0.0,0.0,0.0,0.0,0,0.0,0.0,0.0,0.12292,-0.736,0.219,1.218,1,-0.465,0.0,0.0,0.066,-0.868,-0.067,-0.111,1.4,-0.794,-1,0.173,0.0,0.0,0.863,-0.166
1,0.636,0,0.715,0.148,0.669,0.099,1.321,0.487,1.173,0.22610,0.951,0.37107,0.681,0.678,0.851,0.486,0.78473,0.471,0.783,0.519,0.481,0.789,0.578,0.655,0.381,0.609,0.403,0.995,0.502,0.76147,0.394,0.518,0.258,0.65
0,1,0.0,0.896,1.348,0.182,-0.88,1,0.939,1.224,0.202,-0.345,0.785,-0.047,0.58772,0.009,0.049,-0.51535,-1.401,0.121,-0.043,0.411,-0.538,-1.359,1.114,0.602,-0.606,0.615,-0.071,0.991,1.23,0.138,-0.752,0.904,1
1,0.847,0.0,0.772,-0.41457,0.683,0.584,0.582,0.254,1.075,-0.092,0.574,0.544,0.73,-0.16080,1.198,0.005,0.952,-0.701,0.984,-0.146,0.999,-0.096,0.862,-0.127,0.966,0.078,0.92890,-0.057,1.379,-0.27387,0.43,0.229,0.478,-0.05402
0,1.069,0.0,0.84783,0.156,1.246,0.356,0.675,-1.219,0.844,0.08424,0.842,0.16,1.422,0.453,1.251,0.277,1.033,0.032,0.647,-0.256,1.343,0.63496,0.684,0.24,0.484,-0.37,0.925,0.15942,0.399,-0.014,1.378,0.22464,0.598,0.441
1,1,0.0,0.804,0.336,0.604,0.028,1.029,0.09,1.366,0.04317,1.023,0.309,1.122,0.068,0.64,0.04384,0.844,-0.16,1.222,-0.094,1.402,0.059,0.99933,0.232,0.707,-0.269,0.531,-0.025,1.211,0.349,0.9,-0.278,0.919,-0.07329
0,0.0,0.0,0.893,-0.761,0.91,-0.555,1,-1.352,0.753,-1.058,1.01,0.848,0.686,0.751,1.19,-1.041,1,1.393,0.802,1.333,1.271,1.051,1,-1.067,1,-1.411,0.655,-0.506,0.84,0.55,0.0,0.0,1.365,-1
1,1,0.0,1.055,0.67784,1.063,0.981,0.463,1.277,0.262,0.754,-0.301,1.309,-1.076,0.819,-1.383,0.517,-0.378,-0.58634,-1.387,-0.318,-0.999,-1.053,-0.546,-1.28,0.532,-0.537,0.454,-0.662,0.25773,-0.603,1.136,-0.212,0.65,0.03446
0,0.74,0.0,0.949,0.723,0.696,-0.9,1.401,-1.437,0.883,0.726,1.213,1.177,1.006,0.528,1,-0.715,1,0.874,0.915,1,0.734,0.785,1.328,1.376,1.208,1.287,1.102,0.495,0,0.0,0.878,-1,0.541,-0.787
1,1,0.0,1.464,0.049,0.822,0.217,1,0.373,0.761,0.152,0.833,0.226,1.113,0.396,1.082,0.206,0.675,0.513,0.893,0.53846,1.364,0.61267,1.397,0.552,0.484,0.969,1.088,0.654,0.626,0.601,0.74389,1.115,0.881,0.62
0,0.0,0,1.055,-1.468,1.316,1.227,-1.455,-1.193,1.246,-0.595,0.0,0.0,0,0.0,-0.897,1.037,0.509,-0.972,1.242,-1,-0.704,0.846,1,-1.278,0.984,-0.513,1.448,-1.185,-1.278,-1.111,0.0,0.0,1.003,-1
1,0.518,0.0,0.916,0.07,1.14,0.19279,0.691,0.307,1.467,0.219,0.658,0.661,1.186,0.53,0.654,0.448,0.785,0.908,0.354,0.439,0.533,0.68820,0.48339,0.667,0.341,0.74689,0.494,1.061,0.163,0.747,0.144,0.86835,0.094,0.86
0,0.508,0.0,0.944,0.218,0.0,0,-0.344,0.69841,0.0,0.0,0.0,0.0,0.0,0.0,0.20635,-0.247,0.276,0.173,0.585,0.78175,0,0.0,0.0,0.0,0.912,0.227,0.8,0.945,0.0,0.0,0.0,0.0,0.0,0.0
1,1,0.0,1.217,0.055,0.785,0.116,1.369,0.276,0.779,0.285,0.897,0.362,1.255,0.38261,1.343,0.241,0.842,0.497,0.75906,0.58801,0.655,0.416,0.947,0.804,0.534,0.609,0.488,0.484,0.378,0.528,0.63,0.71689,0.218,1.045
0,0,0.0,0.805,1.352,0.0,0.0,0.808,-1,0.675,-0.664,0.934,0.522,1.15,1,0.766,-1,0.916,1,1.118,1.342,0.978,-0.537,-0.839,-0.537,1.05,-0.743,1.122,-0.696,0.904,1.142,0.0,0.0,1.135,-0.794
1,1,0.0,0.562,0.046,0.649,0.088,1.074,0.087,0.708,0.174,1.366,0.194,0.556,0.37639,0.566,0.554,0.907,0.46059,1.094,0.662,0.58,0.6,0.849,0.58129,0.524,0.634,0.6,0.397,0.315,0.857,0.45312,0.672,0.416,0.624
0,0.0,0.0,1.329,1,1,-0.769,0.782,0.983,1.457,0.962,1,1.175,0.729,1.411,1,1.181,1.427,-1.336,-0.956,1.248,-1.279,1.036,-1.364,0.516,0.993,-0.551,0.852,0.924,-0.906,1.183,-0.584,-0.986,-1.33,1
1,1,0.0,0.562,0.229,1.073,0.48590,0.952,0.457,0.977,1.188,1.078,1.419,0.58,0.511,1.026,0.887,0.78,1.051,0.986,0.543,0.74468,0.674,0.569,1.34,0.751,0.919,0.385,0.662,0.10819,1.378,-0.225,1.318,-1.053,1
0,0.0,0,0.987,0.724,0.708,-0.566,0.58,0.771,-1.024,1.171,0.0,0.0,0.619,0.801,0.0,0.0,0.0,0,-1,1.485,-1,1.21,1.218,0.633,1.448,-1.338,1.104,0.96,0.614,0.859,1.331,-0.526,-0.776,1
1,1,0.0,0.551,-0.092,0.519,0.352,1.418,0.09557,1.342,0.197,0.868,-1.335,0.666,-0.252,0.827,-0.2,0.969,0.051,0.804,-0.487,1.399,-0.205,1.025,-1,1,-0.862,0.765,-0.909,0.948,-0.789,1.303,-1.042,0.607,-0.48252
0,0,0.0,1.235,-1,0.846,0.738,1.179,1.329,1.321,1.14,0.621,0.84,0.969,-1.313,1,-0.745,0.686,0.871,1,-0.792,1.008,1.336,1.001,0.835,0.533,-1,1.365,1.124,0.517,-1.343,1.371,0.876,1.169,-0.518
1,1,0.0,1.114,0.058,0.712,0.193,1.319,0.33,0.73,0.212,0.558,0.578,0.997,0.46983,0.70796,0.804,0.657,0.64200,0.74,0.654,0.39903,0.824,0.36,0.628,0.33,0.908,0.162,0.558,0.111,0.836,0.018,0.622,-0.051,0.64
0,0.845,0.0,0.872,-0.242,0.991,0.173,0.46643,0.361,0.371,0.737,0.694,-0.15194,0.007,0.378,0.01,0.492,0.108,0.417,0.072,0.36353,0.061,0.28,-0.001,0.26,-0.04,0.15,-0.026,0.174,-0.04779,0.074,-0.04,0.073,-0.042,0.04586
1,1,0.0,0.729,-0.027,0.92,-0.076,0.6,0.026,0.677,0.022,0.524,0.08728,0.71598,0.053,0.768,0.041,0.476,-0.31,0.65976,-0.009,0.777,0.06953,0.471,-0.158,0.396,0.041,0.829,-0.083,0.747,-0.246,0.651,-0.162,0.456,0.036
0,1.307,0.0,0.482,-0.042,0.733,0.026,1.348,1.032,0.214,0.086,0.67,0.123,0.864,-0.537,0.304,0.67910,0.575,-0.10448,0.46642,-0.093,0.338,0.14792,0.512,0.444,0.314,0.186,0.55,0.11,0.375,-0.028,0.342,0.13521,0.311,0.101
1,1,0.0,0.766,0.033,0.566,-0.056,0.926,0.047,0.733,-0.062,0.804,0.015,0.811,-0.13962,0.362,-0.02,0.712,0.123,0.524,-0.053,0.454,-0.35,0.73962,-0.151,0.818,-0.171,1.009,-0.04,0.654,0.021,0.663,0.03774,0.665,0.00755
0,1,0.0,0.748,-0.059,1.001,0.022,1.088,0.72727,0.836,-0.063,0.285,-0.16818,0.721,0.075,0.63,0.594,0.377,0.167,0.707,0.10000,0.804,-0.278,1.019,-1.219,0.346,0.457,0.482,0.202,0.593,0.069,0.692,0.136,1,1.144
1,1,0.0,0.318,-0.023,0.307,0,0.484,0.131,0.283,-0.049,0.635,0.162,0.483,0.042,0.595,-0.058,0.691,0.011,0.699,0.0,0.53,0.037,0.793,0.118,0.49804,0.00392,0.39,0.10039,0.494,0.089,0.562,0.247,0.625,0.164
0,1.379,0,0.445,0.176,0.24,0.076,0.194,0.365,-0.027,0.605,0.027,0.524,-0.125,0.33636,-0.141,0.351,0.021,0.40455,-0.295,0.12727,-0.271,0.033,-0.194,0.476,-0.127,-0.065,-0.128,-0.064,-1.367,-1,-0.039,-0.095,-0.004,-0.034
1,1.196,0.0,1.122,-0.316,1,0.442,0.589,0.139,0.778,0.044,0.74,-0.026,1.118,0.182,1.072,0.25322,0.671,0.624,0.858,0.425,0.537,0.391,1.287,0.251,0.561,0.52039,0.486,0.395,0.757,0.81,0.295,0.906,0.52361,0.54185
0,1.303,0,0.85,-0.127,-0.353,-0.671,-0.047,-0.444,0.959,0.041,1.254,-0.006,-0.112,0.63966,-0.117,-0.624,1.254,-0.151,0.612,-0.15729,-0.066,0.50810,-0.376,0.711,0.426,-0.032,0.633,-0.298,0.959,-0.076,-0.162,-0.69,-0.19,-0.59867
1,1,0.0,0.556,-0.308,0.846,0.061,0.622,0.38261,0.778,0.094,0.265,0.241,0.82,-0.334,0.546,0.37826,0.557,-0.35,0.492,-0.271,0.328,0.092,0.53246,-0.028,0.4,-0.168,0.733,-0.029,0.51,-0.041,0.64348,-0.164,0.257,0.181
0,1,0.0,-0.458,0.088,-0.339,0.73375,0.678,-0.165,0.252,-0.087,0.204,-0.221,0.414,0.054,0.805,-0.229,0.138,0.405,0.34,0.033,0.50464,0.044,-0.795,-0.645,1.072,0.65635,0.544,-0.262,-0.142,0.11146,0.027,0.286,0.62,-0.064
1,1.497,0.0,0.412,0.202,0.45331,0.142,0.59,-0.005,0.515,0.20883,0.423,-0.127,0.6,-0.063,0.414,0.02,0.588,-0.145,0.227,-0.04244,0.34975,0.063,0.281,-0.233,0.652,-0.019,0.662,-0.03351,0.301,0.068,0.367,-0.028,0.353,-0.044
0,0.694,0.0,0.443,0.172,0.0,0,0.369,0.06874,0.49,1,0.514,0.694,-0.025,0.723,0.152,0.129,-0.028,0.95122,-0.397,0.914,-0.14,0.197,-0.405,0.133,-0.762,0.825,-0.357,0.88248,-1.409,0.984,-0.828,0.065,0.0,0.0
1,0.537,0.0,0.90116,0.164,0.604,0.419,1.013,0.352,0.59784,0.965,0.357,0.987,0.261,0.636,0.058,0.687,-0.132,1.119,-0.386,0.828,-0.555,0.582,-0.57135,0.4,-0.968,0.39951,-0.71844,0.171,-0.595,0.125,-0.573,-0.045,-0.85,-0.209
1,1,0.0,0.718,0.135,0.514,0.241,0.649,0.307,0.548,0.646,0.177,0.866,0.109,0.505,-0.186,0.84290,-0.293,0.977,-0.28,0.667,-0.889,0.321,-0.89,0.266,-0.879,0.203,-0.562,-0.019,-0.643,-0.148,-0.67289,-0.33662,-0.59943,-0.486
0,0.983,0.0,-0.993,-1.036,0.0,0.0,0.50814,-1.093,0.806,0.328,-1,-0.437,0.0,0.0,0.0,0.0,0.769,-0.26710,0.188,-0.63518,0.989,-1.336,-0.782,-1.364,1.074,-0.762,-1.207,-0.621,-1.107,-0.585,0.729,-1.384,0,0.0
1,1,0.0,0.631,0.045,0.756,0.014,0.604,0.021,0.647,0.055,0.449,0.31152,0.892,0.085,0.718,0.053,0.94,-0.07853,0.63613,0.0,0.546,0.156,0.396,0.144,0.437,0.079,0.674,0.126,0.82,0.102,0.601,0.209,0.57455,0.213
0,0.566,0.0,1.338,-1.078,0.0,0,0.77941,-0.99265,1.084,0.64,-0.413,-1.155,0.0,0.0,0,0.0,0.72059,-0.618,0.467,-0.317,0.0,0.0,0.222,-1.448,-0.952,-0.776,-1.026,-0.96,1.154,-1.318,1.188,-1.293,0.0,0.0
1,1.303,0.0,0.619,0.013,1.346,-0.03142,0.666,-0.026,0.633,-0.075,0.99026,-0.04,1.32,-0.121,1,-0.184,1.104,-0.108,0.955,-0.084,1,-0.143,1.126,-0.268,0.514,-0.226,0.745,-0.301,1.191,-0.176,0.559,-0.155,0.689,-0.23296
0,0.0,0.0,0,0.0,0.0,0.0,0.0,0.0,0.0,0.0,0.0,0.0,0.0,0.0,0.0,0,0.0,0,0.0,0.0,0.0,0.0,0.0,0,0.0,0,0.804,-0.871,0.0,0.0,0.0,0.0,0.0,0.0
1,0.863,0.0,0.717,-0.12095,0.722,-0.153,0.965,-0.242,0.666,0.08460,1.297,-0.015,1.122,-0.19,0.518,-0.249,1.079,-0.206,1.425,-0.13,0.846,-0.219,0.93126,-0.415,1.008,-0.19233,0.88793,-0.318,0.615,-0.338,0.658,-0.279,0.359,-0.347
0,0.633,0.0,0.188,-0.468,0.0,0.0,0.749,-1.192,0.187,0.81,0.592,0.077,0.42,-0.84848,0.0,0.0,0.748,-0.35985,0.45076,-0.774,0.0,0.0,0.0,0,0.17,0.244,0.603,-0.22,0.071,-0.382,0.141,-0.981,0,0.0
1,1.051,0.0,0.88,-0.67,1.278,-0.038,0.779,-1.216,0.82,0.425,0.85,-0.089,1.46,-0.146,1,-0.15017,1.102,-0.137,1.041,-0.20491,0.715,-0.229,1.408,-0.309,1.013,-0.43,0.809,-0.329,0.826,-0.36931,0.58,-0.49,0.673,-0.44739
0,0.752,0.0,0.0,0.0,0,0.0,0.0,0.0,0.0,0.0,0.765,1,0.0,0.0,0.0,0.0,0.31,-0.628,0.56098,-1.152,0.0,0.0,0.0,0.0,0.0,0.0,0.785,0.099,0.0,0.0,0,0.0,0.0,0
1,1,0.0,0.842,0.006,0.472,-0.156,0.539,-0.186,0.786,-0.058,1.094,-0.07496,0.85221,0.027,0.64,-0.139,0.626,-0.15,0.947,-0.092,0.89876,0.001,0.979,-0.063,0.91,-0.153,1.196,-0.174,0.97,-0.143,0.403,-0.25741,0.457,-0.389
0,1,0,0.112,0.098,0.0,0,0.0,0,0.754,1.172,0.225,0.675,0.0,0.0,0.0,0.0,0.463,-0.748,0.176,-1,0.0,0.0,0.0,0.0,-0.252,-0.772,1.26,-0.901,0.673,-0.25,0.0,0.0,0.0,0.0
1,0.707,0.0,0.927,-0.782,0.635,-0.476,1.128,-1.457,1.036,-0.506,0.952,-0.266,0.647,-0.979,1.396,-0.664,1.122,-0.702,0.956,-0.88952,1.354,-1.144,0.593,-0.74896,0.374,-0.831,0.585,-0.77986,0.652,-1.18,1.197,-1.448,0.30445,-0.76112
0,0.686,0.0,0.9,-0.884,0,0.0,0.0,0.0,1.045,1.041,0.91,-0.155,0.0,0.0,0.0,0.0,0.62121,-0.138,1.171,-0.689,0.506,-1.067,0.0,0.0,0.0,0.0,1,-0.987,-0.153,-0.93182,0.0,0,0.0,0.0
1,1.379,0,0.808,0.137,0.80920,0.296,0.361,0.762,0.329,0.991,0.48,0.86,0.211,0.85671,-0.04061,0.938,-0.222,0.457,-0.436,0.909,-0.512,0.736,-0.413,0.521,-0.858,0.336,-0.468,0.074,-0.377,-0.076,-0.705,-0.242,-0.583,-0.31954
0,1,0,0.507,-0.425,0.0,0.0,0.949,-1,0.89,0.528,0.43000,0.474,0.0,0.0,0.0,0.0,0.613,-0.347,1.116,-0.878,0.0,0.0,0.0,0.0,0.211,0.8,0.586,0.159,0.0,0.0,0.0,0,0.0,0.0
1,1.364,0.0,0.787,0.324,0.555,0.579,0.78020,1.056,0.437,0.911,0.18,0.941,0.115,0.672,-0.197,1.258,-0.317,0.621,-0.761,0.64527,-0.528,0.371,-0.74102,0.407,-0.382,0.043,-0.633,-0.169,-0.58,-0.347,-0.668,-0.348,-0.37432,-0.53319
0,1,0.0,0.948,0.551,-0.72973,0.53,-0.492,0.826,0.027,0.153,-0.157,-0.10241,-0.03158,-0.13,0.018,-0.05,0.015,-0.006,0.003,0.00097,0.0,0.0,-0.0,0.0,-0.0,0.0,-0.0,0.0,0.0,0.0,0.0,0.0,0.0,0.0
1,0.513,0.0,0.224,-0.136,0.2,0.09,0.19048,0.182,0.327,0.083,0.40476,0.017,0.321,-0.031,0.231,-0.063,0.306,-0.062,0.33333,0.04762,0.193,0.0,0.21429,-0.094,0.399,-0.07,0.169,-0.027,0.135,0.0,0.171,-0.03,0.119,-0.028
0,1,0.0,0.56,-0.14754,1.023,0.05,0.292,-0.016,0.351,0.017,1.158,-0.037,0.908,0.0,0.68852,-0.114,0.1,-0.087,0.665,-0.18,0.45,0.027,1,-0.416,0.315,-0.29,0.339,-0.13,0.432,-0.049,0.346,-0.394,0.513,-0.06557
1,0.508,0.0,1.232,0,0.691,0.03,1.197,0.049,1.025,0.0,0.481,0.049,1.086,0.059,1.033,0.09579,0.478,0.25455,0.535,0.126,0.735,0.113,0.68604,0.111,1.05,0.148,0.64581,0.11,0.953,0.022,0.609,0.196,0.471,0.161
0,0.904,0.0,0.527,0.708,-0.722,0.079,-0.134,-0.398,0.745,0.014,0.441,0.301,-0.593,0.351,-0.494,-0.43,0.46429,0.123,0.512,0.048,-0.51830,0.594,-0.499,-0.399,0.32143,0.797,0.345,0.38848,0.641,0.412,-0.714,-0.293,0.25441,-0.3
1,1,0,1.222,-0.079,0.996,-0.018,0.629,-0.071,0.57,0.002,0.652,-0.047,0.6,-0.077,1.207,-0.212,0.508,0.033,0.992,-0.04,1.393,-0.075,0.731,-0.143,0.441,0.019,0.562,-0.197,1.159,-0.203,1,-0.168,1,-0.44222
0,0.956,0,0.403,-0.149,0.688,-0.143,0.265,-0.668,0.459,-0.036,0.29091,-0.043,0.248,0.16,0.35,-0.41818,0.25,-0.024,0.36364,0.028,0.17,0.445,0.475,0.102,0.419,0.16364,0.316,-0.099,0.493,-0.056,0.074,-0.265,0.397,-0.19
1,0.977,0.0,1.419,-0.502,0.986,0.877,0.49057,-0.076,0.62264,0,1.073,-0.001,0.586,0.051,0.39,-0.061,0.939,-0.001,0.52830,0.0,0.297,0.104,0.958,-0.001,0.58,0.833,0.946,-0.001,0.867,-1,0.952,0.275,0.513,-0.058
0,1,0,0.709,0.471,-0.61,-0.319,0.3,-0.083,0.351,-0.14286,-0.693,0.171,0.406,0.0,0.22,-0.073,-0.281,0.316,0.288,0.026,0.446,0.057,0.14,-0.138,-0.435,-0.088,0.36,-0.323,0.724,0.0,-0.66667,-0.054,0.161,0.02381
1,1,0,0.551,0.062,0.506,-0.072,0.529,0.0,0.473,-0.06250,0.491,0.0,0.163,0.08,0.525,0.011,0.362,-0.22917,0.366,-0.256,0.268,0.08333,0.198,0.117,0.516,-0.261,0.428,-0.135,0.322,-0.043,0.46,-0.19,0.442,-0.042
0,1.321,0.0,0.745,0.835,0.0,0.0,0,0.0,0,0.0,0.563,-1.19,-0.451,0.621,-0.808,0.249,0.737,1.371,0.0,0.0,0.0,0.0,0.62030,0.205,-0.948,-0.517,1.169,-1,1,0.518,0.0,0.0,0.0,0.0
1,1.265,0.0,1.342,0.06595,0.86,0.13030,0.645,0.193,0.511,-0.594,0.90023,0.471,0.941,0.478,0.541,0.467,0.973,0.376,0.95472,0.516,0.758,0.292,0.641,0.598,0.305,0.504,0.277,0.454,1.304,1.176,0.203,0.39620,0.222,0.321
0,1.013,0.0,0.623,0.564,0.862,1.133,0.915,0.431,0.84010,-0.10984,0.97311,0.111,1.283,-0.497,1.163,0.972,0.752,-0.044,0.918,0.261,0.98484,-0.483,1.044,-0.822,0.242,-0.215,0.883,0.156,0.43,0.33,0.87757,1.035,1.038,0.435
1,1.447,0.0,0.581,0.124,1.166,-0.019,1.435,0.02,0.936,-0.073,0.871,-0.025,0.831,-0.034,1.257,-0.036,1,-0.043,0.926,0.012,0.968,-0.09284,0.791,-0.074,0.555,-0.15675,1.301,-0.044,1.003,0.014,1.152,-0.125,0.93144,-0.06888
0,1,0.0,0.0,0.0,-0.225,0.952,0.0,0.0,0.68869,-1.348,0.635,0.193,-0.295,-0.474,-0.185,0.917,0.918,0.086,0.0,0.0,0.0,0.0,-0.18043,-1.032,0.0,0.0,0.561,-1.23,0.0,0.0,0.058,0.61881,0.0,0
1,0.519,0.0,0.949,0.009,0.546,0.00843,0.69,-0.011,0.97868,-0.014,1.42,-0.026,1.297,-0.017,1.315,-0.024,1.047,-0.01175,1.013,0.0,1,-0.032,0.731,-0.042,1.375,-0.042,1.354,-0.021,0.579,-0.028,1.379,-0.031,0.566,-0.04112
0,1.146,0.0,0.0,0,1.044,-0.115,0.186,-0.066,0.0,0.0,0.708,0.07297,0.68,-0.136,0.688,0.036,1.398,-0.089,0.0,0.0,1.039,-0.243,1.3,-0.363,0,0.0,0.714,-0.17568,0.0,0.0,0.779,-0.261,0.338,-0.15676
1,1.107,0.0,0.951,0.02,0.193,-0.02439,0.52751,0.036,0.265,0.097,0.43313,0.037,0.146,0.04,0.221,0.0,0.274,0.0,0.449,0.07317,0.32,0.147,0.153,0.082,0.235,0.076,0.11,0.05641,0.244,0.081,0.159,0.0,0.099,0.095
0,1,0.0,0.859,1.285,0.691,-1.28,0.0,0.0,0.0,0,1.164,1.375,1.338,-0.821,1,0.711,1.109,-1.34,0.0,0.0,0.0,0,1,-0.352,0.0,0.0,1.415,-0.906,0.59,0.95,1.441,-1.448,0.0,0.0
1,1,0.0,0.385,0.20408,0.528,0.268,0.434,0.20408,0.402,0.434,0.17,0.567,0.107,0.581,0.0,0.376,-0.08,0.42,-0.20408,0.325,-0.147,0.307,-0.273,0.389,-0.474,0.282,-0.311,0.115,-0.34,0.129,-0.306,0.0,-0.264,-0.24490
0,0.968,0,0,0.0,0.709,-1.118,0.0,0.0,0.0,0.0,1.04,1,0.952,-0.25342,1.467,0.181,1.209,-1.158,0.0,0.0,0.0,0.0,1.287,0.529,0.0,0.0,0.532,-1.116,0.0,0,1.408,-0.749,0.0,0.0
1,1.353,0.0,1.046,0.328,1.135,0.499,0.456,0.67647,0.458,0.725,0.238,0.966,-0.013,0.445,-0.217,0.821,-0.189,0.67647,-0.577,0.385,-0.73529,0.414,-1.015,0.086,-0.947,-0.12500,-0.555,-0.232,-0.395,-0.42647,-0.524,-0.57,-0.167,-0.371
0,0.756,0.0,-0.99,0.371,0.189,0.134,-0.779,-0.70984,-0.217,0.71242,-0.544,1.469,-0.689,0.472,-0.615,-0.02614,-0.745,-0.531,-0.302,-0.54248,-0.045,-1.094,0.734,-0.938,-1.168,-0.646,0.74385,0.072,-1.244,0.038,0.109,0.03,-0.271,-0.596
1,1,0.0,0.356,-0.09,0.497,0.0,0.195,-0.074,0.402,0.073,0.428,0.024,0.71667,0.068,0.70000,-0.084,0.292,0.247,0.337,-0.009,0.406,0.175,0.371,0.0,0.2,0.169,0.424,0.067,0.289,0.048,0.269,0.03333,0.622,-0.05000
0,0.558,0.0,-0.265,0.403,-0.311,0.081,-0.17778,-0.04444,0.051,-0.101,0.036,0.02575,-0.009,0.017,-0.009,-0.001,-0.001,-0.013,0.004,-0.001,0.002,0.002,-0.00114,0.001,-0.001,-0.001,0.0,-0.0,0.0,0.0,0.0,0.0,-0.0,0.00002
1,0.515,0.0,0.693,-0.404,0.688,0.34,0.64865,-0.342,0.625,0.171,0.969,-0.271,0.472,0.0,0.479,-0.033,0.382,-0.32,0.71833,-0.211,0.385,0.079,0.75676,0.181,0.421,-0.34,0.61031,-0.127,0.638,-0.224,0.72973,-0.323,0.466,-0.227
0,1.323,0,0.67,-0.027,-0.77,-0.166,-1.031,-0.008,0.773,0.017,0.607,-0.011,-1,0.138,-1,-0.003,0.693,-0.047,0.584,-0.02734,-0.731,0.093,-0.93359,0.302,1.028,-0.004,0.415,0.073,0.803,-0.061,-1.154,-0.17,-0.85,-0.302
1,0.722,0,0.713,0.012,1.34,-0.019,1.219,0.007,0.656,-0.018,0.515,0.005,1.383,-0.022,0.95260,-0.003,1.434,-0.035,0.845,0.018,0.786,-0.064,0.93815,-0.016,0.968,-0.052,0.913,-0.017,1.165,0.01908,1.078,-0.03410,0.582,0.009
0,0.655,0.0,1.089,-0.05529,0.522,-0.746,0.532,-0.163,0.401,-0.2,0.898,-0.274,0.182,-0.066,1,-0.447,1.063,-0.555,0.728,-0.448,0.0,-0.292,1.26,-0.686,1.416,-0.407,1,-0.57092,0.909,-0.219,1.438,-0.37,0.672,-0.65935
1,0.777,0.0,0.283,-0.10345,0.315,-0.134,0.144,-0.082,0.053,-0.05431,0.044,-0.047,0.01707,-0.033,0.009,-0.008,0.003,-0.009,0.001,-0.004,-0.0,-0.004,-0.0,-0.001,-0.0,-0.001,-0.0,-0.001,-0.0,-0.00024,-0.0,-0.0,-0.0,-0.00006
0,1.252,0.0,0.62745,-0.07843,0.72549,0.0,0.775,-0.094,0.455,-0.126,0.839,-0.146,0.934,-0.105,0.721,-0.138,0.796,-0.175,0.56,-0.18,0.585,-0.19608,0.832,-0.333,0.45098,-0.169,0.615,-0.329,0.441,-0.171,0.479,-0.28,0.411,-0.233
1,1.25,0.0,0.175,0.106,0.651,0.307,0.111,0.23966,0.058,0.19939,0.013,0.129,-0.02367,0.076,-0.039,0.064,-0.021,0.029,-0.021,0.015,-0.017,0.005,-0.01726,-0.003,-0.011,-0.003,-0.007,-0.008,-0.002,-0.006,-0.001,-0.006,0.0,-0.00291
0,1.369,0.0,-0.717,0.15625,0.053,0.0,0.0,0.064,0.374,0.08,0.217,0.0,-0.035,0.113,0.091,0,0.195,-0.162,0.335,-0.239,0.0,-0.112,0,0.0,0.045,-0.46875,0.027,0.0,-0.851,0.026,-0.027,0.0,0.0,0.09375
1,1,0.0,0.807,-0.008,0.775,-0.025,1,-0.063,1.265,-0.01,0.98919,-0.019,1.119,0.113,0.82,-0.04,0.832,0.135,1.075,-0.007,1,0.07,0.78,0.031,1.451,0.053,0.969,0.011,1.033,-0.03243,1.05,0.023,0.634,-0.04
0,1,0.0,0.621,0.031,1,0.057,1.421,0.977,1.189,-0.005,1.254,0.056,0.807,0.16,1,1,0.614,0.031,1.226,0.12,0.631,0.421,0.59,-1.497,0.80620,0.021,0.669,1.065,0.828,0.061,1.317,0.582,0.732,1.112
1,0.882,0.0,1.309,-0.015,0.615,0.046,1.068,0.012,1.163,0.004,1.121,-0.012,0.928,0.0,1.002,0.044,1.0,0.043,0.91444,0.063,1.063,0.02139,0.657,-0.011,0.96257,0.05348,0.667,0.036,1.072,0.01070,0.98,0.107,0.831,0.041
0,0.917,0.0,-0.184,0.355,0.172,0.07,0.207,0.287,0.32250,0.345,0.451,-0.34617,0.076,0.339,-0.052,0.155,-0.08750,0.135,-0.466,0.419,-0.296,-0.07,0.329,0.241,-0.517,-0.217,0.32190,-0.231,-0.343,0.16,-0.291,-0.275,0.40445,0.016
1,1,0.0,0.408,0.017,0.658,0.09,0.365,0.091,0.70000,0.0,0.493,0.0,0.72,0.0,0.951,0.0,0.996,0.143,0.972,0.13,0.471,-0.03333,0.536,0.0,0.833,0.067,0.65932,0.059,0.60000,0.069,0.628,0.154,0.327,0.126
0,1.005,0.0,0.086,-0.006,0.06704,0.008,0.0,-0.014,0.004,-0.022,0.024,-0.084,-0.005,0.03,0.077,-0.024,0.0,0.099,-0.075,0.103,-0.051,0.035,0.02793,-0.006,0.009,0.007,0.07,-0.007,0.03073,-0.003,0.066,0,0.066,-0.03352
1,0.644,0.0,1.05,0.389,0.776,0.864,0.492,0.82455,0.009,0.61,-0.188,1.152,-0.47644,0.583,-0.623,0.545,-0.375,0.07208,-0.83,-0.153,-0.366,-0.34,-0.432,-0.311,-0.034,-0.913,0.238,-0.401,0.519,-0.536,0.306,-0.22535,0.675,-0.05980
0,1,0.0,0.049,0.01437,-0.017,0.049,0.01,0.055,-0.087,0.007,0.013,-0.079,-0.029,0.062,-0.091,-0.044,-0.131,0.094,-0.031,0.05172,0.02,0.033,-0.053,-0.007,0.037,-0.008,0.011,0.009,0.036,0.01149,0.035,0.007,-0.04,-0.00575
1,1,0,0.7,-0.006,0.759,0.01084,1.174,0.002,0.56,0.013,0.749,-0.007,0.47,0.036,1.071,0.014,1.031,-0.004,0.842,-0.029,0.584,0.025,0.716,0.05517,0.904,-0.009,0.434,0.009,1.022,-0.039,0.568,0.028,0.79015,0.006
0,0.505,0.0,0.034,0.027,0.00428,0.0,0.014,-0.023,0.012,-0.064,-0.026,-0.01284,0.016,-0.02282,0.0,-0.033,-0.065,-0.029,-0.015,0.03566,0.013,0.004,0.029,-0.028,0.05136,0.014,0.021,0.017,0.02,0.009,-0.013,-0.023,-0.016,0.022
1,1,0.0,0.687,0.163,0.286,0.215,0.32,0.592,0.01852,0.269,-0.025,0.42,-0.275,0.29,-0.482,0.402,-0.687,0.075,-0.749,-0.11640,-0.195,-0.17,-0.121,-0.366,-0.153,0.002,0.048,-0.405,0.184,-0.223,0.179,-0.24339,0.29,0.04233
0,0.76,0.0,0.073,0.009,0.138,-0.04119,0.105,-0.064,0.113,-0.034,0.165,-0.01144,0.113,0.046,0.204,-0.148,0.238,-0.04805,0.15,0.093,0.059,0.0,0.142,-0.003,0.08,-0.064,0.08467,0.008,0.111,-0.097,0.086,-0.097,0.174,-0.06865
1,1,0.0,0.953,0.4,0.59,0.64534,0.197,0.626,-0.625,0.553,-0.59,0.246,-0.76051,0.0,-0.919,-0.25,-0.491,-0.887,-0.171,-0.768,0.28,-0.512,0.666,-0.217,0.558,-0.08,0.60098,0.296,0.45521,0.437,0.023,0.779,-0.177,0.374
0,1.465,0.0,0.027,0.00705,0.021,-0.00846,0.015,0.008,0.009,0.052,0.00282,0.001,0.01975,-0.03,-0.018,0.073,-0.059,0.023,-0.022,-0.006,0.044,-0.028,0.025,0.0,0.0,-0.01269,0.017,-0.012,0.006,-0.014,-0.016,-0.013,0.007,0.0
1,0.841,0,0.85736,0.0,0.603,-0.068,0.659,-0.045,0.613,0.099,1.029,0.069,0.753,-0.06124,0.897,0.03510,0.454,-0.062,0.956,-0.087,0.664,0.006,0.972,0.019,0.633,-0.021,0.82383,-0.043,0.573,-0.032,0.627,-0.015,1.17,-0.046
0,1,0.0,1,-0.77,1.442,0.512,-1.196,1,1.003,-1.429,0.925,-0.84,-0.532,-0.633,-0.889,1.469,1,1.323,1.031,1.341,-1.154,0.709,0.679,-1.025,1.294,-1.446,1,0.794,0.545,0.88,-0.609,0.949,-0.529,1.474
1,1.112,0.0,0.566,0.39252,0.307,0.567,0.112,0.601,-0.387,1.157,-0.481,0.522,-0.93092,0.078,-0.997,-0.209,-0.719,-0.468,-0.215,-1.23,0.213,-1.048,0.467,-0.398,0.461,-0.233,0.76,0.227,0.402,0.58310,0.19667,0.389,-0.079,0.64933
0,1,0.0,0.898,1.304,1.438,0.619,0.852,-1.09,0.522,1,0.035,0.046,1.424,1.176,0.0,0.0,1,-1.177,1.494,1.191,1.29,0.746,0.372,1.236,1,0.735,0.777,0.901,1,0.913,-1.387,1.416,0.0,0.0
1,0.767,0.0,0.711,0.398,0.52,1.281,0.027,0.655,-0.614,1.081,-1.069,0.759,-1.242,0.11765,-0.715,-0.258,-0.718,-0.697,-0.197,-1.237,0.311,-1.416,1.009,-0.866,0.92157,-0.112,0.5,0.26,0.874,0.56863,0.128,0.745,-0.11765,0.90196
0,0.504,0.0,0.0,0,-1.463,-1.276,-1.396,0.702,0,0.0,-1.082,1.021,1.133,0.697,1.223,-1.25,0.0,0.0,0.0,0.0,-1.404,-1.332,-0.973,0.691,1,0.372,0.995,-1.07,0.0,0,-0.664,-1,-1.115,0.873
1,0.507,0.0,0.647,0.512,0.411,0.939,-0.22222,1,-0.252,0.938,-0.535,0.33333,-1.184,-0.094,-0.704,-0.285,-0.583,-1.08,0.481,-0.848,-0.22222,-0.503,0.534,-0.277,0.384,0.0,1.261,0.649,0.82,0.467,0.223,0.743,-0.667,1
0,0.0,0.0,0.0,0.0,0.0,0.0,0.0,0.0,0.0,0.0,0.0,0.0,0.0,0,0.0,0.0,0.0,0.0,0.0,0,0.0,0.0,0.0,0.0,0.0,0,0.599,0.0,0,0.0,0,0.0,0.0,0.0
1,1.22,0.0,0.879,0.0,1.199,0,0.456,0.492,0.75000,0.0,1.344,0.12094,0.565,0.139,0.581,0.158,0.5,0.329,0.75000,0.549,0.441,0.0,1.036,-0.327,0.363,0.334,0.678,0.156,0.998,0.209,0.454,0.211,1.011,0.30293
0,0.0,0.0,-1.455,0.708,0.55,0.82,0,0,1.3,-0.733,1.487,-0.755,1.0,-0.579,-1.223,-0.831,0.0,0,-1,-0.882,0.0,0.0,0.0,0.0,-0.707,-1.421,1.178,-0.571,0.89,0.977,-1.497,-0.958,0.0,0
1,1.002,0.0,1.473,0.0,1.231,0.0,0.491,0.119,0.664,-0.068,0.876,-0.078,1.364,-0.201,0.762,0,1.127,0,1,-0.098,0.722,-0.122,0.768,-0.11111,0.431,0.0,0.737,-0.047,0.897,0.096,0.805,-0.11111,0.849,0.0
0,0.0,0,0,0.0,0.0,0.0,0.0,0.0,0.0,0.0,0.0,0.0,-1.458,-0.6,0.0,0.0,0.532,0.75000,0.0,0.0,0.0,0,-1.334,0.643,0.0,0.0,0.823,-0.616,-0.749,-1.047,0.996,1.102,0.0,0
1,1.146,0.0,1,0.478,0.714,-0.635,1.168,0.12,0.505,-0.079,1,0,0.9,-0.27273,0.688,-0.142,1.065,0.052,0.929,0.0,0.582,-0.536,1.155,0.126,1,-0.071,0.982,-0.037,0.68,0.309,1.039,-0.332,1.353,-0.236
0,1.356,0.0,0.891,-0.867,0.0,0.0,0.0,0.0,0.281,0.408,0.275,0.469,-0.112,0.391,0.36364,0.209,-0.438,0.43,0.179,-0.207,0.01894,-0.427,-0.327,0.197,0.17,-0.302,0.268,-0.811,0.323,0.252,0.18182,-0.013,0.17045,-0.41667
1,1.441,0.0,1.28,0.092,1,0.315,1.385,0.44,1.408,0.07,1,0.161,1.338,0.11765,1.169,0.278,1,-0.08,1.164,-0.17,0.711,0.244,1.415,0.391,0.859,-0.066,1.035,0.166,1.285,0.075,1.109,0.32,1.375,0.23529
0,0.574,0.0,0.0,0.0,-0.738,-0.601,1,0.559,0.095,-0.206,-1,-0.349,0.085,-0.743,1.125,-1,0.0,0.0,0.633,-0.05,-0.327,1,0.124,-0.548,0.0,0.0,-0.167,-0.32,-0.172,-0.543,0.786,0.695,-0.719,0.45745
1,1,0.0,0.541,0.326,0.807,-0.16667,0.872,0.302,0.87500,-0.087,0.91667,0.057,0.727,0.089,0.391,0.0,1.126,0.04167,0.749,0.122,0.635,-0.103,0.582,0.159,0.895,-0.087,0.971,0.069,1.408,0.233,0.399,0.0,0.435,0.022
0,1,0.0,0.196,-0.222,0.0,0.0,0.0,0.0,0,0,0.0,0.0,0.083,-0.207,0.0,0.0,0.0,0.0,0.0,0.0,0.0,0.0,-0.029,-0.089,0.07853,0.086,0.087,-0.123,0.159,0.12,0.026,-0.057,0.16827,0.101
1,0.503,0.0,1,-0.101,0.76,-0.141,0.783,-0.435,0.843,-0.384,0.96662,-0.186,0.849,-0.47265,1.084,-0.375,1.095,-0.555,0.673,-0.633,0.582,-0.592,0.423,-0.873,0.522,-1.339,0.716,-0.766,0.501,-0.83893,0.248,-0.568,0.385,-0.89621
0,1.266,0.0,0.974,0.576,-0.819,1.011,-0.83,-0.757,0.38,0.267,0.275,0.044,0.183,0.032,0.35088,0.25,0.408,-0.049,0.212,0.429,0.0,0.0,-0.174,-0.123,1,-0.816,0.874,-1,0.53,-0.315,0.35088,0.20175,0.454,0.071
1,1.037,0.0,1.437,0.344,1.277,0.004,0.407,-0.414,0.787,-0.23486,0.783,-0.255,0.884,-0.226,0.814,-0.36078,0.678,-0.503,0.408,-0.369,0.491,-0.329,0.759,-0.278,0.19,-0.419,0.171,-0.529,0.071,-0.572,0.15657,-0.574,0.18353,-0.46603
0,0,0.0,-1.061,1.004,0.847,-1,0,0.0,0.0,0.0,0.693,-0.62,0.575,1.068,0.0,0.0,0.934,-0.907,0.0,0.0,0,0.0,1.144,1.177,-1.465,1.408,0.722,-0.61,-0.771,0.62,-1.193,-1,0.0,0.0
1,1,0.0,1.36,-0.138,0.96419,-0.204,0.805,-0.18,0.432,-0.147,0.689,-0.382,0.383,-0.548,0.317,-0.427,0.317,-0.70729,0.137,-0.531,0.368,-0.558,0.212,-0.388,0.124,-0.56,0.068,-0.473,-0.055,-0.736,-0.014,-0.54074,-0.08,-0.47898
0,1,0.0,-1.025,-1,-0.661,1.003,1.429,-1.294,0.749,0.53819,0.0,0.0,0.127,-1.007,0.84,1.114,0.0,0.0,1.129,0.679,0.949,0.609,0.0,0.0,-0.636,1.469,0.353,-1.442,1,-1.446,0.835,-0.847,0.47569,0.608
1,1,0,0.84177,0.454,0.719,0.89,0.09916,1.335,-0.515,0.98,-0.532,0.362,-0.592,0.176,-0.647,-0.374,-0.685,-0.697,-0.316,-0.502,0.108,-0.92,0.269,-0.947,0.675,-0.194,0.615,0.07933,0.943,0.456,0.342,0.454,-0.005,0.454
0,1.187,0.0,0.711,1.209,0.0,0.0,1.191,-1.434,-1.191,-1.016,1.236,0.913,1.176,-1.291,0,0.0,0.519,-1.281,0.538,1,0.0,0.0,0.655,-1.177,-1.424,-1.38,0.695,1,-0.744,1.494,-1,1,0.0,0.0
1,1,0.0,1.204,0.891,1,0.697,0.77123,1.416,-0.33333,0.767,-0.873,0.544,0.0,0.882,-1.249,0.775,-1.252,0.0,-1.115,-0.828,-1.488,-0.945,-1.223,-0.468,-0.242,-0.995,0.163,-1.07,1.11,-1.332,0.0,-1,1.194,-0.443
0,0,0.0,-0.634,0.702,-0.691,-0.504,0.0,0.0,-1,1.055,1,-0.846,-0.687,-0.585,-1.388,0.743,0.0,0,-0.535,-1.442,-1.152,1.153,0.0,0.0,0.757,-0.973,1.396,1.014,0.554,-0.646,1.276,1.2,0.0,0
1,0.521,0.0,1.248,0.102,1.028,0.123,0.599,0.265,1.281,-0.12500,1,0.39495,0.922,0.429,1.113,0.808,-0.447,1,0.889,0.0,1.035,1.063,0.704,0.507,1.428,1.434,0.984,1.456,1.184,0.273,1,0.639,0.765,0.855
0,0.0,0.0,-1.05,-0.725,0.0,0.0,0.0,0.0,0.0,0.0,0.0,0.0,0.0,0.0,1,-1,0.0,0.0,-1.268,-0.617,0.0,0.0,1,0.836,0.775,-1.483,0.62,-1.033,0.0,0,0.0,0.0,0.0,0
1,1.498,0.0,0.972,-0.112,0.848,-0.105,-0.077,-0.143,0.24,0.029,0.373,-0.187,0.347,-0.312,0.047,-0.18947,0.267,-0.29441,0.126,-0.323,0.063,-0.31525,0.06556,-0.236,0.018,-0.374,-0.0,-0.175,-0.027,-0.154,-0.046,-0.127,0.01336,-0.15
0,1,0.0,0.0,0,0.0,0.0,0.0,0.0,0.0,0.0,1.473,-0.297,0.16667,0.191,0.0,0,0.0,0.0,0.0,0.0,-0.137,-0.125,-0.118,0.967,-0.733,0.5,0.057,0.485,-0.332,-0.687,-0.12500,-0.319,-0.162,-0.939
1,0.736,0.0,0.873,0.036,0.99363,0.135,1.184,0.121,0.856,-0.285,0.589,0.314,1.097,0.134,0.73781,0.247,0.411,0.21,0.54,0.362,0.454,0.159,0.502,0.281,0.39023,0.222,0.239,0.25553,0.251,0.293,0.198,0.256,0.18086,0.143
0,0.759,0.0,0.872,-0.074,-1.297,-0.68,-1,-0.783,1,0.294,0.488,0.76190,-0.582,-1.039,-0.996,1.458,0.623,1.423,1.432,0.699,0.939,-0.731,-1.047,-0.519,0.82937,0.188,0.505,0.643,0.5,0.499,-1.3,-0.44,-0.522,0.72831
1,0.749,0.0,0.998,-0.00190,0.841,0.589,1.058,-0.569,1.336,0.156,0.784,0.09061,1.468,0.08172,0.654,0.035,0.84628,-0.305,1.296,-0.151,1.186,0.305,0.894,-0.029,0.976,-0.027,0.967,-0.023,1.201,0.104,0.823,-0.058,0.85841,-0.084
0,0.697,0.0,1.479,-0.754,1.364,1.04,1,1.375,0.783,-0.5,1.035,1.34,0.582,1,0.565,0.644,0.0,0,1.069,0.684,1.409,1.285,1.304,-0.691,1.356,1.412,0.821,0.62500,1.4,-0.611,-0.96,0.564,0.711,0.665
1,1.055,0,0.775,0.23058,1.125,-1.111,1.169,-0.073,0.629,0.15414,1.31,0.27820,0.749,-0.053,1.189,0.096,0.91,-0.226,1.205,-0.171,1.304,0.025,0.765,0.128,1.109,-0.011,0.568,-0.024,1.061,0.055,0.997,-0.124,0.841,-0.11717
0,1.467,0.0,0.409,-0.694,-0.709,-0.958,-0.043,1.287,0.59,0.92,0.713,-0.368,-0.966,-0.447,-0.12,0.574,0.353,0.36,0.31755,-0.203,-0.14343,-0.193,-0.11976,0.102,0.021,0.06639,0.03,-0.013,-0.003,-0.02,-0.01,0.001,0.00015,0.003
1,1.074,0.0,0.685,0.43,0.80804,-0.09,1.054,-0.047,0.987,-0.077,0.526,0.256,0.87,0.024,1.352,0.013,1.274,-0.184,1.068,0.096,0.532,0.00191,0.499,0.155,1,-0.083,0.581,-0.005,0.75638,0.079,1,-0.231,1.187,-0.04
0,0.0,0,0.0,0.0,0.0,0,0.0,0.0,0.0,0.0,0.0,0,0.93,0.818,0.807,1.084,1.245,-0.978,0,0.0,0.72,1.179,1.086,-1.498,1.244,1.235,0.961,0.0,1.275,1.168,0.613,-1.353,0,0.0
1,1,0.0,0.779,-0.418,1,-0.158,0.94623,-0.237,0.819,-0.258,0.701,-0.45,0.816,-0.437,0.42,-0.352,0.886,-0.458,0.788,-0.438,0.375,-0.635,0.54465,-1.105,0.261,-0.804,0.351,-0.444,0.133,-1.003,0.117,-0.729,0.209,-0.70000
0,1.011,0.0,0,0.0,0.0,0,0.0,0.0,-0.681,-1,0.0,0.0,1.335,-0.804,0.0,0.0,-1,-1.465,-0.804,-1.461,1.223,-1.237,-0.768,-0.586,0.974,1,-1.118,-0.164,0.874,-1.139,0.0,0.808,0.0,0.0
1,1,0.0,0.875,0.084,1.012,-0.072,0.751,0.0,1.037,0.0,0.798,0.0,0.558,0.04545,0.90909,-0.031,1.408,0.0,0.907,0.0,1.242,0.056,0.776,0.092,0.90909,0.041,1.227,0.02897,1.313,0.046,1.265,-0.099,0.837,0.054
0,0.0,0.0,0,0.0,-1.09,0.65,0.62,0.908,-0.85,-1.104,0.0,0.0,-1,-0.771,-0.5,-0.161,-1.177,-1.198,0.727,-0.847,0.736,-1.145,0.0,0.0,1,-0.506,-1,-0.61,0.0,0.0,1,-0.855,0.0,0.0
1,1.294,0.0,0.91176,-0.08824,0.771,0.12,0.725,0.078,1.052,-0.022,0.516,-0.182,0.497,0.14706,0.944,0.02941,0.84,0.0,0.545,0.0,0.542,0.173,1.272,0.023,0.85294,0.035,0.564,0.038,1.245,-0.064,0.615,0.031,1.339,0.054
0,0.789,0.0,-1,0.608,-0.722,0.102,0.28354,1.007,-1,1.161,-0.742,-1.26,1.114,1.112,-1.302,-0.176,0.166,-0.997,1.063,1.429,-0.221,-1.129,-1.089,-0.728,0.665,-0.909,-1.063,-0.03578,1.045,-0.847,-1.304,-0.191,0.153,1
1,1.363,0.0,0.516,-0.10526,1.186,0.021,0.749,0.038,0.68421,-0.033,0.476,0.0,0.417,0.066,0.932,0.05756,0.769,0.348,1.236,0.079,1.001,0.069,0.837,0.087,0.42105,0.309,0.508,0.067,0.749,-0.247,0.776,0.09534,0.671,0.064
0,1.354,0.0,-0.008,-0.272,0.0,0.0,-0.015,1.291,0.0,0.0,0,0.0,0,0.0,0.0,0,0.0,0.0,0.206,0.661,-0.458,0.386,-0.34615,-1.011,0.0,0.0,-0.508,-0.719,0.0,0.0,0.0,0.0,0,0.0
1,1,0.0,1.463,0.386,0.995,0.682,1.022,0.721,1.449,-0.127,0.873,0.0,0.81818,-0.384,0.65,0.265,1.115,-0.63636,0.691,-0.19,0.576,-0.266,0.702,0.115,1.082,-0.092,1.332,0.113,1.404,0.389,1.223,0.63636,0.483,0.27273
0,0,0,-0.889,-0.757,0.507,-0.848,-0.765,0.504,0.0,0.0,0.687,-1.035,1.442,-1.152,0.0,0.0,0.0,0.0,0.0,0.0,-1,1.388,1.248,-0.646,-1.281,1,1.369,1.456,0.0,0.0,1,0.371,0.0,0.0
1,0.521,0.0,0.68,0.064,0.626,0.135,0.346,0.141,0.63636,0.0,0.318,-0.073,0.497,-0.09091,0.48612,-0.009,0.392,-0.113,0.488,0.0,0.218,-0.108,0.251,0.18182,0.36364,-0.095,0.354,-0.015,0.224,0.0,0.405,0.0,0.335,-0.011
0,0.669,0.0,-1,-0.499,0.0,0.0,-1,0.43,-0.55,0.879,0,0.0,0.0,0.0,0,0.0,0.0,0.0,0.0,0.0,-0.973,-1.033,0.0,0.0,0.358,0.137,0.634,0.773,0.0,0,0.0,0.0,0.0,0.0
1,0.732,0.0,1.352,0.168,0.691,0.52,0.733,1.062,0.82,-0.108,0.712,-0.208,1.497,0.025,1.376,0.0,0.42857,-0.101,0.733,0.02,1,-0.318,1.223,0.0,0.28571,-0.28571,0.89,0.035,1,0.05,0.571,0.331,0.687,0.0
0,0,0.0,1.25,0.873,0.98,-0.897,1,1.068,1.074,0.986,0.928,1.152,1,-1.364,1,0.664,1.099,-0.882,0.816,-0.736,0.865,1.449,0.725,0.902,0.682,-0.647,0.615,1.231,1.0,0.905,1,1.198,1.473,1.002
1,1.365,0.0,0.637,0.609,0.53945,0.448,0.10380,0.572,-0.19,0.876,-0.455,0.724,-0.821,0.153,-0.427,-0.205,-0.866,-0.783,-0.168,-0.621,0.174,-0.637,0.361,-0.57430,0.924,-0.353,0.99,0.056,0.275,0.39762,0.19,0.325,-0.043,0.57552
0,0,0.0,1.155,-1.398,0.679,1.353,0.9,-1.051,0.982,0.582,0.779,-1,0.505,-1.047,1.065,-1,1.039,0.688,0.783,0.568,0.516,1.005,1,-1.146,0.872,0.929,1.315,1.168,0.68,0.759,1.219,1.384,1.3,-1
1,0.783,0.0,0.964,0.024,0.52,0.129,0.665,0.209,1.186,0.275,0.97,0.568,0.571,0.55,0.987,0.659,0.666,0.51752,0.555,0.578,0.387,0.387,0.242,0.358,0.222,0.55274,0.387,0.759,0.314,0.53448,0.17,0.49124,0.094,0.46571
0,0,0.0,1.375,0.906,0.684,-0.95,1.28,-1.441,1.189,0.821,0.0,0.0,0.59,-1.479,0,0.0,0.0,0,0.0,0.0,-1,0.697,0.565,1.069,0.0,0.0,0.778,1.109,0.0,0.0,-1.34,-0.711,0.0,0
1,1,0.0,0.69,0.076,0.817,0.25359,0.854,0.38779,0.612,0.415,0.552,0.421,0.625,0.43,0.394,0.378,0.524,0.709,0.279,1.19,0.145,0.621,0.003,0.608,-0.07361,0.613,-0.25,0.491,-0.353,0.69,-0.38532,0.724,-0.526,0.731
0,0,0.0,0.59,-1.158,-1.232,0.776,-1.479,0.709,0.532,0.768,1.116,0.529,-1.377,-1.209,-1.379,-1.074,1.245,0.615,1.287,-0.563,-0.553,-0.955,-0.952,-1,1,0.0,1.04,-0.694,0.968,-1,-1.408,0.872,-1.467,1
1,0.997,0.0,0.578,0.151,0.973,0.273,0.64615,0.143,0.211,0.236,0.44793,0.46439,0.297,0.576,0.294,0.228,0.077,0.547,-0.106,0.778,-0.03462,0.42885,-0.082,0.258,-0.19,0.434,-0.131,0.282,-0.304,0.289,-0.332,0.205,-0.168,0.388
0,0.0,0.0,0.544,-0.76,0.99,1.03,1,-1.459,1.179,0.705,1.321,-1,0.779,1.16,0.756,-1.235,0.996,-0.639,0.778,0.818,1.498,0.72,1,-1.39,1.469,-1.318,1.168,-0.85,1.244,0.675,0.894,-1,0.789,1
1,1,0,0.985,0.073,0.522,0.22,0.737,0.431,0.817,0.188,0.769,0.24,0.927,0.78,0.889,0.368,0.724,0.66893,0.48869,0.655,0.387,0.674,0.266,0.75622,0.22,0.61,0.164,0.43,0.044,0.984,-0.037,0.464,-0.074,0.6
0,0.0,0,0.0,0.0,0.875,1.437,0.0,0.0,1.037,1.118,0.0,0.0,1.43,-0.804,0.0,0,0,0.0,0.0,0.0,0,0.0,0.0,0.0,0.0,0.0,0.586,-1.008,0.0,0.0,-0.507,1.108,0.0,0
1,0.62,0.0,0.837,0.165,0.86399,0.27,0.867,0.2,0.994,0.56830,0.77,0.383,0.3,0.54,0.318,0.797,0.19128,1.136,0.045,0.871,-0.177,0.719,-0.221,0.854,-0.248,0.407,-0.38798,0.699,-0.496,0.50131,-0.305,0.396,-0.29,0.27
0,0.0,0.0,0.0,0,0.925,1,1.031,0.709,0.0,0.0,0.0,0.0,-0.529,-1,0.0,0.0,-1,-0.795,0.0,0.0,0.0,0.0,1.145,0.85,0.0,0.0,0.65,0.736,0.0,0.0,-0.794,0.908,0.0,0
1,0.532,0.0,1.031,0.391,0.942,0.618,0.329,1.291,-0.047,0.90135,-0.241,1.047,-0.772,0.629,-0.832,0.26906,-0.78940,-0.083,-0.426,-0.30942,-0.239,-0.802,-0.213,-0.642,0.081,-0.453,0.228,-0.513,0.564,-0.29838,0.395,-0.058,0.622,0.182
0,0.0,0.0,0.789,-1.063,0.901,1.112,0.592,0.631,1,1.26,1.47,0.722,0.672,-1,1,1.363,0.522,0.665,1,-1.09,1.089,-1.466,0.746,-0.728,0.587,-1.045,0.735,1,0.655,-1.063,1.29,1.416,0.909,1.066
1,1,0.0,0.661,-0.45,1.124,0.085,0.548,0.211,0.395,0.05252,1,0.274,0.71947,0.378,0.832,0.256,0.591,0.206,0.654,-0.02845,0.682,0.279,0.756,0.242,0.863,0.712,0.66,0.358,0.147,0.826,0.262,0.673,0.44,0.714
0,0,0.0,0.0,0.0,0.0,0.0,0.0,0.0,0.0,0.0,0.0,0,0.0,0.0,0.0,0.0,0,0,0.0,0.0,0.0,0,0.0,0.0,0.0,0.0,1.021,1.204,0.0,0.0,0.0,0.0,0.0,0.0
1,1.25,0.0,0.948,0.013,1.241,-0.002,0.529,0.004,1.382,0.018,0.596,0.023,0.97213,0.04719,1.369,0.021,0.7,0.049,0.731,-0.005,0.952,0.04980,1.031,0.042,0.706,0.085,0.965,0.047,0.54,0.004,0.686,0.099,1,-0.00260
0,0,0.0,1.155,1,-1.456,-0.507,-0.848,-1.248,0.0,0,0.0,0.0,-1.201,-1.428,0.0,0.0,0.0,0.0,0.0,0.0,-1.035,0.889,1.092,0.765,0,0.0,1,-0.521,0.0,0.0,-1.434,-1.369,-0.855,-0.639
1,0.726,0.0,0.391,-0.181,0.652,0.01,0.71063,0.013,0.494,0.008,0.215,0.068,0.758,0.049,0.864,0.029,0.994,0.059,0.509,-0.069,0.858,0.06856,0.509,0.068,0.84033,0.19,0.501,0.065,0.334,0.055,0.56466,0.102,0.537,0.09346
0,1.455,0.0,0.68729,0.588,1.378,-1.131,1.224,0.028,1.029,0.14,0.899,0.537,0.467,0.129,0.508,0.13712,0.552,-0.33,0.622,0.183,0.843,0.18,0.588,0.516,1.199,-0.599,0.89262,0.22216,0.691,0.434,0.831,-0.093,0.311,0.23913
1,0.682,0.0,0.76296,-0.066,0.733,-0.243,0.89,-0.85741,0.8,0.06111,0.436,-0.493,1.473,-0.072,0.98,-1.021,0.327,0.013,0.968,-0.038,0.72,-0.185,1.068,0.22037,0.526,-0.234,0.637,-0.24549,0.485,0.012,0.618,-0.339,1.376,-0.826
0,1,0,0.474,0.167,0.309,0.054,0.192,0.169,0.289,0.158,0.158,0.208,0.327,0.407,0.079,0.198,-0.036,0.46,0.05,0.203,0.217,0.133,0.045,0.29961,-0.02494,0.285,-0.037,0.14,-0.134,0.133,-0.068,0.278,-0.171,0.28794
1,0.759,0.0,0.502,-0.033,0.483,-0.053,0.43,-0.012,0.768,0.03373,0.811,0.06,0.767,-0.022,0.62698,0.017,0.70833,0.013,0.313,0.012,0.47817,-0.014,0.308,0.021,0.677,0.03968,0.797,-0.012,0.842,-0.197,0.468,-0.01,0.364,-0.029
0,1.155,0.0,0.094,-0.104,-0.047,0.05911,0.068,-0.026,-0.012,0.219,0.067,0.0,0.124,-0.134,0.034,0.0,0.018,-0.035,-0.12808,-0.286,0.076,0.008,0.073,0.044,0.059,0.16256,0.201,-0.034,-0.068,-0.075,0.053,0.066,0.07389,-0.10837
1,1.479,0.0,0.508,0.061,0.909,-0.097,0.918,0.01678,0.794,0.001,0.952,0.15772,0.71588,-0.00224,0.45,0.052,1.071,-0.107,0.518,-0.06,0.51,-0.018,0.773,0.122,0.966,-0.073,0.478,-0.023,0.892,0.068,0.545,-0.037,0.722,-0.04698
0,1,0.0,0.169,0.313,0.0,0.0,-0.226,-1.035,0.0,0.0,0.045,-0.07342,0,0.0,0,0.0,0.0,0.0,0.0,0.0,0.011,0.647,-0.126,0.173,-0.146,0.396,0.048,-1.125,0.0,0,0.088,-1.338,0.0,0.0
1,0.881,0.0,1.134,-0.006,0.86,-0.014,1.052,-0.016,0.61,-0.12755,0.606,-0.076,0.88853,0.015,0.966,-0.105,0.829,-0.059,0.867,-0.013,0.977,-0.141,0.907,-0.182,0.699,-0.19507,0.88245,-0.108,0.484,-0.156,1.308,-0.18542,0.876,-0.099
0,1,0,0.495,-0.562,0.0,0,0.0,0.0,0.49,0.589,0.812,0.016,0.0,0.0,0.0,0.0,0.227,-0.264,0.508,-0.16,0.0,0.0,0.0,0.0,1.172,-0.40833,-0.749,-1,-0.141,-0.392,0.0,0.0,0.0,0.0
1,1.498,0.0,1.048,0.021,1.145,0.008,0.92442,0.013,1.188,-0.067,0.978,-0.105,0.93040,-0.008,1.149,-0.104,0.703,-0.059,0.89451,-0.053,0.958,-0.113,0.717,-0.085,1.033,-0.191,1.261,-0.11808,0.615,-0.111,0.969,-0.122,0.86786,-0.126
0,0.598,0.0,0.0,0.0,0.76,0.164,0.874,-0.02,0.0,0.0,0.544,-0.335,0.99,0.148,0.894,-0.033,1.493,-0.81556,0.0,0.0,0.53,-0.051,1.097,-0.145,0.0,0.0,0.584,-0.843,0,0,1,0.083,1.198,-0.09556
1,0.801,0,0.691,0.047,0.49,-0.00143,0.691,0.006,0.64,-0.049,1.279,0,1.221,-0.039,0.79,0.003,0.464,-0.078,0.601,-0.098,0.555,-0.085,0.84286,-0.049,0.985,-0.092,1.196,-0.07,1.021,-0.128,0.758,-0.05000,0.62,-0.124
0,0.722,0.0,0.0,0.0,0.0,0,0.0,0.0,0.0,0.0,0.0,0.0,-1,1.438,1.465,0.572,0.0,0.0,0.0,0.0,0,0.0,0.0,0.0,0.0,0.0,1.094,0.507,0.0,0.0,0.0,0,0.0,0
1,0.855,0.0,0.252,0.027,0.463,-0.06,0.44,-0.048,0.455,0.059,0.535,0.034,0.288,-0.143,0.591,-0.028,0.493,-0.05974,0.55325,-0.007,0.358,-0.037,0.39,-0.008,0.59221,0.0,0.53215,-0.016,0.461,0.034,0.602,-0.046,0.32,-0.08571
0,0,0.0,0.0,0.0,0.0,0.0,0.0,0.0,0.0,0.0,0,0.0,0.0,0.0,0.0,0.0,0.0,0.0,0,0.0,0.0,0.0,0.0,0.0,0.0,0.0,0.532,-0.542,0.0,0.0,0,0.0,0.0,0
1,1,0.0,0.997,0.424,1.063,0.256,0.197,0.722,0.184,1.189,-0.148,0.934,-0.227,0.427,-0.398,0.37856,-0.43663,0.16709,-0.389,0.005,-0.295,-0.061,-0.231,-0.185,-0.046,-0.095,-0.027,-0.10242,0.008,-0.075,0.013,-0.042,0.025,-0.025
0,1,0.0,0,0.0,0.0,0.0,1.424,1.09,-0.748,-1,0.0,0,1.209,-0.082,0.0,0.0,0,0.0,-1.29,0.901,1.191,0.898,1.169,-0.913,0.0,0.0,0.522,-1.191,0.0,0.0,0.0,0.0,1.304,1.494
1,0.655,0.0,0.581,0.565,0.758,0.69212,0.16,1.28,-0.047,0.792,-0.56,1.184,-0.763,0.51560,-0.81049,0.161,-0.602,-0.098,-0.67474,-0.404,-0.407,-0.884,-0.153,-0.70762,0.209,-0.961,0.318,-0.703,0.601,-0.405,0.799,-0.07,0.366,0.196
0,1.16,0.0,0.0,0.0,0.0,0.0,0.0,0.0,-1.43,1.233,0,0.0,0.988,0.37333,-0.132,-0.064,0.0,0,-0.869,-1.336,0.0,0.0,1,-1.047,0.0,0.0,1.314,0.264,0.0,0.0,0.0,0.0,0.0,0
1,1,0.0,1.043,0.325,0.59573,1.046,0.117,1.173,-0.24103,0.696,-0.489,0.71257,-1.214,0.283,-1.092,-0.035,-1.023,-0.499,-0.453,-0.765,-0.056,-0.432,0.25,-0.822,0.787,-0.497,0.782,-0.361,0.409,0.116,0.763,0.213,0.484,0.57656
1,0.576,0.0,0.482,0.029,0.159,0.113,0.148,0.932,-0.237,1.175,-0.145,0.222,-0.611,0.243,-0.94053,-0.05409,-0.13117,-0.127,-0.169,-0.645,-0.082,-1.264,0.02668,-0.34,0.141,-0.066,0.268,-0.11876,0.21,-0.131,0.08,0.071,0.062,0.223
1,0.609,0.0,0.83427,0.501,0.374,0.885,0.12326,0.766,-0.259,0.758,-0.938,0.42,-1.219,0.115,-1.22,-0.136,-0.342,-0.747,-0.241,-0.941,0.108,-0.908,0.361,-0.729,0.781,-0.27734,0.83008,0.062,0.706,0.532,0.37542,0.772,-0.045,0.5
1,1,0.0,0.712,-0.032,0.885,0.004,0.585,-0.09,0.758,0.012,0.543,-0.079,0.839,0.07220,0.62936,-0.103,0.94,0.084,0.725,0.0,0.65,0.11,0.4,0.026,0.65945,0.178,0.714,0.028,0.683,0.045,0.456,-0.00963,0.593,-0.099
1,1.023,0.0,0.659,-0.014,0.993,0.023,1.079,0.121,0.79228,0.07721,0.555,0.53,0.838,0.007,0.70772,0.193,1.426,0.089,0.832,0.056,0.376,0.032,0.495,-0.25000,0.569,-0.149,0.471,0.092,0.407,0.127,0.55916,0.041,0.779,0.129
1,1.032,0.0,0.441,0.226,0.96,0.011,1.16,0.026,0.515,-0.088,0.985,0.08000,0.645,0.03,0.949,0.036,0.425,-0.105,0.61692,0.127,0.66233,0.054,0.63878,0.068,0.459,-0.07231,0.597,0.123,0.586,0.352,0.702,0.076,0.712,0.105
1,0.726,0,0.818,0.05375,1.167,0.003,1.209,0.002,0.799,0.084,0.667,0.038,0.65,0.009,0.846,0.008,0.698,-0.092,0.896,-0.026,0.907,0.007,0.86,0.013,1.133,-0.022,0.717,0.007,0.62235,0.17,0.961,0.01190,0.395,0.01227
1,1,0.0,0.37,0.0,0.344,0.156,0.568,0.038,0.489,-0.054,0.404,-0.135,0.661,0.031,0.50435,0.02609,0.179,0.244,0.223,0.14783,0.255,-0.022,0.184,-0.136,0.47391,-0.013,0.315,0.085,0.356,0.033,0.475,0.102,0.585,0.114
1,1,0.0,0.79830,0.085,1.103,0.251,0.89,0.394,0.802,0.494,0.795,0.367,0.73,0.625,0.734,0.571,0.177,0.665,0.191,0.63548,0.122,0.961,0.011,0.793,-0.061,0.764,-0.107,0.809,-0.111,0.55,-0.34,0.338,-0.27339,0.42467
1,1,0.0,0.844,0.108,0.869,0.21,0.519,0.448,0.907,0.459,0.742,0.853,0.472,0.71942,0.632,0.413,0.321,0.445,0.226,0.987,0.107,0.878,-0.01,1.049,-0.15144,0.602,-0.197,0.477,-0.445,0.60948,-0.40291,0.787,-0.442,0.442
1,0.983,0.0,1.104,0.13425,1.146,0.427,0.67,0.611,0.656,0.726,0.54003,0.616,0.426,0.538,0.244,0.79523,0.125,1.061,-0.109,0.624,-0.269,0.571,-0.418,0.847,-0.332,0.482,-0.46215,0.508,-0.744,0.289,-0.495,0.187,-0.415,0.05972
1,1.295,0.0,1.403,0.226,0.569,0.212,1.178,0.301,0.837,0.624,0.758,0.401,0.48698,0.82,0.194,1.104,0.149,1.266,-0.005,1.32,-0.174,1.177,-0.33023,1.136,-0.46534,0.728,-0.559,0.407,-0.418,0.516,-0.462,0.42488,-0.802,0.26092
1,0.533,0.0,0.973,0.137,0.86090,0.231,0.878,0.45747,0.799,0.69865,0.65,1.11,0.301,0.81795,0.079,0.84,0.002,1.158,-0.188,0.584,-0.511,0.573,-0.609,0.65385,-0.334,0.554,-0.698,0.505,-0.418,0.344,-0.868,0.163,-0.343,0.034
1,1.332,0.0,0.964,0.174,0.524,0.38112,0.474,0.35,0.079,0.22273,0.13753,0.582,-0.05,0.504,0.0,0.694,-0.342,0.432,-0.56136,0.253,-0.36591,0.243,-0.435,0.049,-0.531,-0.037,-0.352,-0.111,-0.201,-0.214,-0.285,-0.194,-0.144,-0.394
1,1.042,0.0,0.322,-0.778,1.252,0.757,0.81126,0.094,0.45,0.14,0.216,0.284,0.602,0.12252,0.675,0.285,0.698,0.35,0.713,0.077,0.707,0.378,0.93,0.07285,0.407,0.2,0.412,0.29,0.692,0.393,0.361,0.276,0.40821,0.29942
1,1.236,0,0.76,0.066,0.841,-0.1,0.81594,0.063,0.533,0.011,0.368,-0.107,0.589,0.104,0.748,0.024,0.348,-0.036,0.974,0.089,0.796,0.081,0.44,0.05882,0.285,0.37381,0.717,0.17951,0.198,0.454,0.296,0.264,0.509,0.08
1,1.073,0.0,0.443,0.06794,0.80562,-0.03,0.911,-0.038,0.875,-0.096,0.714,-0.056,0.804,-0.083,0.739,-0.06438,0.39199,0.033,0.644,0.013,0.289,-0.1,0.769,-0.077,0.63,-0.174,0.473,-0.11,0.52613,-0.12,0.244,-0.087,0.406,-0.065
1,0.967,0.0,0.854,0.101,0.923,-0.00482,0.96683,-0.00722,0.586,-0.033,0.696,0.01419,1.225,-0.01,0.646,-0.012,1.173,0.012,1.167,-0.12,0.95016,-0.032,1.172,-0.02,0.539,0.014,1.406,-0.021,0.591,-0.037,1.331,-0.051,0.467,-0.037
1,1.094,0.0,0.711,-0.077,0.534,-0.101,0.691,-0.292,0.856,0.07216,0.343,-0.21649,0.712,0.098,0.284,-0.135,0.608,0.054,0.606,-0.376,0.424,0.252,0.42268,0.061,0.575,0.19588,0.431,-0.12447,0.187,-0.336,0.57,0.025,0.446,-0.748
1,1.143,0,0.738,-0.061,0.828,0.043,0.628,0.372,0.425,-0.003,0.76,0.073,0.656,-0.504,1.014,0.456,0.885,0.157,0.651,0.319,0.63279,-0.339,0.55,0.168,0.637,0.23095,0.967,0.112,0.581,0.07621,0.66316,0.287,1.014,0.488
1,1,0.0,0.37,-0.03596,0.903,0.016,0.709,0.022,0.315,0.02,0.659,-0.006,1.07,-0.063,0.945,0.005,0.609,0.03,0.871,-0.075,0.56854,0.15,0.384,-0.028,0.316,0.035,0.658,0.006,0.243,-0.027,0.54607,0.082,0.541,-0.08090
1,1.405,0.0,0.425,-0.007,0.875,-0.023,0.356,-0.05178,0.94,0.072,0.938,0.107,0.753,0.184,0.316,-0.026,0.33,-0.04531,0.692,-0.10032,0.569,0.209,0.463,0.267,0.392,-0.029,0.63,0.0,0.31392,-0.084,0.61,-0.111,0.318,-0.05178
1,1,0.0,0.541,0.055,1.019,0.03457,0.671,0.122,0.477,-0.005,0.763,0.141,0.59753,0.055,0.62469,0.091,0.451,-0.089,0.681,-0.118,0.612,0.014,0.513,0.096,0.898,-0.139,0.941,-0.016,0.811,0.012,0.61235,-0.054,0.722,-0.069
1,1.143,0.0,0.604,-0.033,0.509,0.02,0.479,-0.027,0.557,0.033,0.663,-0.07797,0.41,-0.02034,0.282,0.07797,0.733,0.133,0.56949,-0.025,0.296,0.004,0.381,-0.05,0.38,-0.036,0.491,0.01,0.58644,-0.003,0.593,-0.019,0.639,0.076
1,1.251,0.0,0.489,0.094,0.286,0.081,0.448,0.0,0.57282,-0.015,0.631,0.019,0.363,0.042,0.52427,0.007,0.326,-0.093,0.458,0.006,0.524,0.043,0.206,0.134,0.386,-0.2,0.441,0.039,0.327,0.17476,0.369,0.0,0.37379,-0.01942
1,1.352,0.0,1.261,0.019,0.715,0.34100,0.905,0.382,0.57,0.667,0.73584,0.728,0.813,0.60179,0.53,0.922,0.324,0.776,0.374,0.375,0.09,0.902,0.075,0.921,-0.175,0.64,-0.16556,0.60510,-0.095,0.707,-0.309,0.328,-0.247,0.345
1,1,0.0,1.102,0.151,0.90112,0.495,0.649,0.713,0.943,0.67,0.597,0.411,0.529,1.242,0.214,0.802,0.061,1.218,-0.075,0.62,-0.204,0.80754,-0.271,0.71676,-0.303,0.412,-0.559,0.284,-0.422,0.315,-0.865,0.14,-0.774,0.02968
1,1,0,0.582,0.26,1.294,0.493,0.76902,0.485,0.396,0.78120,0.543,0.745,0.119,0.789,-0.086,1.027,-0.224,0.628,-0.544,0.51,-0.347,0.574,-0.65000,0.218,-0.887,0.195,-0.487,0.024,-0.831,-0.202,-0.694,-0.163,-0.672,-0.502
1,1.156,0.0,0.94331,0.176,0.619,0.40803,0.596,0.292,0.786,0.70830,0.497,0.536,0.202,0.775,0.038,0.862,-0.341,0.83939,-0.434,1.09,-0.579,0.768,-0.609,0.349,-0.399,0.234,-0.441,0.133,-0.799,-0.047,-0.424,-0.17921,-0.335,-0.502
1,0.982,0.0,0.802,0.419,0.80486,0.779,0.355,0.881,0.315,0.80511,0.10797,0.593,-0.172,1.253,-0.291,0.998,-0.667,0.783,-0.837,0.575,-0.723,0.185,-0.532,-0.04284,-0.456,-0.351,-0.916,-0.246,-0.46422,-0.764,-0.275,-1.0,-0.047,-0.733
1,1,0.0,0.744,0.35157,0.897,0.664,0.245,0.523,-0.031,0.884,-0.22838,0.911,-0.335,0.342,-0.856,0.334,-0.597,0.135,-0.571,-0.06193,-0.938,-0.052,-0.325,-0.57,-0.112,-0.663,0.074,-0.704,0.307,-0.465,0.291,-0.339,0.277,0.13297
1,1.443,0.0,0.393,0.094,0.195,0.17293,0.037,0.186,0.064,0.26316,0.069,0.124,-0.04725,0.135,-0.055,0.07907,-0.06328,0.028,-0.059,0.019,-0.052,-0.004,-0.035,-0.01,-0.025,-0.014,-0.012,-0.016,-0.003,-0.013,0.001,-0.013,0.003,-0.006
1,1.295,0.0,0.317,-0.489,0.707,0.42,0.75376,-0.004,0.675,0.19,0.32,-0.17,0.65977,0.06391,0.58,0.19,1.001,-0.349,0.649,0.047,0.843,0.123,0.84774,-0.608,0.885,-0.045,0.688,-0.139,0.521,-0.13346,0.221,-0.163,0.662,-0.141
1,1.136,0.0,0.629,0.13215,0.72171,0.074,0.627,0.051,0.149,0.065,0.43837,0.233,0.485,0.167,0.539,0.125,0.406,0.016,0.295,0.158,0.445,0.143,0.313,0.194,0.202,0.121,0.35,0.14314,0.326,0.16137,0.1,0.134,0.106,0.086
1,1,0.0,0.94080,0.077,0.539,0.015,0.832,0.016,0.606,-0.003,0.453,0.158,0.598,0.035,1.101,0.03506,0.5,0.019,1.088,0.02405,1.068,0.037,1.134,0.069,0.922,0.014,1.02,0.078,0.973,0.099,0.801,0.07090,1.096,0.055
1,1.377,0.0,0.82,0.063,0.437,0.18297,1.231,0.384,1.051,-0.08337,1.223,-0.017,0.745,-0.183,0.928,0.19964,1.264,-0.063,1.078,-0.00991,1.062,-0.279,1.132,-0.304,0.566,-0.1,0.455,-0.019,0.908,-0.043,0.677,0.179,0.88238,0.113
1,1,0,1.046,0.017,0.897,0.134,0.5,0.102,0.642,-0.072,1.295,0.02482,0.733,-0.006,1.008,0.13,1.37,0.032,0.372,0.035,1.051,-0.053,0.971,0.0,0.71764,-0.01,0.453,0.021,1.057,-0.015,0.90409,0.115,1.043,0.03
1,1,0.0,0.5,0.19527,0.069,-0.095,0.409,0.009,0.639,-0.034,0.814,0.025,0.237,0.16,0.981,-0.045,0.373,0.065,0.31,0.064,0.513,0.032,0.462,-0.057,0.47929,-0.034,0.28,0.037,0.509,0.325,0.272,-0.14497,0.408,-0.00296
1,1,0.0,0.59887,0.112,0.948,-0.187,0.85122,-0.166,0.739,0.032,0.334,0.036,1.011,-0.054,0.597,-0.176,0.37,-0.293,1.17,-0.109,1.015,-0.006,0.414,0.057,0.56121,-0.319,0.428,-0.201,0.367,-0.021,0.578,-0.419,0.67420,-0.154
1,1,0,0.724,-0.021,0.697,-0.122,1.129,0.0,0.685,-0.051,0.365,-0.092,0.74947,-0.172,1.125,-0.126,0.492,-0.117,0.61996,-0.116,0.643,-0.133,1.214,-0.041,1.067,-0.34,0.89,-0.141,0.66242,-0.261,0.861,-0.365,0.628,-0.308
1,0.776,0.0,1.278,-0.063,0.823,0.08,0.84783,0.056,1.079,-0.014,0.791,-0.046,0.932,-0.079,0.668,-0.00543,0.655,-0.229,1.01,0.038,1.243,-0.07,0.605,-0.286,0.738,-0.234,0.83705,-0.105,0.85870,-0.032,0.483,-0.09,1.011,-0.00543
1,1.469,0.0,0.382,-0.13241,0.802,0.229,0.72727,0.063,0.545,-0.156,0.66798,-0.34,1.249,-0.255,0.479,0.049,0.742,-0.00395,0.849,-0.112,0.857,-0.367,0.704,-0.328,0.714,-0.074,0.919,-0.145,0.819,-0.22,0.279,0.057,0.344,-0.01383
1,1,0.0,0.69,0.11308,0.58980,0.005,0.668,0.096,0.473,-0.162,0.391,0.015,0.335,-0.213,0.748,-0.036,0.37,-0.142,0.758,-0.036,0.427,-0.157,0.678,-0.157,0.418,-0.20177,0.797,-0.1,0.738,-0.015,0.471,-0.139,0.302,-0.04435
1,0.948,0.0,0.479,0.155,0.954,0.255,0.547,0.63662,0.546,0.981,0.145,1.14,-0.224,0.469,-0.379,0.583,-0.785,0.62210,-0.76,0.45535,-1.074,0.226,-0.83943,-0.096,-0.429,-0.37,-0.528,-0.45511,-0.679,-0.848,-0.201,-0.828,-0.202,-0.565
1,1,0.0,0.518,0.438,0.406,0.823,0.32,0.82,0.379,0.665,0.044,0.768,-0.245,0.505,-0.55926,0.806,-0.73329,0.785,-0.805,0.394,-0.491,0.062,-0.864,-0.167,-1.169,-0.46906,-0.375,-0.796,-0.471,-0.852,-0.141,-1.38,0.127,-0.94823
1,0.705,0.0,1.242,0.30634,0.938,0.504,0.34109,0.783,0.052,1.243,-0.052,0.718,-0.473,0.724,-0.843,0.345,-0.873,0.407,-1.102,-0.005,-0.413,-0.41085,-0.571,-0.277,-0.827,-0.579,-0.354,-0.581,-0.021,-0.941,0.259,-0.82127,0.001,-0.81686
1,1.181,0,0.525,0.252,0.553,0.586,0.685,0.68381,0.264,1.107,-0.06,0.936,-0.533,1.082,-0.537,0.637,-0.804,0.392,-0.734,0.033,-0.71225,-0.141,-0.617,-0.449,-0.276,-0.486,-0.164,-0.809,0.08425,-0.779,0.272,-0.474,0.49,-0.35339
1,1.469,0.0,1.37,0.465,1.03,0.59,0.293,0.469,0.234,0.679,-0.18,1.371,-0.257,1.024,-0.70747,0.67,-0.596,0.28,-0.991,0.05595,-0.795,-0.154,-0.568,-0.808,-0.483,-0.982,-0.22323,-0.86122,0.101,-0.87159,0.32,-0.942,0.784,-0.47
1,1,0.0,1.059,0.386,0.65541,0.356,0.25,0.413,0.259,0.602,-0.224,0.81,-0.345,0.527,-0.424,0.297,-0.74725,0.189,-0.561,-0.069,-0.699,-0.219,-0.429,-0.569,-0.35,-0.905,-0.02,-0.979,0.271,-0.455,0.367,-0.51206,0.64662,-0.214
1,0.929,0.0,1.031,-0.04,0.929,-0.049,1.433,-0.07635,0.98720,0.017,0.965,-0.037,0.867,-0.038,0.726,-0.106,0.843,-0.076,0.627,-0.091,1.18,-0.044,1.098,-0.055,0.831,-0.107,1.33,-0.12912,0.678,-0.187,0.97132,-0.119,0.96778,-0.271
1,1,0.0,1.304,-0.016,0.811,0.009,1.098,-0.021,0.95878,-0.015,0.87,-0.019,0.732,-0.021,0.556,-0.048,0.85,-0.04064,1.01,-0.05,1.067,-0.016,0.643,-0.066,0.533,-0.025,0.561,-0.037,1.181,-0.101,0.91991,-0.038,0.92049,-0.092
1,1.411,0.0,0.97032,-0.105,1.109,-0.002,1.286,-0.242,1.472,0.119,0.91781,0.003,0.93607,-0.076,0.91324,-0.002,0.529,-0.056,0.949,-0.283,0.53,0.144,1.16,-0.058,0.648,0.067,1.134,-0.115,0.538,-0.20091,1.26,-0.11,1.157,-0.215
1,0.689,0.0,0.418,-0.037,1.099,0.08475,0.455,-0.142,0.161,-0.017,0.668,-0.076,0.796,0.28814,0.83051,-0.394,0.76,0.023,0.639,0.04,0.513,0.177,0.751,0.042,0.587,0.151,0.759,-0.003,0.726,-0.03390,0.858,-0.15254,1.079,-0.109
1,0.983,0.0,0.451,-0.212,0.477,0.23,0.337,0.235,0.441,0.075,0.353,-0.135,0.449,-0.08443,0.58333,0.415,0.472,0.037,0.333,-0.269,0.47222,-0.075,0.504,-0.034,0.38889,0.11,0.568,-0.139,0.182,-0.189,0.302,-0.219,0.08333,-0.594
1,1,0.0,0.503,0.952,1.384,0.53810,0.897,0.498,0.446,0.386,0.491,0.602,0.275,1.28,-0.149,0.64,-0.253,1.278,-0.87,0.987,-0.517,0.448,-0.88500,0.442,-1,0.216,-0.637,0.059,-1.317,-0.16713,-1.217,-0.582,-0.877,-0.888
1,1,0.0,1.119,0.375,1.18,0.351,0.293,0.888,0.407,0.46,0.155,1.192,-0.112,0.503,-0.453,0.98,-0.717,0.754,-0.434,0.698,-0.927,0.167,-0.79147,0.015,-0.98988,-0.219,-0.587,-0.434,-0.898,-0.144,-0.181,-0.60454,-0.123,-0.62956
1,1.426,0.0,0.547,0.42904,0.72113,0.572,0.241,0.78115,0.11,1.196,-0.13012,0.597,-0.332,0.618,-0.685,0.743,-0.814,0.353,-0.613,0.038,-0.673,-0.384,-0.304,-0.608,-0.481,-0.67796,-0.061,-0.789,0.158,-0.592,0.305,-0.541,0.396,-0.25
1,0.659,0.0,1.29,0.461,0.414,0.492,0.475,1.146,0.137,1.403,-0.188,0.96301,-0.773,0.83397,-0.431,0.695,-0.783,0.354,-1.014,-0.082,-0.684,-0.398,-0.65079,-0.67464,-0.527,-1.218,-0.043,-0.748,0.287,-0.905,0.455,-0.69613,0.595,-0.519
1,0.583,0.0,0.92436,0.539,0.381,0.57,0.41,1.319,-0.101,0.728,-0.403,0.92453,-0.437,0.947,-0.92145,0.254,-1.299,0.064,-0.535,0.036,-0.566,-0.909,-0.46010,-0.856,-0.111,-1.152,0.209,-1.275,0.256,-0.981,0.458,-0.46048,0.94,-0.086
1,1.445,0.0,1,0.16195,1.195,-0.041,1,0.01,1.407,-0.146,1.198,-0.022,0.963,-0.013,0.973,-0.084,0.903,-0.047,1,0.073,0.75,-0.109,1,-0.031,0.913,-0.331,0.516,-0.062,0.522,0.107,1.139,-0.078,1.34,-0.089
1,1.473,0,0.666,-0.00155,0.738,-0.199,0.906,-0.004,0.986,-0.634,0.643,0.057,0.763,-0.084,0.625,-0.017,1.136,-0.103,1.234,0.838,1,-0.208,0.589,-0.061,0.435,-0.021,1.207,-0.022,0.837,-0.016,0.80634,-0.014,1.055,-0.02039
1,0.626,0.0,0.79378,0.323,0.777,0.629,0.333,0.592,0.193,0.954,-0.137,0.78772,-0.333,0.943,-0.714,0.41471,-0.965,0.241,-0.69,-0.142,-0.469,-0.341,-0.303,-0.38287,-0.259,-0.614,0.015,-0.299,0.23,-0.368,0.188,-0.216,0.257,-0.08036
1,1,0,0.953,0.35232,0.782,0.672,0.34816,0.502,0.036,1.055,-0.304,1.197,-0.881,0.76,-0.501,0.39309,-0.88,0.07,-0.674,-0.349,-0.949,-0.282,-0.528,-0.773,-0.132,-1.056,0.132,-0.831,0.401,-0.769,0.819,-0.546,0.591,-0.194
1,1,0.0,0.691,0.525,0.939,0.487,0.29521,1.069,-0.068,0.631,-0.461,0.598,-0.77660,0.58511,-1.079,0.303,-0.912,-0.134,-0.562,-0.247,-0.50931,-0.808,-0.203,-0.789,0.226,-1.032,0.795,-0.366,1.106,-0.547,0.617,-0.075,0.602,0.15
1,0.869,0.0,1.044,-0.28,1.474,-0.20253,0.493,-0.141,0.663,0.013,1.405,0.06,1.113,0.083,1.045,-0.03797,0.734,-0.455,0.475,-0.018,0.823,0.06329,1.241,0.197,0.733,-0.451,0.933,-0.078,1,-0.038,0.699,0.022,0.438,-0.02532
1,1.182,0.0,1.081,0.004,0.828,0.022,0.896,0.026,1.293,0.016,0.60504,0.039,0.882,0.04,0.615,0.05407,0.486,0.199,1.112,0.04202,0.423,0.084,0.867,0.112,0.703,0.081,0.498,0.045,0.61345,0.009,0.818,0.129,0.55330,0.097
1,1,0.0,1.082,0.024,0.851,0.008,0.561,0.025,0.933,0.088,1.002,0.107,0.644,0.031,0.509,0.043,0.486,0.02842,0.482,0.0,0.694,0.053,0.469,0.077,0.897,0.10853,0.995,0.131,0.987,0.098,0.85198,0.09,0.764,0.10698
1,0.71,0.0,1,-0.006,0.572,-0.003,0.692,-0.013,0.87,-0.014,1,-0.037,1.208,-0.024,0.798,-0.04,1.401,-0.037,0.959,-0.043,1.392,-0.029,1.019,-0.049,1.143,-0.054,1.058,-0.08,0.99400,-0.04,0.99057,-0.081,0.98971,-0.072
1,1.276,0.0,0.823,-0.028,0.892,0.078,0.822,0.01,0.92871,0.025,1.347,-0.013,0.552,-0.015,0.972,0.041,1.147,0.0,1.313,0.019,0.90495,0.006,0.977,-0.01782,1.178,0.02376,0.485,0.01611,0.651,0.002,1.047,0.057,0.666,0.026
1,1.126,0.0,0.558,0.011,1.312,-0.023,0.713,0.007,0.86,0.032,1.207,0.038,0.667,0.01064,1.433,0.03546,1,-0.027,1.163,-0.045,0.671,0.111,0.714,0.087,0.921,0.04610,0.719,0.049,0.94681,0.019,0.617,0.011,0.67,0.028
1,1.497,0,0.373,-0.192,0.78,0.016,0.283,0.065,0.759,0.116,0.21212,-0.206,0.69,0.125,0.23,0.0,0.56156,0.028,0.376,0.043,0.93,0.18182,0.322,-0.159,0.665,0.044,0.653,0.048,0.33333,-0.026,0.526,0.095,0.453,0.298
1,1.349,0,1.267,0.35950,0.856,0.462,0.37201,0.603,0.08,0.911,-0.278,1.235,-0.51763,0.723,-0.595,0.267,-0.57,0.057,-0.611,-0.103,-0.255,-0.238,-0.33,-0.794,-0.024,-0.736,0.213,-0.342,0.32309,-0.186,0.348,-0.228,0.591,0.017
1,0.854,0.0,0.542,0.338,0.661,0.98,0.235,0.912,-0.052,1.352,-0.574,1.025,-0.67274,0.379,-1.16,0.174,-0.86150,-0.067,-1.048,-0.335,-0.539,-0.33,-0.154,-0.889,0.037,-0.965,0.473,-0.929,0.452,-0.462,0.693,-0.17343,0.60073,0.08660
1,1.067,0.0,0.585,0.476,0.783,0.943,0.29921,0.531,-0.147,0.97820,-0.366,1.129,-0.79657,0.664,-0.839,0.15192,-0.831,-0.34,-0.704,-0.514,-0.374,-1.0,-0.027,-0.523,0.301,-0.882,0.722,-0.493,1.283,-0.375,1.0,0.124,0.637,0.46301
1,0.85,0.0,0.865,0.541,0.36700,0.042,0.131,1.234,-0.389,0.878,-0.166,0.37685,-0.952,0.46,-0.921,-0.074,-0.412,-0.34236,-0.454,-0.886,-0.062,-0.894,0.359,-0.253,0.969,-0.567,0.496,-0.076,1.353,0.989,0.547,0.00246,0.154,0.79790
1,0.983,0.0,0.637,0.624,0.644,0.236,0.036,0.479,-0.198,0.756,-0.54,0.48485,-0.55,0.0,-0.312,-0.103,-0.444,-0.656,-0.077,-1.069,0.48485,-0.854,0.745,-0.42424,0.64,-0.322,0.597,0.169,1.341,0.785,0.24242,0.501,0.09,0.33333
1,1,0.0,0.541,0.0,0.927,-0.033,0.704,-0.01220,0.587,0.015,1.155,0.011,1.216,0.00915,0.731,0.002,1,0.015,0.999,-0.015,0.865,0.02439,1.127,0.055,0.979,0.031,0.828,0.026,1.258,0.012,0.502,0.054,1.445,-0.014
1,1.446,0.0,0.65,0.051,1.021,-0.094,0.485,-0.018,0.702,0.007,0.519,0.08865,1.128,-0.007,1.333,0.0,0.68,0.217,0.95035,-0.005,1.21,0.00709,1.142,0.094,0.608,0.217,1.154,0.08165,0.879,0.085,1.164,0.136,1.222,0
1,0.83,0.0,0.663,0.10638,1.133,0.014,0.591,0.021,0.87234,-0.019,0.842,0.10638,1.049,0.027,0.946,0.047,0.938,0.111,1.182,0.045,0.927,0.031,0.583,0.061,0.715,0.093,1.01,0.062,0.74468,-0.029,1.128,0.083,1.098,0.07173
1,0.863,0.0,0.793,0.054,1.256,0.00343,0.866,0.004,0.946,0.0,0.996,0.07453,0.574,0.014,0.646,0.01151,0.462,-0.081,1.283,0.021,0.551,0.013,0.663,0.024,0.625,-0.04348,1.048,0.021,1.107,0.048,0.529,0.02308,0.99,0.034
1,1.443,0.0,1.121,0.01,1.185,0.015,0.53,0.013,0.846,0.009,0.95737,0.032,0.97158,0.046,0.583,0.02,0.931,0.025,0.515,0.06,0.97158,0.067,0.858,0.028,0.748,0.03552,0.949,0.036,0.57,0.118,0.665,0.056,1.106,0.09947
1,1,0.0,1.5,0.011,0.726,0.007,1.311,0.034,0.957,-0.019,0.99448,-0.003,1.318,0.016,1.139,0.00884,1.169,0.008,1.405,0.01657,0.895,0.005,1.441,0.019,1.167,-0.005,1.314,0.02,0.97901,0.012,0.752,0.015,1.264,0.033
1,0.605,0.0,0.666,-0.016,0.507,0.011,1.377,-0.003,1.358,0.06264,0.97763,0.055,1.382,0.02,0.591,0.06488,0.803,0.023,0.929,0.052,0.629,0.114,0.809,0.063,1.169,0.148,0.99989,0.105,0.958,0.097,0.954,0.055,0.807,0.10067
1,1.132,0.0,0.88420,0.23,0.418,0.999,0.577,1.003,0.024,0.961,-0.262,1.171,-0.753,0.456,-0.78658,0.382,-0.819,-0.007,-0.84,-0.36,-0.755,-0.551,-0.379,-0.419,0.006,-0.578,0.26028,-0.527,0.44569,-0.323,0.441,-0.21542,0.72,0.018
1,1,0,0.787,0.557,0.53,1.095,0.215,0.618,-0.20449,1.026,-0.78,0.415,-0.839,0.6,-1.306,0.141,-1.365,-0.31412,-0.521,-0.369,-0.481,-1.292,0.078,-0.987,0.509,-1.207,0.74105,-0.653,0.948,-0.176,1.059,0.22,0.471,0.779
1,1,0.0,0.483,0.128,0.21,0.236,0.14020,0.55,-0.351,0.808,-0.196,0.143,-0.785,0.356,-1.022,-0.003,-0.182,-0.197,-0.30522,-0.569,-0.193,-0.782,0.063,-0.258,0.172,-0.143,0.585,-0.125,0.31005,0.062,0.258,0.108,0.135,0.26422
1,1,0.0,0.764,0.644,0.294,0.56,0.056,1.195,-0.181,1.087,-0.761,0.688,-0.748,0.067,-0.492,-0.304,-0.584,-1.008,-0.046,-1.017,0.23292,-1.028,0.672,-0.52128,0.39,-0.18645,0.927,0.286,0.63,0.462,0.112,0.908,-0.139,0.74356
1,0.531,0.0,0.104,0.072,0.023,0.265,-0.097,0.73,-0.269,-0.18321,-0.224,0.063,-0.382,0.09160,-0.118,-0.176,-0.102,-0.218,0.18702,-0.17557,0.502,-0.168,0.285,-0.151,0.172,0.314,0.045,0.158,-0.04,0.287,-0.243,0.149,-0.152,-0.33588
1,0.906,0.0,0.678,0.001,0.609,0.0,0.977,-0.001,0.812,0.027,1.047,0.031,0.69,0.038,0.736,0.024,1.018,0.05713,0.93552,0.03,0.983,0.039,0.872,0.06241,0.94155,0.057,0.96709,0.057,0.537,0.093,1.382,0.092,1.301,0.065
1,0.92,0,0.684,-0.097,0.871,0.002,1.033,-0.01,0.546,-0.095,0.772,-0.108,1.059,0.05029,0.847,-0.103,0.555,0.077,0.895,0.085,0.848,-0.025,0.859,-0.044,0.74451,-0.036,0.76717,-0.024,0.894,-0.074,0.84,-0.046,0.963,0.01214
1,0.557,0.0,0.496,-0.178,0.69387,-0.033,0.465,-0.027,0.303,-0.047,0.816,-0.149,0.484,-0.039,0.561,-0.079,0.248,-0.342,0.58213,0.074,0.539,-0.122,0.566,-0.08,0.543,-0.008,0.373,-0.09038,0.35588,-0.135,0.33,-0.117,0.256,-0.08300
1,1.315,0.0,0.785,0.008,1.097,0.003,0.667,0.00384,0.944,0.026,0.576,0.1,1.166,0.008,0.586,0.006,0.82777,-0.043,0.667,0.053,0.918,0.007,0.75071,0.01,0.77138,-0.003,0.719,0.018,0.505,0.012,0.814,0.011,0.63887,0.023
1,1.245,0,0.767,-0.014,1.386,0.082,0.49590,0.441,0.639,-0.002,0.897,-0.18,0.593,-0.3,0.285,0.677,0.582,0.456,0.405,0.11339,0.45,-0.44945,1,0.007,0.875,0.06,0.816,0.136,0.64,0.048,0.472,0.309,0.204,0.31
1,1.041,0.0,0.471,0.124,0.73739,-0.078,0.489,-0.081,0.682,-0.04622,1.033,0.113,1.095,0.076,0.848,-0.111,1.386,-0.013,0.669,0.06618,0.87605,0.011,0.388,0.049,1.148,-0.024,0.83479,0.001,0.92,0.082,1.133,-0.132,0.773,-0.028
1,1,0.0,1.342,0.004,0.851,-0.036,0.93438,-0.019,0.524,0.01,0.96510,0.03281,0.499,0.088,1.176,-0.02,1.294,0.001,1.143,0.086,1.121,0.066,1.306,0.099,0.663,0.017,0.604,0.06,1.022,0.08168,1.388,-0.0,0.671,0.059
1,0.796,0,0.94701,-0.0,0.93207,-0.03227,0.823,-0.045,0.792,0.02,0.525,0.015,0.907,0.052,0.971,-0.016,1.369,0.02,0.93,0.012,0.977,0.067,1.022,0.076,0.496,0.035,0.638,0.036,1.066,0.026,1.043,0.006,0.989,-0.00577
1,1,0.0,1.238,-0.018,1.327,-0.01989,0.813,-0.03646,1.129,0.001,0.485,-0.045,0.89061,-0.02,0.786,-0.06,0.946,-0.012,0.571,-0.12928,0.832,0.012,0.754,-0.028,1.259,-0.025,0.517,-0.096,1.122,-0.169,0.786,-0.056,0.878,-0.174
1,1,0.0,0.84710,0.187,0.703,-0.033,1.125,0.069,1.151,-0.13,0.474,0.043,0.768,-0.005,0.965,-0.015,0.548,-0.029,0.86,-0.03515,0.802,-0.058,0.605,0.065,0.849,-0.19,0.81147,-0.062,0.48,-0.009,0.643,-0.062,0.526,-0.06151
