1,1,0.0,1.316,-0.068,1.05,0.028,0.54,-0.512,1.258,0.053,0.85243,-0.148,0.844,-0.239,0.60536,-0.287,0.635,-0.459,0.661,-0.172,0.286,-0.44,0.198,-0.502,0.571,-0.333,0.314,-0.46168,0.161,-0.394,0.282,-0.346,0.117,-0.598
0,1,0.0,1.332,-0.18829,0.668,-0.285,-0.15,-1.206,1.243,-0.049,0.657,-0.67743,0.282,-0.621,-0.561,-1.181,0.04,-0.888,0.417,-1.038,-0.13151,-0.513,-0.186,-0.238,-0.29,-0.17,-0.2,-0.151,-0.131,-0.134,-0.163,-0.041,-0.199,-0.013
1,1.294,0.0,1.465,-0.044,1,0.007,0.83,-0.181,0.487,0.01198,0.73082,0.063,0.671,0.012,0.576,0.003,1.154,-0.13644,0.818,-0.056,0.957,-0.151,0.452,-0.144,0.497,-0.301,0.771,-0.186,0.353,-0.169,0.772,-0.192,0.588,-0.548
0,1,0.0,1,-0.237,1.118,1.277,0.999,-0.656,0.0,0.0,0.0,0.0,0.0,0.0,-0.583,0.138,0.745,-0.465,-0.601,-0.54467,-0.977,1.371,0.0,0.0,1.46,0.485,0.387,1.236,0.656,-0.281,0.233,0.833,-0.217,1
1,1,0.0,0.739,-0.033,1.131,0.064,1.326,-0.336,0.56,-0.158,0.479,-0.20275,0.515,-0.005,0.412,-0.36,0.404,-0.306,0.233,-0.093,0.076,-0.46,0.013,-0.368,0.039,-0.94,0.165,-0.53206,0.029,-0.568,-0.066,-0.678,-0.04608,-0.88
0,0.666,0.0,0.022,-0.006,-0.09924,-0.175,-0.005,-0.07,0.221,0.067,0.054,-0.075,0.0,0.0,-0.066,-0.15,-0.005,-0.10196,-0.137,-0.039,0.027,0.031,0.012,0.005,0.024,-0.01,-0.018,0.09223,-0.053,0.009,0.0,0.0,-0.0,0.12011
1,0.605,0.0,0.607,-0.086,0.933,-0.227,0.806,-0.408,0.528,-0.212,0.79766,-0.494,1.125,-0.379,0.853,-0.718,0.741,-0.85,0.459,-0.73641,0.44,-1.136,0.201,-1.115,0.314,-0.948,0.102,-0.934,0.037,-1.074,-0.042,-0.81318,-0.087,-0.80975
0,0,0.0,0.0,0.0,0.0,0,1,-1.328,0.0,0.0,-0.942,-1.183,0.0,0.0,0.0,0.0,1.456,1.092,-1.177,-0.668,0.0,0.0,0,0.0,1.062,0.65,1.469,1.485,0.0,0.0,1.163,1.025,0.0,0.0
1,1,0.0,0.75,-0.044,1.103,-0.106,0.988,-0.109,1.047,-0.517,0.714,-0.323,0.641,-0.362,0.484,-0.62,1.071,-0.188,0.662,-0.666,1.113,-0.904,0.69637,-0.844,0.892,-0.65440,0.464,-0.939,0.296,-0.942,0.45114,-0.864,0.275,-0.885
0,1,0.0,-0.014,-0.074,0.0,0.0,0.0,0.0,0.068,-0.311,-0.45663,-0.414,0.0,0.0,-0.473,0.21,-0.5,0.131,0.566,0.234,0.0,0.0,0.0,0.0,-0.155,-0.007,0.254,-0.012,0.0,0.0,0.16595,0.136,-0.097,0.38065
1,1,0.0,1,0.037,1.029,-0.132,0.965,-0.145,0.508,-0.248,0.658,-0.311,1.102,-0.479,1.311,-0.315,1.136,-0.76,0.69876,-1.048,0.561,-0.961,0.927,-0.712,0.825,-0.475,0.259,-1.293,0.419,-0.911,0.261,-0.697,0.323,-0.89158
0,0.523,0.0,0.857,-0.725,1,-1.072,1.281,-0.906,1,0.274,1.102,-0.414,0.572,1,1.053,-1,0.987,-0.179,1.12,-1.054,1.408,1.083,0.995,0.692,0.707,-0.288,0.561,-0.316,0.779,-0.71,0.941,-1.145,1.208,-1.243
1,0.966,0.0,0.751,-0.147,1,-0.14,0.742,-0.174,0.51,-0.268,1.375,-0.386,0.849,-0.288,0.589,-0.507,0.94486,-0.412,0.48,-0.65,1.144,-0.267,1.199,-0.745,0.672,-0.673,0.777,-0.381,0.978,-0.68794,0.68714,-0.703,0.608,-0.458
0,1.429,0.0,1.037,-0.469,1.1,0.311,0.63,-0.24,1.493,-0.12090,1.422,0.505,0.515,0.065,1.434,-0.152,0.785,-0.51,0.628,-1.117,0.767,0.15803,1,0.588,1.257,-0.236,0.663,0.413,1,-0.42,0.994,1.169,1.275,-0.267
1,1,0.0,1.499,0.089,0.717,0.041,0.94,-0.05563,0.582,0.078,1.255,0.188,0.657,0.132,1.497,0.18,0.546,0.088,1.196,0.27087,0.632,0.539,0.685,0.452,0.952,0.274,1.196,0.286,1.232,0.419,1,0.469,1.376,0.519
0,1,0.0,0.256,-1.062,1.369,0.143,-0.041,-0.555,1.189,-1.097,0.34,-0.806,0.0,0.0,-0.977,-0.194,-0.221,0.042,1.003,-1.495,0.0,0,0,0.0,-0.118,1.042,0.39752,0.379,0.0,0.0,0.685,0.152,0.0,0.0
1,1.299,0,0.527,0.043,1,-0.007,1.235,0.023,1.387,0.031,0.999,0.1,0.85,0.10346,1.356,0.045,1.111,0.082,1.111,0.071,1.217,0.156,1.003,0.188,1.104,0.101,0.79476,0.167,0.617,0.111,0.746,0.206,0.396,0.116
0,0.0,0.0,0.0,0.0,-0.959,-1.197,1.421,0.88,-0.589,1.255,-1.085,1.14,0.717,-0.607,0.552,1.304,-1.166,-1.323,-0.697,1.395,1.322,-1,-0.566,0.671,-1,1,1.178,-1.069,-1.462,1.384,-0.733,-0.563,1.162,-1
1,1.147,0.0,0.959,0.016,0.66626,0.05031,0.76,0.208,0.048,0.364,0.502,0.12131,0.365,0.164,0.459,0.10976,0.483,0.202,0.124,0.252,0.387,0.192,0.43,0.193,0.268,0.194,0.575,0.126,0.262,0.341,0.3,0.249,0.798,0.462
0,0.0,0.0,1,-1.036,0.0,0.0,0.0,0.0,1.271,1,0.996,-0.908,-0.71875,0.52,0.0,0.0,-1.413,0.789,1.415,0.728,-0.727,0.509,1.303,0.651,-0.55,1.181,1.198,0.715,0.764,-0.681,0.711,0.959,0.567,1
1,0.98,0.0,0.598,-0.00612,1.265,-0.052,1.288,-0.047,1,-0.063,0.894,-0.127,1.33,-0.423,0.532,-0.088,0.882,-0.198,0.817,-0.42,0.879,-0.44072,0.96060,-0.697,1.196,-0.4,0.677,-0.539,1.106,-0.49,1.08,-0.439,0.614,-0.673
0,0.0,0.0,1,0.725,0.0,0.0,0.0,0.0,-1.458,-1.167,0.0,0.0,0.0,0,-0.712,-0.69,-0.718,-0.708,-0.732,0.797,-0.889,1.16,0.0,0.0,0,0.0,0.666,-1.113,-0.635,1,-1.396,0.999,-0.508,1.407
1,1.142,0.0,1.282,0.103,1.36,0.023,1.084,0.084,1.208,-0.063,0.951,0.028,0.764,-0.06142,0.87534,0.127,1.139,0.003,0.697,-0.068,0.352,-0.098,0.64158,-0.066,0.538,-0.078,0.58051,-0.027,0.297,-0.016,0.302,-0.0,0.283,-0.002
0,0.0,0.0,-0.877,1.174,0.0,0.0,0,0.0,-1.143,1.119,0.83,0.704,0.0,0.0,0.0,0.0,0.675,-0.777,-0.905,1.459,0.703,1.13,0.0,0.0,-1,-1.221,0.964,-1,1.087,1.185,-1.087,0.956,0.0,0
1,0.682,0.0,0.878,-0.078,0.558,0.026,1,-0.035,1.276,-0.02,1.479,-0.089,0.998,-0.057,0.93392,-0.049,0.365,-0.099,0.856,-0.3,1.063,-0.269,0.57,-0.31654,1.091,-0.513,0.739,-0.37,0.73094,-0.525,0.686,-0.32,0.932,-0.376
0,0.758,0.0,1.197,0.819,0.83,-0.718,0.789,-1.009,1.062,-1.466,1.036,-0.979,0.784,-0.714,0.984,-1,1.022,-0.934,0.751,-1.366,0.584,-0.361,0.569,-1.133,0.706,-1.225,1,-1,1.391,-0.585,1.076,-1.192,0.539,-1
1,1.011,0.0,0.502,-0.121,0.716,-0.128,0.476,-0.571,1.296,0.715,1.382,-0.41382,1.325,-0.251,1.064,-0.129,0.506,-0.62180,0.178,-0.536,0.89,0.096,0.703,-0.946,0.713,-0.475,0.506,-0.747,0.305,-1.279,0.32984,-1.011,-0.128,-1
0,0,0.0,-0.577,-1.078,0.0,0.0,-1,1.451,0.783,-0.515,0.0,0.0,0.0,0,0.0,0.0,1.321,-1,-0.888,-0.896,1.034,-0.666,0.0,0.0,0.581,-1.069,-0.536,1.356,-0.728,-1.225,0.0,0.0,-0.677,0.953
1,1,0.0,0.728,0.051,1,0.097,0.923,-0.13308,0.7,0.728,0.893,0.5,1.251,0.745,0.667,0.614,0.546,0.703,0.988,0.902,1.168,1.035,0.928,1.47,0.963,1.47,1.229,0.566,0.51,0.803,0.657,0.591,0.39,1
0,0.0,0.0,-1.484,-0.713,0.81,0.575,0.588,-1.455,-1.404,1.195,1,-0.808,-1.08,-0.744,0.0,0.0,0.896,0.615,-1,-1,0.831,-0.749,0.909,-0.646,1.416,1.04,0.933,-0.652,0.746,-0.652,-0.548,1.107,0.798,-1
1,1,0.0,0.946,-0.14236,0.514,-0.109,1.355,-0.303,1.432,-0.059,1.148,-0.223,1.114,-0.342,0.652,-0.281,1.068,-0.372,1,-0.608,1.451,-0.267,0.921,-0.311,1.289,-0.47643,1.059,-0.64,1.129,-0.766,1.445,-0.58,0.864,-0.939
0,1.389,0.0,0.716,-1.34,0.811,0.563,1.347,-0.637,1.255,-0.915,0.703,-0.646,1,-0.01840,0.884,-0.879,0.821,1.266,1,-0.869,1.358,1.12,1.084,-1.014,0.0,0.0,0.688,1,1.373,-0.833,0.609,0.517,0.886,0.817
1,1,0.0,1.177,-0.158,1.144,-0.139,0.92100,-0.205,0.79,-0.127,1.21,-0.475,0.831,-0.315,0.996,-0.371,0.405,-0.302,0.75243,-0.305,0.70555,-0.59,0.916,-0.439,0.413,-0.522,0.835,-0.457,0.433,-0.625,0.596,-0.585,0.357,-0.645
0,0.633,0.0,0.678,-0.038,0.424,-0.33,0.98019,-0.048,1.484,-0.096,0.901,-0.121,0.648,0.985,1.196,-1.465,0.56,-0.17863,0.80760,-0.185,-0.23,1.278,0.319,0.05456,0.492,-0.304,1.13,-0.601,0.906,-0.238,0.528,-0.493,-0.171,-0.533
1,0.541,0.0,1.275,-0.2,1.039,0.231,0.503,-0.83,0.51,-0.394,1.24,-0.47,1.108,-0.18,0.76837,0.194,0.663,0.567,1,0.209,0.691,-0.01,0.921,-1.049,1.117,0.178,0.632,-0.11582,0.628,-0.073,1.493,0.475,1.497,-0.57758
0,0.779,0.0,0.468,-0.632,0.94,1.245,1.183,-0.83,0.898,-0.457,0.685,-1.376,0.587,-1.069,1.368,1.1,0.17589,0.413,0.862,1.101,1.255,0.553,1.191,-0.728,0.831,1.024,0.546,-0.082,0.95982,-0.434,1,0.707,1.289,0.34732
1,1.495,0.0,1.003,0.002,1.097,-0.014,0.685,-0.037,1,-0.101,1.398,-0.06,0.502,-0.043,0.515,-0.114,0.92561,-0.204,0.759,-0.14327,0.563,-0.164,1.101,-0.196,0.496,-0.128,0.693,-0.257,1.105,-0.18552,1.209,-0.275,0.819,-0.235
0,0,0.0,0.737,1.198,0.558,-0.962,0.0,0.0,0.0,0.0,-0.959,-0.543,0.0,0.0,0.0,0.0,-0.93,0.658,1.263,1.007,-1,1.14,-1.251,1.354,0.968,-1,0.756,1.358,-0.717,0.936,0.78,0.819,0.0,0
1,0.589,0.0,1.213,0.025,1.314,0.032,1.133,0.067,1.238,0.014,1.215,0.036,1.078,0.085,1.329,0.055,0.62,0.138,0.83744,0.097,0.662,0.11849,1.127,0.125,0.463,0.161,0.73550,0.097,0.866,0.105,0.392,0.059,0.367,0.11447
0,1,0.0,1.348,0.019,0.86,0.047,0.878,0.061,0.883,-0.798,1.046,0.123,1.015,0.514,0.679,0.158,0.4,0.095,0.727,0.574,0.65850,0.099,0.502,0.09,0.54446,0.16390,0.608,0.115,0.222,0.091,0.283,0.208,1.181,1.271
1,0.684,0.0,0.711,0.061,1.036,0.151,1.158,0.149,0.93051,0.292,0.697,0.279,0.75474,0.64,0.627,0.682,0.902,0.653,0.69,0.688,0.325,0.67135,0.31,0.68840,0.195,0.396,0.164,0.717,0.273,1.023,0.151,0.65,0.07,0.364
0,0.819,0.0,-1.46,-0.98,1,1.461,1,-0.089,0.0,0.0,-0.598,0.732,0.826,1.495,0.17917,-1.265,-1.288,-1.281,0.1,-1.036,0.958,-0.945,-1.343,1.215,-1.458,-0.712,1.488,-0.609,-0.532,-0.739,1,1.081,0.0,0.0
1,1.289,0.0,0.653,0.059,0.86528,0.095,0.69,0.091,0.771,0.68154,0.702,0.428,0.229,0.268,0.743,0.513,0.317,0.587,0.31639,0.16,0.192,0.395,0.29,0.532,0.158,0.51,0.224,0.503,0.163,0.526,0.06927,0.439,0.088,0.786
0,1.335,0.0,-0.621,-1.459,0.666,0.45,0.703,-0.533,1.142,-0.318,1,1.064,0.986,-0.221,0.935,-1.15,1.007,0.083,1.301,-1.08,1,-0.037,-1.129,1.266,0.718,0.611,1,0.779,1.221,-0.905,1.066,-1,0.918,-0.539
1,1,0,1.209,-0.065,1.121,-0.124,1.104,-0.228,0.508,-0.381,0.894,-0.159,0.812,-0.554,0.745,-0.551,0.66,-0.453,0.999,-0.663,0.79016,-0.65,0.74725,-0.703,0.461,-1.023,0.773,-0.516,0.523,-0.645,0.695,-0.453,0.275,-0.586
0,0.0,0.0,0.0,0,0.0,0.0,0.0,0,1.337,0.852,1.019,0.878,0.0,0.0,0.0,0.0,-0.202,-1,-1.276,-1.176,0.0,0,0.0,0.0,-0.757,-1.479,-1.162,-0.951,-0.687,0.575,1.181,0.0,0.0,0.0
1,0.984,0.0,0.716,-0.032,1,-0.088,1.031,-0.092,0.583,-0.09931,1.065,-0.108,1.157,-0.203,1.326,-0.257,0.769,-0.34400,0.686,-0.227,0.646,-0.203,1.222,-0.533,0.915,-0.244,0.547,-0.319,0.642,-0.624,0.883,-0.484,0.525,-0.50152
0,0.783,0.0,1.293,-0.037,-1.078,0.26131,-0.183,0.35639,1.005,-0.95,1.426,-0.03353,-0.166,-0.007,-0.342,0.181,1.008,-0.456,1.447,-0.684,-0.29735,-0.275,-0.894,0.544,0.461,-0.25,0.549,-0.46,0.96,-0.692,-0.097,0.154,-0.079,0.23
1,0.714,0.0,0.567,0.006,0.552,-0.023,0.97565,-0.033,0.514,-0.095,0.879,-0.04507,0.63,-0.073,1.382,-0.157,1.327,-0.11583,0.718,-0.278,0.914,-0.193,1.057,-0.094,0.923,-0.146,0.733,-0.143,0.453,-0.328,0.76911,-0.22,0.795,-0.201
0,0.803,0.0,0.0,0.0,0.893,0.449,0,0.0,0.062,-0.947,0.0,0.0,0,0.0,-0.561,-0.263,-0.585,-0.454,0.786,0.624,0,0.0,0.603,0.417,-1.323,0.44828,0.667,-1.416,-0.85,0.581,0.0,0.0,0.0,0.0
1,0.864,0.0,1.006,-0.198,0.325,0.022,0.549,-0.004,0.711,0.194,0.606,-0.012,0.486,0.359,0.598,-0.57486,0.668,-0.381,0.814,-0.167,1,1.107,0.678,-0.195,0.841,-0.025,1.231,-0.015,0.552,-0.199,0.84463,-0.193,0.899,-0.01425
0,0.0,0.0,1.052,1.282,1,-0.652,0.0,0,0.0,0.0,1.358,0.521,1.34,0.766,-1.451,-0.703,1.068,-1.111,-1.215,1.355,0,0.0,0.514,-1.129,1.289,-1.317,1.072,1.114,-1.445,-0.946,0.0,0.0,0.0,0
1,1,0.0,1.347,0.915,1.031,1,1.25,0.745,-0.164,1.016,-0.674,1.389,-1.255,1.08,-0.716,0.499,-1.253,-0.508,-0.563,-0.426,-0.884,-0.597,-0.52838,-1.266,0.877,-1.084,1.12,-0.517,0.821,-1.019,1,-0.283,0.646,0.309
0,1.265,0.0,-0.929,-0.649,-1.335,1.225,0.862,0.661,0.03515,-1,-1.111,-0.614,0.633,0.876,0.597,-1.085,-1.384,1.248,1.233,1.495,0.899,-1.001,-1.492,-1,-0.169,0.837,0.502,-1,-1.251,-1.214,-0.613,1.212,0.531,0.285
1,1.454,0.0,1.428,0.046,0.733,-0.083,1.388,-0.063,0.96097,-0.096,1.305,0.011,0.95436,-0.16795,1.359,-0.176,0.531,-0.461,0.849,-0.51,0.578,-0.314,0.99,-0.444,1.085,-0.40747,0.896,-0.492,1.013,-0.156,0.548,-0.571,0.81,-0.388
0,1.396,0.0,0.052,-0.172,-1,1.434,-1,0.708,0.71875,0.243,-0.444,-0.939,-1.24,-1,-0.956,1.322,-0.015,0.588,-0.215,-0.331,-0.494,-1.289,-1.257,-0.523,-1.275,0.171,1.037,-0.836,-0.862,-0.256,-1.205,-0.889,-0.603,0.852
1,1.196,0.0,0.94,-0.027,1.245,-0.043,0.555,-0.06682,1.11,-0.069,1.13,0.327,1.411,-0.087,0.648,-0.142,1.442,0.386,1.499,-0.115,0.629,-0.095,1.2,-0.276,1,-1.104,0.635,-0.269,0.82920,-0.306,0.461,-0.22765,0.801,-0.252
0,0.0,0.0,-1,0.613,1.189,-1.281,-0.78,0.535,0.0,0.0,1.129,1.439,-1.369,-0.271,1,0.952,-1,-1.291,1,-0.737,-1.161,-1.495,0.529,0.806,1.003,-1.26,0.859,1.429,0.558,1.434,0.0,0.0,-1.222,-1.319
1,1,0.0,1.293,0.032,1.308,0.097,1.196,0.1,0.962,-0.024,0.575,0.07033,0.964,0.105,1.137,0.128,0.61,0.237,1.309,0.152,0.817,0.133,1.201,0.213,1.367,0.217,0.88423,0.32,1.295,0.282,0.567,0.195,0.83574,0.299
0,0.623,0.0,0.227,-1.166,-1.085,0.584,0.0,0.0,0.0,0.0,-1.255,0.589,0.0,0.0,-0.8,-0.67708,0.453,0.36146,0.285,0.078,0,0.0,-1.329,-0.391,-0.723,1.066,0.88,0.566,-1.069,0.496,0.0,0,0.0,0.0
1,1,0.0,0.737,0.115,0.719,0.14,1,0.18,0.705,0.125,0.69,0.19211,1.068,0.21,1.163,0.171,1.064,0.137,0.808,0.195,0.67,0.31698,0.674,0.566,0.849,0.29,0.376,0.218,0.888,0.239,0.607,0.322,0.689,0.712
0,0.764,0.0,0.019,-0.35625,0.0,0.0,0.0,0.0,0.0,0.0,0.0,0.0,0.0,0.0,0.07,-0.292,0.162,1.199,1.495,-0.253,0.0,0.0,0.111,-0.609,-0.10625,-0.156,1.198,-1.048,-1,0.266,0,0.0,0.681,-0.27
1,1.343,0.0,1,0.165,1.28,0.083,1.382,0.333,0.569,0.214,0.669,0.274,0.581,0.545,1.181,0.623,0.559,0.587,0.413,0.56977,0.842,0.36,0.459,0.64720,0.48311,0.452,0.415,0.886,0.416,0.73,0.351,0.473,0.237,0.851
0,0.935,0.0,0.95,1.106,0.253,-0.797,0.902,1.15,0.584,0.344,-0.66886,0.627,-0.076,0.682,0.022,0.065,-0.374,-1.182,0.134,-0.04,0.291,-0.241,-1.34,1.287,0.771,-1,1,-0.086,0.718,1,0.11,-1.407,0.564,0.927
1,1.066,0.0,1.266,-0.491,1.221,0.507,0.799,0.18,0.986,-0.132,0.779,0.543,0.46,-0.235,1.336,0.005,1.058,-0.3,0.434,-0.132,0.797,-0.19095,0.779,-0.16,1.273,0.115,0.92890,-0.073,0.565,-0.27387,0.537,0.19849,0.366,-0.079
0,1.123,0.0,0.598,0.133,1.119,0.264,0.704,-1.473,0.496,0.072,0.512,0.23,1,0.704,1,0.417,1.176,0.031,0.655,-0.334,1,0.557,0.968,0.231,0.91033,-0.176,0.558,0.202,0.323,-0.027,0.956,0.336,1.087,0.361
1,1.009,0.0,1.452,0.221,1.303,0.017,1.218,0.073,1.162,0.051,1.087,0.33266,0.757,0.069,1,0.024,0.751,-0.261,0.84371,-0.051,0.751,0.04150,1.478,0.157,1.337,-0.266,1.317,-0.028,1.279,0.167,1.215,-0.209,0.818,-0.072
0,0.0,0.0,1.39,-0.873,0.698,-1.022,1,-1.036,0.758,-1.391,1,1.416,0.83,0.741,0.985,-0.843,0.569,1.466,0.791,1.192,1.497,1.133,1.225,-1,0.658,-0.536,1.197,-0.716,0.585,0.566,0.0,0.0,1,-1.367
1,1.356,0.0,1.078,0.817,0.81309,1.187,0.478,1.286,0.20619,0.80541,-0.255,0.624,-0.892,0.513,-0.55,0.587,-0.293,-0.386,-0.565,-0.383,-0.884,-0.419,-0.381,-1.008,0.435,-0.573,0.401,-0.731,0.359,-1.17,1.026,-0.177,1.409,0.03446
0,1.45,0.0,0.714,1.47,1.043,-0.563,1.356,-1,0.677,0.744,1,0.868,1.035,1.23,0.953,-0.842,1.251,0.85,1.408,1.069,1,1.021,0.536,1,1.48,1.225,0.901,0.289,0.0,0.0,1.373,-1.321,0.728,-0.591
1,0.949,0.0,1,0.035,1.465,0.214,0.713,0.215,0.546,0.355,0.606,0.166,0.667,0.31,0.893,0.399,1,0.404,1.47,0.305,1.107,0.808,1.129,0.625,0.848,0.466,1.052,0.71374,0.85611,0.544,0.542,0.553,1.061,0.425
0,0,0.0,1.455,-1.289,1.114,0.588,-1.04,-0.831,0.921,-0.933,0.0,0.0,0.0,0.0,-1,0.946,0.964,-0.808,0.891,-0.652,-0.896,0.744,1.277,-0.939,1,-1.404,0.909,-0.749,-0.751,-1.195,0.0,0.0,1,-1.129
1,1.215,0,1.376,0.125,0.649,0.115,0.753,0.243,1.423,0.376,0.605,0.325,0.959,0.52517,1.039,0.675,0.862,0.562,0.528,0.938,0.54473,0.696,0.631,0.492,0.544,0.786,0.293,0.895,0.329,0.448,0.186,1.179,0.051,0.86285
0,1,0.0,0.704,0.201,0.0,0.0,-0.452,0.712,0.0,0.0,0.0,0.0,0.0,0.0,0.169,-0.147,0.193,0.197,0.582,0.78175,0.0,0.0,0.0,0.0,1.019,0.196,0.673,0.63492,0.0,0.0,0.0,0.0,0.0,0
1,0.899,0.0,1,0.031,0.837,0.113,0.862,0.217,1.378,0.271,1,0.22,1.335,0.464,1.148,0.278,1.092,0.309,0.949,0.53,0.80644,0.404,0.712,0.333,0.981,0.954,0.752,0.69435,0.488,0.365,0.651,0.607,0.416,0.827
0,0.0,0.0,1,0.943,0.0,0.0,1.465,-0.663,1,-0.533,1.429,1.461,1.42,0.632,1.422,-0.653,1.493,1.454,0.51,1.436,0.751,-1.037,-1.1,-0.564,0.737,-1.148,1.275,-1,1.24,1.027,0.0,0.0,1.488,-1
1,0.541,0.0,1,0.061,1.257,0.172,0.657,0.127,0.515,0.168,0.539,0.295,1.195,0.37639,1.011,0.25,0.915,0.359,0.78619,0.564,0.79,0.678,0.588,0.839,0.726,0.531,0.343,0.526,0.53952,0.437,0.633,0.842,0.336,0.444
0,0,0.0,1.26,0.587,0.685,-1.255,0.685,1.442,1.097,1.196,1,0.502,1,1.153,1.196,1.191,0.94,-1.376,-1,1.495,-1.245,0.952,-1.189,1.499,1.233,-0.728,1.13,0.555,-0.632,0.977,-0.654,-1.411,-0.648,1.183
1,1.358,0.0,1.369,0.346,1.129,0.701,0.778,0.72973,1.434,0.613,1.161,1.198,1.439,0.529,0.558,0.734,0.806,0.737,0.859,0.565,1.064,1.281,0.899,1.319,0.468,1.291,0.298,1,0.104,0.535,-0.17370,0.819,-0.994,1
0,0.0,0.0,0.566,0.936,1.263,-1.251,0.708,1.491,-1,1.14,0.0,0.0,1.178,1.384,0.0,0.0,0.0,0.0,-1.299,0.671,-1.322,1.302,1.354,0.658,1.293,-1.197,0.959,1.462,1,1.007,1.304,-1,-1,0.717
1,1.43,0.0,1.114,-0.06604,1.085,0.673,0.612,0.054,1.162,0.119,1.166,-0.733,1.323,-0.223,0.584,-0.211,0.684,0.04895,1.255,-0.658,0.789,-0.26573,0.827,-1,0.552,-0.838,0.818,-0.702,0.543,-1.107,0.798,-0.67,0.623,-0.601
0,0,0.0,0.737,-1.158,0.9,0.719,1.303,0.681,1.348,1,0.684,0.509,1,-0.587,1.271,-1.415,0.715,0.511,1.168,-0.836,1.198,1.147,1.149,0.996,0.804,-0.959,0.789,0.965,0.52,-1,0.602,0.727,1.181,-1.399
1,1,0.0,0.656,0.11,0.993,0.145,0.653,0.337,1.257,0.275,0.715,0.239,0.4,0.46983,0.86,0.56476,0.804,0.391,0.56,0.608,0.209,0.97,0.205,0.363,0.346,0.754,0.194,0.794,0.09694,0.792,0.021,0.984,-0.021,0.542
0,1.174,0.0,0.562,-0.115,0.788,0.294,0.454,0.27,0.367,0.718,1.036,-0.129,0.006,0.665,0.01060,0.492,0.225,0.207,0.11,0.36353,0.042,0.258,-0.001,0.315,-0.02862,0.249,-0.06,0.14481,-0.024,0.119,-0.063,0.064,-0.049,0.06
1,0.725,0.0,0.989,-0.016,0.73,-0.054,1.018,0.033,0.97,0.027,0.63462,0.066,0.713,0.117,0.73077,0.076,0.737,-0.189,0.744,-0.02,0.78698,0.068,0.195,-0.213,0.371,0.027,0.899,-0.058,0.734,-0.227,0.542,-0.145,0.43,0.02959
0,0.625,0.0,0.428,-0.034,0.594,0.044,1.17,1,0.36,0.209,0.28,0.118,0.656,-0.537,0.696,0.699,0.66791,-0.058,0.266,-0.064,0.445,0.214,0.61,0.45522,0.451,0.173,0.556,0.093,0.32463,-0.037,0.285,0.138,0.371,0.1
1,1.396,0.0,0.455,0.042,1.139,-0.095,0.539,0.042,0.448,-0.025,0.64528,0.01132,0.46,-0.161,0.626,-0.027,1.033,0.08679,0.612,-0.07925,0.66,-0.201,0.644,-0.219,0.65,-0.116,0.561,-0.037,0.93,0.031,0.711,0.053,0.539,0.005
0,1,0.0,0.799,-0.039,0.764,0.018,0.519,0.828,0.335,-0.05909,0.711,-0.089,0.627,0.114,0.759,0.609,0.748,0.114,0.78,0.092,1.243,-0.30000,1.258,-1.018,0.388,0.292,0.56982,0.149,0.51,0.072,0.373,0.134,0.896,0.547
1,1.162,0.0,0.376,-0.011,0.27,0.0,0.363,0.139,0.222,-0.044,0.56471,0.101,0.687,0.095,0.65,-0.032,0.421,0.01,0.686,0.0,0.45882,0.062,0.834,0.102,0.49804,0.002,0.48601,0.119,0.376,0.111,0.587,0.167,0.481,0.211
0,1.341,0.0,0.377,0.088,0.313,0.12500,0.218,0.388,-0.048,0.332,0.023,0.322,-0.113,0.389,-0.13350,0.231,0.019,0.461,-0.42,0.156,-0.207,0.044,-0.11,0.47,-0.115,-0.048,-0.109,-0.077,-1,-1,-0.044,-0.11,-0.005,-0.056
1,0.578,0.0,0.607,-0.303,1.212,0.508,1.145,0.255,0.564,0.081,0.925,-0.033,1.242,0.364,0.897,0.146,0.69206,0.493,0.523,0.464,1.06,0.292,1,0.405,0.478,0.748,0.669,0.721,1.044,0.739,0.28,0.70923,0.378,0.54185
0,1,0.0,1.263,-0.051,-0.164,-0.734,-0.08961,-0.687,0.841,0.041,0.764,-0.008,-0.258,0.386,-0.111,-0.884,1.109,-0.138,0.561,-0.15729,-0.063,0.745,-0.254,0.954,0.595,-0.03718,0.916,-0.192,0.802,-0.091,-0.144,-0.678,-0.199,-0.896
1,1,0.0,1.012,-0.205,0.725,0.032,0.499,0.238,0.662,0.119,0.5,0.247,0.308,-0.27,0.496,0.401,0.286,-0.469,0.315,-0.38,0.284,0.149,0.417,-0.049,0.282,-0.073,0.629,-0.053,0.626,-0.04448,0.577,-0.25217,0.501,0.164
0,1,0.0,-0.615,0.153,-0.373,0.401,0.508,-0.098,0.223,-0.075,0.11,-0.195,0.477,0.123,0.74,-0.172,0.16409,0.53,0.419,0.038,0.438,0.074,-0.593,-0.359,1,0.536,0.41348,-0.413,-0.132,0.11,0.025,0.638,0.703,-0.093
1,0.828,0.0,0.434,0.103,0.316,0.112,0.738,-0.00509,0.28,0.11,0.701,-0.187,0.706,-0.04754,0.609,0.044,0.909,-0.118,0.587,-0.045,0.336,0.058,0.308,-0.235,0.609,-0.043,0.343,-0.045,0.349,0.056,0.70798,-0.012,0.518,-0.03226
0,0.741,0.0,0.565,0.16851,0.0,0.0,0.81,0.078,0.568,1.273,0.263,0.663,-0.021,0.53215,0.168,0.16,-0.015,0.847,-0.594,1.211,-0.063,0.292,-0.251,0.322,-1.089,0.575,-0.284,0.88248,-0.984,0.548,-0.903,0.176,0.0,0
1,0.907,0.0,0.713,0.248,0.437,0.249,0.792,0.29,0.59784,0.72997,0.41,0.949,0.24412,1.066,0.094,1.079,-0.098,1.221,-0.382,0.559,-0.696,0.527,-0.632,0.346,-0.777,0.594,-0.92,0.157,-0.38,0.11218,-0.606,-0.075,-0.41,-0.159
1,1,0.0,1.22,0.178,0.728,0.46259,0.457,0.593,0.638,0.543,0.22,0.736,0.07,0.93945,-0.142,0.817,-0.201,1.264,-0.341,0.997,-0.964,0.43,-0.983,0.493,-1.023,0.164,-0.892,-0.016,-1.096,-0.187,-0.353,-0.19,-0.325,-0.49700
0,1,0.0,-0.698,-1.111,0.0,0,0.407,-1.037,0.678,0.32899,-1,-0.482,0.0,0.0,0.0,0.0,0.679,-0.246,0.408,-0.518,1.36,-1.239,-0.697,-1.136,0.802,-0.298,-1.272,-1.115,-0.505,-0.559,1.234,-0.87,0.0,0.0
1,0.62,0.0,0.749,0.066,1.123,0.014,0.78575,0.056,0.446,0.093,0.801,0.333,0.393,0.07348,0.431,0.075,0.404,-0.116,0.946,0.0,0.59,0.064,0.864,0.145,0.599,0.109,0.864,0.102,0.934,0.18,0.648,0.14697,0.525,0.15114
0,0.91,0.0,1.21,-0.786,0,0.0,0.622,-0.625,1.144,0.549,-0.252,-0.727,0.0,0.0,0.0,0.0,0.628,-0.974,0.784,-0.447,0.0,0.0,0.206,-1.4,-0.963,-0.548,-0.836,-0.502,1,-0.561,1,-0.584,0.0,0
1,0.623,0,0.867,0.017,0.69,-0.032,1.478,-0.027,1.067,-0.04,0.908,-0.047,0.618,-0.133,1.065,-0.15727,0.501,-0.085,1.376,-0.121,1,-0.118,1.213,-0.19272,0.724,-0.111,1.445,-0.252,1.094,-0.111,0.793,-0.152,0.886,-0.283
0,0.0,0.0,0,0.0,0.0,0.0,0.0,0.0,0.0,0.0,0.0,0.0,0.0,0.0,0.0,0.0,0.0,0.0,0.0,0.0,0.0,0,0.0,0,0.0,0,1.323,-0.741,0.0,0.0,0.0,0.0,0.0,0.0
1,1.282,0.0,0.491,-0.118,0.494,-0.067,1.369,-0.13,1.448,0.068,0.92003,-0.01,1.072,-0.148,0.843,-0.266,0.767,-0.23,1.353,-0.271,1.116,-0.378,0.489,-0.39458,1.187,-0.201,1.136,-0.27,0.81,-0.292,0.741,-0.249,0.69531,-0.41573
0,1.068,0.0,0.191,-0.279,0.0,0.0,0.68182,-0.839,0.421,0.482,0.791,0.037,0.183,-1.108,0.0,0,0.538,-0.433,0.45076,-1.106,0.0,0.0,0,0.0,0.285,0.225,0.6,-0.32,0.031,-0.612,0.243,-0.357,0.0,0.0
1,1.446,0.0,0.922,-0.719,0.995,-0.03692,1.306,-1.19,0.613,0.66942,1.029,-0.149,0.585,-0.117,1.128,-0.15017,0.563,-0.134,1.142,-0.215,0.763,-0.134,1.188,-0.244,0.725,-0.29852,1.17,-0.376,0.972,-0.411,1.49,-0.55,0.727,-0.554
0,1.066,0.0,0.0,0.0,0,0.0,0.0,0.0,0.0,0.0,0.389,0.783,0.0,0.0,0.0,0.0,0.4,-0.439,0.675,-1.155,0,0.0,0.0,0.0,0.0,0,1.078,0.10976,0.0,0.0,0.0,0.0,0.0,0.0
1,1,0.0,1.119,0.005,0.752,-0.11313,0.671,-0.151,1.05,-0.042,0.96484,-0.104,0.85221,0.02,0.455,-0.143,1.311,-0.087,0.854,-0.056,1.063,0.0,0.612,-0.048,0.813,-0.294,0.762,-0.131,1.327,-0.127,0.716,-0.38,0.419,-0.282
0,1,0,0.15,0.097,0.0,0.0,0.0,0.0,0.288,0.995,0.341,1,0.0,0.0,0.0,0.0,0.285,-1.243,0.259,-1.167,0.0,0.0,0.0,0.0,-0.42568,-0.522,1.335,-0.505,0.796,-0.302,0.0,0.0,0.0,0.0
1,1,0.0,0.945,-0.626,0.575,-0.436,1.096,-0.97450,0.669,-0.234,1.367,-0.173,0.592,-0.596,0.718,-0.749,1,-0.79603,1.065,-0.885,0.53,-1.071,0.413,-0.926,0.737,-0.511,0.791,-0.87,0.938,-0.556,1.35,-0.925,0.354,-0.552
0,0.959,0.0,0.967,-0.569,0,0.0,0.0,0.0,0.69,1.225,1.293,-0.252,0.0,0.0,0,0.0,0.512,-0.22727,0.576,-0.888,1.034,-0.737,0.0,0.0,0,0.0,1.261,-1.272,-0.109,-1.108,0.0,0.0,0.0,0.0
1,0.687,0.0,0.735,0.236,1.124,0.313,0.867,0.424,0.75,0.455,0.513,0.47,0.141,0.579,-0.036,1.24,-0.17241,0.503,-0.468,0.65747,-0.406,0.813,-0.7,0.305,-0.342,0.25747,-0.924,0.107,-0.607,-0.07816,-0.8,-0.229,-0.626,-0.287
0,1.273,0.0,0.512,-0.61000,0.0,0.0,1.493,-1.497,0.465,1.292,0.463,0.64000,0.0,0.0,0,0,0.482,-0.375,0.733,-0.754,0.0,0.0,0.0,0.0,0.293,0.709,0.642,0.278,0.0,0.0,0.0,0.0,0.0,0.0
1,0.984,0.0,0.783,0.259,1.183,0.574,0.915,0.764,0.626,0.627,0.304,1.156,0.097,0.73,-0.248,0.487,-0.34168,0.83,-0.46,0.64527,-0.387,0.29,-0.547,0.425,-0.387,0.03591,-0.503,-0.171,-0.64962,-0.176,-0.633,-0.408,-0.38,-0.605
0,0.533,0.0,0.95,0.906,-1.087,0.707,-0.367,0.551,0.062,0.305,-0.248,-0.10241,-0.041,-0.06,0.019,-0.033,0.009,-0.006,0.005,0.001,0.001,0.001,-0.0,0.0,-0.0,0.00002,-0.0,0.0,0,0.0,0.0,0.0,0.0,0
1,1,0.0,0.162,-0.127,0.32,0.038,0.2,0.214,0.23810,0.104,0.481,0.027,0.361,-0.029,0.256,-0.053,0.199,-0.133,0.291,0.027,0.405,0.0,0.234,-0.177,0.239,-0.04762,0.306,-0.023,0.19048,0.0,0.232,-0.01,0.078,-0.025
0,1.433,0.0,0.575,-0.101,0.561,0.041,0.406,-0.015,0.43,0.011,0.502,-0.023,0.72131,0.0,0.613,-0.139,0.222,-0.086,0.943,-0.17176,0.67213,0.045,0.754,-0.29,0.31148,-0.402,0.414,-0.259,0.211,-0.022,0.207,-0.631,0.613,-0.071
1,1.253,0.0,1.466,0.0,0.465,0.047,0.799,0.052,1.024,0.0,0.535,0.036,0.877,0.067,0.542,0.117,0.62727,0.29,1.018,0.161,0.428,0.122,0.622,0.117,0.632,0.125,0.859,0.22,0.67273,0.023,0.368,0.16465,0.465,0.17077
0,1,0.0,0.368,0.337,-0.722,0.074,-0.16628,-0.818,0.66667,0.016,0.984,0.45,-0.699,0.214,-0.491,-0.63668,0.617,0.156,0.343,0.087,-0.292,0.305,-0.379,-0.252,0.283,0.447,0.504,0.225,0.498,0.213,-0.587,-0.157,0.178,-0.77
1,0.843,0,0.86889,-0.036,1.12,-0.034,1.166,-0.039,0.87778,0.002,0.422,-0.052,1.488,-0.081,0.679,-0.16,1.077,0.043,1.233,-0.048,1.005,-0.101,1,-0.222,0.54,0.047,1.127,-0.158,0.671,-0.128,1.024,-0.144,0.697,-0.502
0,0.62,0.0,0.406,-0.098,0.333,-0.158,0.256,-0.942,0.491,-0.048,0.29091,-0.064,0.413,0.166,0.245,-0.296,0.20000,-0.01818,0.389,0.081,0.066,0.276,0.783,0.16364,0.349,0.242,0.441,-0.063,0.174,-0.048,0.116,-0.368,0.168,-0.388
1,1,0.0,0.622,-0.518,0.786,0.805,0.711,-0.067,0.756,0.0,0.798,-0.0,0.507,0.07547,0.785,-0.035,1.461,-0.001,0.526,0.0,0.639,0.064,0.573,-0.001,1.021,1.121,0.58,-0.001,0.517,-0.836,0.79,0.43396,0.499,-0.11321
0,1.182,0.0,0.585,0.598,-0.558,-0.242,0.415,-0.089,0.463,-0.091,-0.579,0.189,0.355,0.0,0.282,-0.073,-0.331,0.51163,0.16,0.02,0.415,0.058,0.233,-0.156,-0.57255,-0.052,0.167,-0.295,0.739,0.0,-0.66667,-0.024,0.311,0.02381
1,1.09,0.0,0.293,0.031,0.678,-0.053,0.332,0.0,0.441,-0.049,0.47917,0,0.269,0.058,0.697,0.02083,0.638,-0.216,0.248,-0.272,0.494,0.083,0.211,0.18,0.493,-0.159,0.263,-0.124,0.603,-0.065,0.58333,-0.16,0.466,-0.043
0,0.973,0,1.036,0.91,0.0,0,0.0,0.0,0.0,0.0,0.373,-0.667,-0.575,0.352,-0.763,0.427,0.538,1.279,0,0.0,0.0,0.0,0.511,0.107,-1.421,-0.671,0.78,-0.527,1.084,1.291,0,0.0,0.0,0.0
1,0.846,0.0,1.276,0.05,0.786,0.145,0.479,0.183,0.509,-0.458,1.234,0.754,0.983,0.301,0.772,0.48,0.375,0.40844,0.95472,0.756,0.52,0.605,0.312,0.226,0.228,0.508,0.323,0.564,0.90330,0.503,0.118,0.39620,0.278,0.391
0,1,0.0,0.643,0.293,0.969,0.80521,0.868,0.704,0.856,-0.164,0.95,0.06,1.413,-0.913,1.319,0.88444,0.692,-0.075,0.518,0.264,0.562,-0.69594,0.893,-0.904,0.34,-0.292,1.349,0.233,0.324,0.529,0.99,1.07,0.558,0.777
1,1,0.0,0.89,0.064,0.678,-0.016,0.62,0.02555,1.351,-0.108,0.725,-0.038,0.986,-0.019,1,-0.029,0.771,-0.05179,1.025,0.009,1.1,-0.1,0.884,-0.071,0.63,-0.189,0.529,-0.047,0.712,0.013,1.02,-0.06,0.609,-0.053
0,1,0,0.0,0.0,-0.3,1.265,0.0,0.0,0.599,-0.673,1.328,0.281,-0.136,-0.715,-0.237,0.57,0.94155,0.108,0.0,0,0.0,0.0,-0.137,-0.737,0.0,0.0,0.522,-0.547,0.0,0.0,0.023,0.871,0.0,0.0
1,1.098,0.0,0.722,0.006,1,0.00843,0.701,-0.009,1.406,-0.023,0.715,-0.018,1.167,-0.007,0.669,-0.022,0.767,-0.011,0.98485,0.0,0.881,-0.02612,0.896,-0.048,0.485,-0.058,1.233,-0.04,1.156,-0.028,0.548,-0.023,0.538,-0.049
0,1,0.0,0.0,0,1.211,-0.192,0.283,-0.073,0.0,0.0,0.676,0.095,0.652,-0.273,0.75,0.05,0.556,-0.11351,0.0,0.0,0.58,-0.261,0.942,-0.212,0.0,0.0,1,-0.204,0.0,0.0,1.242,-0.36,0.204,-0.092
1,0.905,0.0,0.745,0.017,0.342,-0.025,0.764,0.039,0.173,0.179,0.43313,0.04755,0.162,0.053,0.387,0.0,0.473,0.0,0.31707,0.063,0.277,0.147,0.255,0.073,0.181,0.067,0.185,0.051,0.126,0.032,0.273,0.0,0.231,0.07317
0,1.212,0.0,1.458,1.151,0.895,-0.651,0.0,0,0.0,0.0,1.22,0.843,1,-0.687,1.493,1.294,0.745,-0.719,0.0,0.0,0,0.0,0.761,-0.382,0.0,0,1.389,-0.868,1.458,1.465,0.851,-0.578,0.0,0.0
1,1,0,0.303,0.184,0.523,0.318,0.262,0.109,0.572,0.672,0.182,0.505,0.068,0.285,0.0,0.51020,-0.056,0.333,-0.207,0.568,-0.369,0.473,-0.303,0.3,-0.659,0.286,-0.315,0.188,-0.446,0.182,-0.409,0,-0.219,-0.276
0,1,0.0,0.0,0.0,1.428,-1.235,0.0,0.0,0.0,0.0,1.222,0.977,1,-0.25342,0.547,0.173,1,-0.701,0.0,0.0,0.0,0.0,0.582,0.984,0.0,0.0,1.135,-0.837,0.0,0.0,1.104,-0.533,0.0,0.0
1,1.243,0.0,1.199,0.38235,0.61,0.378,0.393,0.758,0.597,0.875,0.135,0.606,-0.023,0.749,-0.211,0.942,-0.349,0.903,-0.516,0.71,-1.005,0.425,-0.851,0.131,-0.871,-0.12500,-0.767,-0.24131,-0.786,-0.549,-0.383,-0.561,-0.234,-0.56618
0,0.872,0.0,-1.114,0.233,0.22222,0.175,-0.539,-0.746,-0.162,0.379,-1.247,1.283,-0.465,0.371,-0.759,-0.015,-1.41,-1.112,-0.419,-0.751,-0.04575,-0.83007,1.032,-0.627,-1.178,-0.326,0.835,0.125,-0.713,0.053,0.18301,0.016,-0.363,-0.574
1,1.426,0.0,0.198,-0.089,0.494,0,0.33333,-0.145,0.36667,0.158,0.776,0.019,0.492,0.054,0.553,-0.075,0.377,0.17,0.242,-0.009,0.263,0.221,0.70000,0.0,0.166,0.17,0.348,0.078,0.559,0.019,0.697,0.02,0.239,-0.033
0,0.791,0.0,-0.368,0.588,-0.248,0.181,-0.155,-0.04444,0.038,-0.053,0.057,0.021,-0.012,0.034,-0.01586,-0.002,-0.001,-0.005,0.004,-0.00153,0.002,0.003,-0.001,0.002,-0.001,-0.0,0.0,-0.0,0.0,0.0,0,0.0,-0.0,0.0
1,1.198,0.0,1,-0.534,0.608,0.259,0.44,-0.24324,0.557,0.211,1.234,-0.189,0.419,0.0,0.326,-0.055,0.36,-0.114,0.769,-0.235,0.826,0.052,0.853,0.078,0.224,-0.272,0.537,-0.22163,0.382,-0.161,0.636,-0.636,0.719,-0.24324
0,1.421,0.0,0.872,-0.044,-1.136,-0.166,-0.801,-0.02,1.087,0.009,0.93359,-0.017,-1.005,0.195,-1.407,-0.003,1.023,-0.02,1.218,-0.041,-0.501,0.08,-0.93359,0.2,0.767,-0.005,0.73,0.13758,0.467,-0.074,-1.024,-0.158,-0.872,-0.34375
1,1.4,0,0.675,0.03,1.017,-0.013,1.105,0.011,1.034,-0.012,1.379,0.004,0.95665,-0.015,1.207,-0.004,0.905,-0.028,1.473,0.01,0.536,-0.04971,0.737,-0.027,0.601,-0.059,1.139,-0.014,1.378,0.015,1.408,-0.019,0.721,0.00809
0,1,0,1.244,-0.034,0.548,-1.449,0.5,-0.164,0.242,-0.138,0.732,-0.311,0.164,-0.062,1.067,-0.221,0.852,-0.307,0.867,-0.438,0.0,-0.249,0.978,-0.564,0.609,-0.329,0.629,-0.57092,0.584,-0.232,1.261,-0.38,1.213,-0.488
1,1,0,0.245,-0.106,0.245,-0.057,0.22,-0.045,0.037,-0.05,0.03,-0.027,0.021,-0.033,0.005,-0.018,0.00281,-0.007,0.001,-0.003,-0.00003,-0.004,-0.0,-0.001,-0.0,-0.001,-0.0,-0.0,-0.0,-0.0,-0.0,-0.0,-0.0,-0.0
0,1,0,0.522,-0.066,1.058,0.0,0.707,-0.04,0.49,-0.151,0.634,-0.15,0.862,-0.069,0.387,-0.066,0.289,-0.087,0.704,-0.172,0.698,-0.19608,0.562,-0.234,0.492,-0.176,0.493,-0.357,0.708,-0.266,0.43137,-0.188,0.51,-0.192
1,1,0.0,0.355,0.174,0.385,0.209,0.212,0.205,0.098,0.273,0.01070,0.14922,-0.025,0.09,-0.055,0.042,-0.027,0.034,-0.025,0.019,-0.019,0.005,-0.015,-0.003,-0.01,-0.008,-0.009,-0.004,-0.001,-0.006,-0.0,-0.00408,0.0,-0.001
0,0.763,0.0,-0.602,0.197,0.072,0.0,0.0,0.084,0.365,0.051,0.112,0.0,-0.03125,0.122,0.052,0.0,0.104,-0.152,0.553,-0.386,0.0,-0.091,0.0,0.0,0.035,-0.44,0.038,0.0,-0.71875,0.018,-0.03125,0,0.0,0.092
1,0.995,0.0,1.128,-0.013,0.536,-0.032,1.349,-0.044,0.72,-0.02,0.98919,-0.035,1.474,0.114,0.514,-0.06486,0.969,0.132,0.939,-0.008,1.075,0.089,1.142,0.031,0.62,0.052,0.601,0.009,1,-0.034,0.625,0.024,1.03,-0.07027
0,1,0,0.668,0.063,1,0.08069,0.823,1.491,0.602,-0.006,0.636,0.042,1.078,0.365,0.678,0.679,0.532,0.029,1.277,0.101,0.552,0.47,0.765,-1.203,0.555,0.028,1.393,0.731,0.713,0.079,1.006,0.588,1.396,0.554
1,0.895,0.0,0.469,-0.014,1.207,0.118,0.522,0.011,1.377,0.005,0.69,-0.016,1,0.0,0.526,0.063,1,0.029,1.041,0.04278,1.292,0.024,1.17,-0.022,0.502,0.05348,0.865,0.024,1.299,0.007,1.191,0.079,0.766,0.068
0,1,0.0,-0.112,0.357,0.257,0.066,0.351,0.31750,0.177,0.417,0.243,-0.265,0.075,0.139,-0.111,0.117,-0.063,0.214,-0.34187,0.32,-0.558,-0.099,0.328,0.292,-0.755,-0.165,0.276,-0.363,-0.35,0.131,-0.177,-0.238,0.40445,0.035
1,1.224,0.0,0.656,0.036,0.679,0.063,0.502,0.09,0.70000,0.0,0.447,0.0,0.6,0.0,0.436,0.0,0.659,0.10000,0.824,0.147,0.425,-0.017,0.682,0.0,0.63333,0.161,0.388,0.139,0.694,0.133,0.833,0.249,0.838,0.16667
0,1.162,0.0,0.048,-0.006,0.064,0.006,0.0,-0.011,0.005,-0.035,0.017,-0.08,-0.004,0.077,0.037,-0.03,0.0,0.116,-0.06425,0.067,-0.063,0.023,0.039,-0.00559,0.005,0.007,0.10335,-0.00838,0.026,-0.004,0.051,0.0,0.032,-0.043
1,1.212,0.0,0.94653,0.245,0.652,0.821,0.661,1.064,0.013,0.641,-0.363,0.84475,-0.47644,0.487,-1.06,0.374,-0.395,0.055,-0.487,-0.292,-0.72,-0.506,-0.30851,-0.419,-0.06,-0.763,0.236,-0.73,0.506,-0.217,0.316,-0.152,0.542,-0.045
0,0.896,0.0,0.067,0.015,-0.024,0.059,0.019,0.042,-0.041,0.009,0.015,-0.037,-0.048,0.053,-0.054,-0.049,-0.064,0.08046,-0.04023,0.05172,0.012,0.02299,-0.048,-0.013,0.032,-0.009,0.007,0.022,0.019,0.01,0.016,0.013,-0.048,-0.007
1,0.533,0.0,0.745,-0.01084,0.436,0.012,0.591,0.003,0.79015,0.009,0.641,-0.008,0.542,0.047,0.531,0.013,0.888,-0.01,0.554,-0.034,0.742,0.037,0.855,0.079,0.718,-0.016,0.953,0.007,0.729,-0.036,0.82956,0.02956,0.869,0.009
0,1.106,0.0,0.04,0.03,0.00428,0,0.021,-0.022,0.019,-0.033,-0.065,-0.01284,0.011,-0.015,0.0,-0.036,-0.047,-0.016,-0.022,0.04,0.028,0.006,0.05136,-0.021,0.073,0.023,0.045,0.021,0.017,0.005,-0.038,-0.019,-0.016,0.011
1,1.123,0.0,0.25,0.152,0.352,0.208,0.344,0.47619,0.013,0.353,-0.022,0.642,-0.438,0.31217,-0.368,0.368,-0.51587,0.099,-0.624,-0.159,-0.123,-0.101,-0.173,-0.418,-0.23280,0.002,0.049,-0.353,0.082,-0.171,0.225,-0.129,0.189,0.059
0,1.273,0.0,0.125,0.004,0.199,-0.045,0.157,-0.096,0.12586,-0.042,0.164,-0.01,0.12357,0.116,0.081,-0.18,0.187,-0.067,0.18993,0.057,0.115,0.0,0.11213,-0.003,0.112,-0.059,0.078,0.008,0.065,-0.073,0.063,-0.058,0.159,-0.058
1,1,0.0,1.178,0.35,0.703,0.736,0.276,0.945,-0.492,0.953,-1.04,0.527,-0.429,0.0,-0.834,-0.356,-0.36,-0.79,-0.067,-0.485,0.398,-0.63620,0.448,-0.519,0.448,-0.037,0.481,0.30384,0.45521,0.503,0.022,0.691,-0.322,0.274
0,1,0.0,0.01975,0.006,0.049,-0.01,0.021,0.006,0.007,0.049,0.001,0.002,0.016,-0.03103,-0.014,0.085,-0.046,0.03,-0.027,-0.002,0.05,-0.027,0.016,0.0,0.0,-0.01,0.015,-0.007,0.003,-0.017,-0.018,-0.013,0.00705,0.0
1,0.572,0.0,0.85736,0.001,0.472,-0.05676,0.715,-0.059,1.198,0.119,0.788,0.134,0.445,-0.042,0.841,0.018,0.857,-0.091,0.992,-0.154,0.769,0.018,0.725,0.03,0.672,-0.01942,0.584,-0.03678,1.092,-0.082,0.473,-0.02,0.704,-0.082
0,1.067,0.0,0.93,-0.629,1.07,1.267,-1.012,1.149,0.57,-1.4,1,-1.415,-1,-1.183,-0.753,0.62,0.836,0.872,1.184,1.334,-1.181,0.786,1,-0.502,0.563,-0.798,0.996,0.561,0.673,1.21,-0.91,0.767,-1.477,1
1,1,0.0,1.26,0.264,0.38,0.76432,0.128,1.462,-0.435,1.119,-0.418,0.433,-0.93092,0.104,-0.575,-0.265,-0.385,-0.353,-0.141,-1.046,0.303,-0.49,0.402,-0.219,0.872,-0.249,0.707,0.265,0.28,0.461,0.099,0.928,-0.068,0.64933
0,1,0.0,0.839,1,0.556,0.47,0.742,-0.822,0.86,0.793,0.02500,0.025,0.651,1.157,0.0,0.0,0.7,-0.741,1.018,1.293,1.498,1.017,0.369,1,0.596,0.718,1.399,0.623,1.09,1.023,-0.904,0.577,0.0,0.0
1,1.187,0.0,0.505,0.465,0.58,0.843,0.021,0.799,-0.379,0.637,-1.053,0.504,-0.671,0.147,-0.846,-0.277,-0.64706,-0.88,-0.205,-0.674,0.35294,-0.513,1.112,-0.721,1.344,-0.251,1.229,0.3,0.933,0.56863,0.34,0.90196,-0.152,0.539
0,1,0.0,0.0,0.0,-0.749,-1.174,-0.509,1.232,0.0,0,-1.044,1.392,0.976,0.506,0.526,-0.782,0.0,0.0,0,0.0,-1.34,-1.373,-0.78,1,0.973,0.503,1.284,-0.825,0.0,0.0,-1.036,-0.846,-1.421,0.503
1,1.458,0.0,0.662,0.303,0.53695,1.338,-0.29,1.263,-0.254,0.645,-1.371,0.274,-0.6,-0.104,-1,-0.13,-0.66667,-0.441,0.55556,-1.068,-0.247,-0.438,0.714,-0.216,0.293,0.0,0.882,0.439,0.859,1.002,0.233,1.128,-0.703,1.029
0,0.0,0.0,0.0,0.0,0.0,0.0,0.0,0.0,0.0,0.0,0.0,0,0.0,0.0,0,0.0,0,0.0,0.0,0.0,0.0,0.0,0.0,0.0,0.0,0.0,0.727,0,0.0,0.0,0.0,0.0,0.0,0.0
1,0.823,0,1.02,0.0,1.125,0.0,0.698,0.563,1.007,0.0,0.636,0.146,0.752,0.14210,1.224,0.16228,0.696,0.217,0.509,0.274,0.742,0.0,1,-0.289,0.684,0.386,0.486,0.202,0.808,0.168,1.038,0.253,0.94,0.191
0,0.0,0.0,-1.167,0.87,1,1.013,0.0,0.0,0.528,-1.191,1,-0.522,0.519,-1.275,-1.476,-0.895,0.0,0.0,-1.182,-0.892,0.0,0.0,0,0.0,-0.737,-0.526,0.917,-1.482,1,1.06,-0.896,-1.48,0.0,0.0
1,1,0.0,0.71,0.0,1.237,0.0,0.497,0.103,1,-0.101,0.637,-0.085,1.098,-0.18,0.77778,0.0,1.012,0.0,0.652,-0.113,0.967,-0.124,0.828,-0.074,0.483,0.0,0.853,-0.047,0.669,0.128,0.486,-0.11111,0.58,0.0
0,0.0,0.0,0.0,0.0,0.0,0,0.0,0.0,0.0,0.0,0.0,0,-0.899,-1,0.0,0.0,0.845,0.75000,0.0,0.0,0.0,0.0,-1.206,0.594,0.0,0.0,1.367,-0.705,-1.157,-1.224,1.472,0.589,0.0,0.0
1,1.291,0.0,1.449,0.307,1.06,-0.455,1.022,0.133,1.328,-0.108,0.959,0,1.139,-0.158,1.261,-0.25,0.577,0.123,1.293,0.0,0.843,-0.36364,0.825,0.125,0.663,-0.09091,0.888,-0.04914,0.721,0.635,1.437,-0.201,0.687,-0.211
0,1,0.0,0.802,-0.409,0.0,0.0,0.0,0.0,0.233,0.4,0.366,0.342,-0.106,0.465,0.277,0.31439,-0.784,0.248,0.092,-0.174,0.023,-0.575,-0.517,0.184,0.435,-0.304,0.25758,-0.862,0.43182,0.279,0.108,-0.012,0.111,-0.539
1,1,0,1.054,0.15,0.873,0.211,0.827,0.429,1.059,0.037,0.599,0.153,1,0.133,0.984,0.261,0.744,-0.074,0.918,-0.13,0.912,0.445,1.299,0.502,0.901,-0.11765,0.533,0.237,1.235,0.058,0.604,0.431,1.015,0.305
0,1,0.0,0.0,0.0,-0.93,-0.712,1.027,0.361,0.07979,-0.275,-0.701,-0.303,0.168,-0.649,1.428,-1.062,0.0,0.0,0.821,-0.069,-0.204,1.099,0.177,-0.70745,0.0,0.0,-0.211,-0.457,-0.175,-0.48936,0.851,1.318,-0.929,0.472
1,0.868,0.0,0.624,0.166,0.727,-0.223,0.927,0.282,0.87500,-0.084,0.91667,0.062,0.928,0.147,0.714,0.0,0.724,0.04167,0.666,0.044,0.741,-0.111,0.932,0.182,0.631,-0.173,0.94,0.06,1.485,0.297,0.745,0.0,0.968,0.04167
0,0.903,0,0.255,-0.088,0.0,0.0,0.0,0,0.0,0.0,0.0,0.0,0.144,-0.273,0.0,0.0,0.0,0.0,0,0.0,0.0,0.0,-0.027,-0.077,0.044,0.12,0.123,-0.157,0.088,0.072,0.018,-0.03,0.112,0.19551
1,0.702,0.0,1.085,-0.05,0.774,-0.096,0.791,-0.348,1,-0.44,0.586,-0.51,1.199,-0.272,1.12,-0.321,0.585,-0.65224,1.017,-0.625,0.652,-0.503,0.324,-0.74785,0.621,-1.226,0.624,-1.087,0.322,-0.622,0.267,-1.267,0.192,-0.89621
0,0.529,0.0,0.831,1.27,-1.253,0.679,-0.564,-1.137,0.34649,0.204,0.405,0.046,0.285,0.084,0.466,0.314,0.579,-0.058,0.22807,0.568,0.0,0,-0.421,-0.141,1.14,-0.764,0.7,-1.494,0.937,-0.158,0.35088,0.109,0.519,0.076
1,0.801,0.0,0.87,0.281,0.799,0.003,0.99,-0.204,1.005,-0.281,0.371,-0.21,1.034,-0.28,0.744,-0.48,0.526,-0.342,0.235,-0.55059,0.688,-0.5,0.464,-0.208,0.12,-0.592,0.362,-0.388,0.137,-0.435,0.15657,-0.419,0.18353,-0.46603
0,0,0.0,-1.024,0.577,1.187,-1.267,0.0,0.0,0.0,0.0,0.93,-0.895,1.407,0.639,0.0,0.0,0.505,-1.476,0.0,0.0,0,0.0,1.488,0.709,-0.843,0.923,1,-0.913,-1.322,0.517,-1.346,-1,0.0,0.0
1,1,0.0,1.092,-0.109,0.726,-0.161,0.684,-0.142,0.967,-0.152,0.846,-0.165,0.7,-0.702,0.918,-0.49967,0.359,-0.542,0.274,-0.828,0.251,-0.472,0.33509,-0.509,0.089,-0.508,0.124,-0.299,-0.07162,-0.407,-0.012,-0.757,-0.094,-0.401
0,1,0.0,-0.672,-0.596,-0.316,1.213,1.216,-1.244,1,0.53,0.0,0.0,0.23958,-0.609,1.067,0.584,0.0,0.0,1,0.79,1.065,0.867,0.0,0.0,-1.058,0.548,0.326,-0.639,1.021,-1.478,0.35,-0.732,0.484,1.018
1,1,0.0,0.861,0.535,0.591,0.76160,0.108,0.519,-0.325,1.233,-0.536,0.809,-0.93882,0.251,-1.254,-0.202,-0.435,-0.427,-0.211,-1.249,0.117,-0.829,0.484,-0.386,0.652,-0.343,0.523,0.065,0.474,0.42827,0.288,0.389,-0.003,0.803
0,0.525,0,0.88,0.994,0.0,0.0,0.782,-0.597,-1.279,-0.714,0.856,0.527,0.924,-0.513,0.0,0,1.371,-1.084,1.287,1.163,0.0,0.0,0.799,-1,-1.187,-1.245,1.493,0.843,-0.847,0.78,-1,0.782,0.0,0.0
1,1,0.0,1.232,0.63548,1.149,1.421,0.652,0.671,-0.348,1.373,-0.666,0.526,0.0,1,-1.265,1,-0.973,0.0,-1.284,-0.337,-0.839,-1.137,-1.392,-0.435,-0.319,-1.261,0.232,-1.34,0.821,-0.503,0.0,-0.976,1.036,-0.783
0,0.0,0.0,-0.681,0.972,-1.349,-0.939,0.0,0.0,-1.142,1.05,1.075,-0.756,-0.567,-0.917,-1.112,1.068,0.0,0.0,-1.321,-1.128,-1.263,0.563,0.0,0.0,1.49,-1,1,0.878,1.458,-0.763,1,0.995,0.0,0
1,1,0.0,0.554,0.085,1.006,0.14211,0.654,0.259,1.078,-0.141,1.203,0.309,0.536,0.499,0.634,0.429,-0.41,0.552,1.054,0.0,1,1.258,1.066,0.571,0.625,0.733,0.903,1.446,1.02,0.24,0.679,0.514,1.03,1
0,0.0,0.0,-0.99,-1,0,0.0,0.0,0.0,0.0,0.0,0.0,0.0,0.0,0.0,1.125,-0.697,0.0,0.0,-1,-0.87,0.0,0,1.408,0.87,1.155,-0.928,1.48,-1.368,0.0,0.0,0.0,0.0,0.0,0.0
1,0.856,0.0,0.328,-0.101,0.395,-0.079,-0.149,-0.218,0.273,0.04403,0.562,-0.327,0.258,-0.31997,0.035,-0.115,0.20269,-0.268,0.119,-0.43,0.073,-0.164,0.078,-0.284,0.016,-0.293,-0.0,-0.121,-0.02,-0.186,-0.052,-0.17,0.018,-0.27201
0,1,0.0,0,0.0,0.0,0.0,0.0,0.0,0.0,0.0,0.718,-0.239,0.207,0.351,0.0,0.0,0.0,0.0,0,0.0,-0.129,-0.21875,-0.157,1.042,-0.995,0.332,0.029,0.417,-0.266,-0.669,-0.153,-0.352,-0.183,-0.544
1,1.078,0.0,1.206,0.036,1.379,0.136,0.793,0.14756,1.045,-0.157,0.598,0.623,0.80426,0.238,0.656,0.335,0.457,0.371,0.533,0.29304,0.443,0.172,0.681,0.377,0.335,0.399,0.381,0.192,0.27381,0.258,0.199,0.214,0.163,0.097
0,1,0.0,1.397,-0.139,-0.737,-1.375,-0.843,-1.458,0.76,0.456,0.559,0.76190,-1.389,-1,-1.261,1.189,0.342,1.151,0.959,1.06,0.457,-0.851,-1.354,-1.022,0.478,0.485,0.578,1.162,0.675,0.656,-1.449,-0.32540,-0.651,0.882
1,1.178,0.0,0.52,-0.001,0.742,0.326,0.549,-0.40129,1.365,0.218,1.344,0.093,1.073,0.091,0.835,0.053,0.644,-0.379,0.746,-0.075,1.096,0.234,0.482,-0.032,1.098,-0.019,0.628,-0.034,0.98544,0.063,0.954,-0.10194,0.771,-0.14725
0,1.428,0.0,0.994,-1.273,1.457,1.104,0.873,1.1,1,-0.564,0.739,1,1,0.651,0.984,0.827,0.0,0.0,1.173,0.744,1.295,1.109,1.265,-1.054,0.783,1.059,0.533,0.574,0.623,-0.926,-0.676,0.896,1,1.222
1,1.111,0.0,1,0.255,1,-0.681,1.04,-0.091,1.027,0.151,1.243,0.306,1.01,-0.037,1.375,0.036,1.018,-0.18954,0.956,-0.128,0.964,0.038,0.58,0.065,0.93,-0.017,1.263,-0.032,0.763,0.044,1.129,-0.161,0.973,-0.11717
0,0.973,0.0,0.266,-0.681,-1.122,-0.786,-0.114,1,0.995,0.788,0.718,-0.323,-1,-0.473,-0.09677,0.621,0.637,0.693,0.181,-0.151,-0.153,-0.233,-0.143,0.06895,0.041,0.095,0.029,-0.013,-0.005,-0.011,-0.01,0.001,0.0,0.003
1,1,0.0,0.624,0.489,0.846,-0.149,1.305,-0.07653,0.98151,-0.046,0.801,0.163,1.258,0.013,0.654,0.024,0.749,-0.155,0.704,0.067,1.153,0.002,0.932,0.30804,1.144,-0.096,1.459,-0.004,0.937,0.063,0.823,-0.211,0.552,-0.079
0,0,0.0,0.0,0.0,0.0,0.0,0.0,0,0.0,0.0,0.0,0.0,0.858,1.433,0.783,0.93,1,-1.258,0.0,0.0,0.734,1.477,0.644,-1.031,0.54,0.502,1.014,0.0,0.867,0.936,0.56,-1,0.0,0.0
1,1.296,0.0,0.873,-0.279,0.936,-0.271,0.94623,-0.184,1.041,-0.198,1.05,-0.287,1.318,-0.44119,0.693,-0.58899,0.449,-0.819,0.624,-0.417,0.375,-0.373,0.373,-0.87327,0.363,-0.589,0.335,-0.472,0.197,-0.998,0.162,-0.591,0.136,-0.606
0,1,0.0,0.0,0,0.0,0.0,0.0,0.0,-1.199,-1,0.0,0.0,0.97,-1.368,0.0,0.0,-1.173,-1.304,-0.576,-1.248,0.835,-1.315,-0.326,-0.554,0.504,1.465,-1,-0.263,1.004,-0.904,0.0,0.813,0.0,0.0
1,1,0.0,1.008,0.128,0.764,-0.09091,1.112,0.0,1.103,0.0,1.149,0.0,1,0.045,0.779,-0.067,1,0.0,0.55,0.0,1.256,0.059,0.957,0.061,1.292,0.066,0.644,0.027,1.139,0.121,0.516,-0.064,0.788,0.036
0,0.0,0.0,0.0,0.0,-0.919,1.196,0.958,0.551,-1.217,-1.322,0.0,0.0,-1.269,-0.528,-1,-0.46,-0.706,-1,1,-1,0.733,-1.238,0.0,0.0,1.066,-0.67,-0.72,-1.359,0.0,0.0,0.528,-1.422,0.0,0.0
1,1,0.0,0.989,-0.062,0.787,0.255,0.625,0.094,0.638,-0.029,0.97059,-0.201,0.664,0.14706,1.106,0.033,0.546,0.0,1.221,0.0,0.909,0.11765,0.858,0.03,0.647,0.038,1.301,0.013,0.651,-0.105,1.157,0.048,0.552,0.055
0,1.186,0.0,-1.329,0.758,-0.809,0.15244,0.328,0.883,-1.051,1,-1.093,-1.307,1.198,0.896,-0.966,-0.216,0.402,-0.779,0.584,1.319,-0.158,-0.956,-1.455,-1.171,0.89,-1.437,-0.982,-0.045,1.198,-0.866,-1,-0.463,0.092,1
1,1,0.0,0.47368,-0.153,0.929,0.017,1.108,0.026,0.726,-0.039,0.434,0.0,0.837,0.045,0.809,0.04,1.253,0.351,1.302,0.03,0.72550,0.07631,0.65,0.062,0.33,0.25,0.836,0.134,0.368,-0.148,0.656,0.124,0.381,0.142
0,0.859,0.0,-0.01,-0.436,0.0,0.0,-0.025,1.402,0.0,0.0,0.0,0.0,0.0,0.0,0.0,0,0.0,0.0,0.39,0.486,-0.48,0.833,-0.34615,-0.80769,0.0,0.0,-0.37,-0.768,0.0,0.0,0.0,0.0,0.0,0
1,1,0.0,0.685,0.412,1.469,0.69,0.817,0.785,0.528,-0.062,0.626,0.0,0.724,-0.675,0.556,0.236,0.715,-0.664,1,-0.142,0.742,-0.611,0.827,0.052,0.582,-0.122,1.029,0.05,1,0.32,0.641,0.929,0.868,0.27273
0,0,0.0,-1.27,-0.613,1.25,-1.346,-0.636,1.091,0.0,0.0,0.585,-1.225,1.206,-0.9,0.0,0.0,0.0,0.0,0.0,0.0,-1.133,1,0.902,-1,-1,0.965,0.951,0.958,0.0,0.0,1.316,0.578,0.0,0.0
1,1.344,0.0,0.559,0.113,0.354,0.09091,0.144,0.213,0.794,0.0,0.413,-0.097,0.672,-0.09091,0.669,-0.007,0.63636,-0.124,0.271,0.0,0.203,-0.073,0.375,0.234,0.192,-0.104,0.503,-0.014,0.196,0.0,0.503,0,0.23,-0.026
0,0.566,0.0,-1.133,-0.883,0.0,0,-1.315,0.92,-0.767,1,0.0,0,0.0,0.0,0.0,0.0,0.0,0.0,0.0,0.0,-1.177,-0.69,0.0,0.0,0.29839,0.249,0.561,0.751,0.0,0.0,0.0,0.0,0.0,0.0
1,1.148,0.0,0.628,0.106,1.374,0.487,0.996,0.463,0.616,-0.134,0.544,-0.21,0.58,0.031,0.613,0.0,0.376,-0.14286,1,0.025,0.617,-0.264,1.024,0.0,0.28571,-0.411,0.673,0.044,0.687,0.027,1,0.539,0.71,0.0
0,0.0,0.0,0.93,1,1.243,-0.613,1.396,1.394,1,1.442,0.925,1.183,0.633,-0.639,1.327,0.934,0.626,-0.969,0.58,-0.849,1.053,1.088,0.626,0.942,1.088,-0.789,0.991,0.614,1.352,0.788,1,1.263,0.608,1
1,0.952,0.0,0.437,0.27,0.773,0.673,0.059,0.95275,-0.415,0.749,-0.674,0.299,-0.747,0.235,-0.989,-0.264,-0.306,-0.767,-0.243,-0.966,0.141,-0.998,0.51557,-0.583,0.7,-0.141,0.534,0.10484,0.497,0.418,0.25974,0.812,-0.055,0.384
0,0,0.0,1.483,-1.17,1.025,1.291,1.224,-1.413,0.717,0.993,1.028,-1,1.485,-1.403,1,-0.881,1.251,1.315,0.537,0.892,0.935,0.997,1.328,-1.232,1.172,1.183,1.235,1.389,0.802,1.016,0.537,1,0.912,-1.259
1,0.66,0.0,0.972,0.061,0.89266,0.187,0.86098,0.216,1.067,0.501,0.841,0.533,0.76221,0.476,0.356,0.382,0.507,0.559,0.283,0.596,0.472,0.774,0.495,0.411,0.226,0.749,0.161,0.629,0.14,0.497,0.095,0.539,0.12,0.46571
0,0.0,0.0,1.414,0.706,1.15,-0.731,0.553,-1.35,0.651,0.752,0.0,0,1,-1.2,0.0,0.0,0.0,0.0,0.0,0.0,-0.507,0.579,1.412,1.353,0,0.0,1.33,1.431,0.0,0.0,-1.077,-0.873,0.0,0
1,0.88,0.0,0.735,0.078,0.93716,0.244,1.151,0.483,0.491,0.615,0.908,0.583,0.649,0.802,0.50830,0.816,0.248,0.99,0.212,0.569,0.131,0.47,0.006,0.88869,-0.07361,0.966,-0.175,0.912,-0.324,0.595,-0.508,0.465,-0.454,0.459
0,0.0,0.0,0.781,-1.433,-0.792,0.736,-1.182,1.239,1.032,1.047,0.749,1.376,-0.691,-1.153,-1,-1.258,0.616,1.227,0.787,-0.962,-1,-1,-1.262,-1.144,0.56,0.0,1.278,-1.141,1.346,-0.552,-0.864,0.618,-1.459,1
1,1,0.0,0.627,0.122,0.73061,0.122,0.56,0.192,0.418,0.269,0.262,0.394,0.368,0.429,0.264,0.37115,0.154,0.406,-0.097,0.379,-0.022,0.232,-0.065,0.311,-0.094,0.413,-0.289,0.47,-0.223,0.316,-0.228,0.131,-0.226,0.31154
0,0,0,0.576,-0.525,0.866,1.041,1.411,-1.296,0.649,1,0.977,-0.969,0.716,0.738,1.066,-0.943,0.643,-1.16,0.747,0.526,0.684,0.915,0.873,-1,0.808,-1.047,1.411,-1.276,1.452,0.813,0.804,-0.983,0.724,0.621
1,1,0.0,0.836,0.113,0.511,0.263,0.861,0.356,1.253,0.43,1.004,0.552,0.943,0.52284,0.69946,0.786,0.457,0.337,0.271,0.899,0.608,0.684,0.517,1.035,0.361,0.636,0.199,0.71,0.085,1.039,-0.031,0.962,-0.128,0.74242
0,0,0.0,0.0,0.0,1.466,1,0.0,0.0,0.598,1.217,0.0,0.0,0.669,-1,0.0,0.0,0,0.0,0.0,0.0,0.0,0.0,0.0,0.0,0.0,0.0,0.8,-0.732,0.0,0.0,-1.454,1.46,0.0,0.0
1,1,0.0,0.859,0.148,0.509,0.29757,0.383,0.486,1.04,0.773,0.436,0.698,0.438,0.674,0.31705,0.859,0.176,0.969,0.033,0.812,-0.12064,0.865,-0.133,0.685,-0.215,0.347,-0.38,0.704,-0.313,0.472,-0.716,0.504,-0.31,0.246
0,0.0,0.0,0,0.0,0.896,1,0.615,0.811,0.0,0.0,0.0,0.0,-1.221,-0.605,0.0,0.0,-0.894,-0.809,0.0,0.0,0.0,0.0,0.684,0.809,0.0,0,1.07,1.189,0.0,0.0,-1.283,1.084,0.0,0
1,1,0.0,0.88804,0.499,0.762,0.406,0.346,1.042,-0.059,0.985,-0.522,0.627,-0.926,0.428,-0.738,0.248,-0.711,-0.08205,-0.466,-0.45,-0.67,-0.481,-0.173,-0.771,0.048,-0.812,0.454,-0.567,0.518,-0.29838,0.669,-0.123,0.562,0.157
0,0.0,0.0,1.109,-1,0.664,1.312,1,0.704,1.31,1,1.362,0.523,1.488,-0.76,0.579,1.277,1.435,1,1.457,-1.049,0.925,-0.7,0.635,-0.94,1.304,-1.06,1.033,0.703,0.693,-0.989,0.726,1.466,1.091,0.741
1,0.601,0.0,0.433,-0.574,0.417,0.154,0.813,0.221,0.473,0.074,1.339,0.187,0.894,0.427,0.946,0.32925,0.427,0.096,0.707,-0.042,0.5,0.564,0.53120,0.502,0.772,0.576,0.461,0.717,0.102,0.931,0.22,0.49721,0.192,0.49831
0,0.0,0,0.0,0.0,0.0,0.0,0.0,0,0.0,0.0,0.0,0.0,0.0,0.0,0,0.0,0.0,0.0,0.0,0.0,0.0,0.0,0.0,0.0,0.0,0,1.029,0.719,0.0,0.0,0.0,0.0,0.0,0.0
1,1.27,0.0,0.58,0.008,0.701,-0.004,0.98922,0.002,0.911,0.01598,0.475,0.05,0.647,0.059,1.117,0.016,0.85,0.078,0.664,-0.007,0.621,0.064,1.258,0.087,1.256,0.098,0.527,0.025,0.97473,0.008,1.132,0.085,1.457,-0.00260
0,0,0.0,0.972,1.231,-1.275,-0.597,-0.529,-1.248,0.0,0.0,0.0,0.0,-1.479,-1.133,0.0,0,0.0,0.0,0.0,0.0,-0.794,1.426,0.681,1.375,0.0,0.0,1.344,-1,0.0,0.0,-0.528,-1.459,-1,-0.806
1,1,0.0,0.283,-0.249,1.044,0.01,0.983,0.024,0.895,0.012,0.196,0.048,0.612,0.029,0.68101,0.041,0.495,0.06,0.938,-0.029,0.853,0.06,0.627,0.07381,0.952,0.137,0.83,0.044,0.237,0.067,0.393,0.09046,0.377,0.086
0,1,0.0,0.424,1.362,0.867,-0.667,0.55,0.026,1.117,0.142,0.787,0.504,0.70067,0.192,0.778,0.199,0.873,-0.146,1.017,0.121,0.745,0.151,0.315,0.474,0.682,-0.37,0.826,0.281,0.977,0.656,1,-0.046,0.615,0.23913
1,1,0.0,0.719,-0.047,1.088,-0.29630,1.052,-0.797,0.80000,0.052,0.359,-0.587,0.789,-0.079,0.633,-0.772,0.612,0.011,0.783,-0.059,0.603,-0.116,0.626,0.308,0.675,-0.382,1.246,-0.299,0.672,0.013,0.655,-0.166,1,-0.339
0,1.091,0.0,0.38521,0.197,0.592,0.095,0.151,0.121,0.328,0.102,0.236,0.205,0.164,0.302,0.084,0.209,-0.046,0.191,0.059,0.222,0.253,0.056,0.04,0.29961,-0.03,0.302,-0.048,0.265,-0.14786,0.15,-0.134,0.409,-0.156,0.28794
1,0.738,0.0,0.711,-0.023,0.497,-0.053,0.869,-0.01190,0.555,0.042,0.61706,0.113,0.59,-0.029,0.62698,0.013,0.70833,0.036,0.324,0.022,0.477,-0.024,0.606,0.056,0.741,0.026,0.573,-0.016,0.73,-0.123,0.806,-0.007,0.787,-0.025
0,0.535,0.0,0.091,-0.091,-0.04433,0.081,0.091,-0.02463,-0.017,0.222,0.06404,0.0,0.167,-0.13,0.062,0.0,0.013,-0.016,-0.12808,-0.243,0.049,0.01,0.072,0.029,0.105,0.24,0.358,-0.033,-0.037,-0.109,0.049,0.076,0.077,-0.106
1,1,0.0,0.358,0.078,0.46,-0.06935,0.936,0.016,0.592,0.003,1.017,0.138,0.966,-0.003,0.79754,0.064,1.183,-0.159,0.657,-0.054,0.457,-0.009,0.732,0.11745,0.863,-0.119,0.96,-0.018,0.35,0.055,1.067,-0.039,0.331,-0.037
0,0.864,0.0,0.21,0.398,0.0,0,-0.169,-1,0.0,0.0,0.067,-0.07342,0.0,0.0,0.0,0.0,0.0,0.0,0.0,0.0,0.004,0.56,-0.225,0.36,-0.1,0.445,0.064,-0.832,0.0,0.0,0.05,-0.621,0.0,0
1,1,0.0,1.185,-0.009,0.579,-0.023,1.184,-0.011,0.668,-0.188,1.018,-0.08,0.7,0.009,1.036,-0.13719,1.069,-0.061,1.046,-0.03,0.922,-0.101,0.82851,-0.13,1.292,-0.13,1.128,-0.17,1.161,-0.188,0.619,-0.114,0.514,-0.16827
0,0.502,0.0,0.25,-0.425,0.0,0.0,0.0,0.0,0.255,0.375,0.793,0.031,0.0,0.0,0.0,0.0,0.166,-0.468,0.507,-0.18333,0.0,0.0,0.0,0.0,0.98750,-0.306,-1.047,-1.452,-0.165,-0.66,0,0.0,0,0.0
1,0.97,0.0,1.254,0.016,0.484,0.008,0.836,0.013,0.877,-0.134,1.15,-0.052,0.599,-0.01033,0.757,-0.066,0.695,-0.037,0.719,-0.043,0.88418,-0.087,0.483,-0.138,0.82980,-0.183,0.561,-0.167,0.585,-0.119,0.816,-0.093,1.188,-0.12235
0,1.291,0.0,0.0,0.0,1,0.161,1.286,-0.029,0.0,0.0,0.732,-0.42444,1.221,0.229,1,-0.078,1.315,-0.699,0.0,0.0,0.863,-0.026,1.138,-0.103,0.0,0.0,1.374,-1.336,0,0.0,1.346,0.154,1.0,-0.048
1,1,0.0,0.81143,0.042,1.146,-0.001,0.713,0.007,1.145,-0.034,1.284,0.0,1.03,-0.082,0.81,0.003,0.989,-0.039,0.975,-0.119,0.63,-0.059,0.628,-0.03,0.424,-0.048,0.81598,-0.118,0.547,-0.125,0.575,-0.05000,0.774,-0.109
0,1.238,0.0,0,0.0,0.0,0.0,0.0,0.0,0,0.0,0.0,0.0,-1.203,0.7,1.261,0.291,0.0,0,0.0,0.0,0.0,0.0,0.0,0.0,0.0,0.0,1.422,0.546,0.0,0.0,0.0,0.0,0.0,0
1,1.283,0.0,0.329,0.026,0.223,-0.104,0.602,-0.034,0.406,0.078,0.437,0.068,0.55844,-0.11948,0.358,-0.043,0.265,-0.057,0.55325,-0.013,0.49,-0.049,0.474,-0.009,0.774,0.0,0.57,-0.029,0.507,0.021,0.33,-0.067,0.609,-0.08571
0,0.0,0.0,0.0,0.0,0.0,0.0,0.0,0.0,0,0.0,0.0,0,0.0,0.0,0.0,0.0,0.0,0.0,0.0,0.0,0.0,0.0,0,0.0,0.0,0.0,1.198,-1.319,0.0,0.0,0.0,0.0,0.0,0
1,0.931,0.0,1,0.445,1.06,0.311,0.328,1.362,0.112,0.714,-0.14,0.446,-0.352,0.663,-0.254,0.496,-0.43663,0.124,-0.407,0.005,-0.245,-0.099,-0.211,-0.128,-0.073,-0.067,-0.031,-0.072,0.007,-0.101,0.025,-0.04142,0.013,-0.02017
0,1,0.0,0.0,0.0,0.0,0.0,1.402,1.469,-0.819,-0.601,0.0,0.0,1,-0.147,0.0,0.0,0.0,0.0,-1.487,1.339,1.497,1,1,-0.775,0.0,0.0,1.043,-1.375,0.0,0.0,0.0,0.0,1.447,0.881
1,1,0,0.58,0.272,0.555,0.911,0.398,1.069,-0.025,0.474,-0.373,0.571,-0.676,0.45,-0.81049,0.155,-0.428,-0.067,-0.736,-0.343,-0.288,-0.569,-0.13013,-0.414,0.197,-0.387,0.218,-0.515,0.474,-0.205,0.579,-0.049,0.75,0.156
0,1,0.0,0.0,0.0,0.0,0.0,0.0,0.0,-0.666,1.206,0.0,0.0,0.72,0.229,-0.116,-0.136,0.0,0.0,-0.636,-1,0.0,0.0,1.346,-0.794,0.0,0,1.305,0.153,0.0,0.0,0.0,0.0,0.0,0
1,0.558,0.0,1.287,0.643,0.698,0.431,0.232,1.309,-0.128,1.127,-0.426,1.036,-0.989,0.33652,-0.92384,-0.043,-0.752,-0.619,-0.534,-1.045,-0.128,-1.105,0.383,-1.141,0.634,-0.503,0.901,-0.137,0.72478,0.077,0.58137,0.232,0.478,0.374
1,0.886,0.0,0.243,0.018,0.105,0.161,0.153,0.973,-0.376,0.985,-0.136,0.135,-0.406,0.357,-0.499,-0.05409,-0.116,-0.123,-0.30315,-0.289,-0.092,-0.85597,0.017,-0.145,0.292,-0.063,0.312,-0.176,0.26,-0.072,0.093,0.122,0.064,0.20468
1,0.934,0.0,0.776,0.449,0.777,1.08,0.076,0.54,-0.301,0.83578,-0.70086,0.377,-0.759,0.21909,-0.576,-0.329,-0.833,-0.909,-0.211,-0.509,0.085,-0.969,0.482,-1.052,0.533,-0.345,1.048,0.126,0.883,0.598,0.256,0.737,-0.024,0.79444
1,0.969,0.0,0.755,-0.033,0.825,0.003,0.477,-0.064,0.498,0.014,0.578,-0.058,0.906,0.046,0.386,-0.089,0.411,0.09146,0.67148,0.0,0.369,0.052,0.50060,0.02,0.405,0.171,0.849,0.02019,0.305,0.042,0.612,-0.009,0.521,-0.108
1,0.717,0.0,0.979,-0.015,0.58,0.034,0.734,0.235,0.79228,0.093,0.468,0.515,0.755,0.007,0.772,0.219,0.502,0.05,0.617,0.076,0.715,0.034,0.267,-0.323,0.72978,-0.106,0.61727,0.071,0.36,0.077,0.454,0.042,0.568,0.21691
1,1,0.0,0.572,0.102,1.16,0.016,0.77486,0.021,0.703,-0.055,0.976,0.08000,0.488,0.047,0.743,0.043,0.845,-0.089,0.369,0.16308,0.879,0.087,0.563,0.113,0.617,-0.089,0.736,0.087,0.702,0.363,0.66,0.108,0.671,0.063
1,1.043,0.0,0.9,0.029,1.164,0.002,0.712,0.003,0.558,0.1,0.897,0.058,0.859,0.006,0.80738,0.005,0.80622,-0.066,0.811,-0.03536,0.76365,0.012,0.476,0.011,0.448,-0.034,0.684,0.007,0.917,0.127,0.487,0.012,0.748,0.014
1,1.353,0.0,0.584,0.0,0.469,0.10435,0.249,0.078,0.369,-0.042,0.35652,-0.082,0.525,0.028,0.485,0.02609,0.479,0.276,0.42174,0.212,0.352,-0.014,0.192,-0.085,0.67,-0.009,0.574,0.087,0.417,0.052,0.252,0.2,0.659,0.12
1,1,0.0,1.042,0.107,0.751,0.137,0.794,0.273,0.799,0.363,0.65917,0.58,0.319,0.684,0.39,0.505,0.183,0.648,0.29587,0.751,0.08,0.68104,0.027,0.522,-0.112,0.52,-0.149,0.503,-0.224,0.32,-0.201,0.321,-0.264,0.262
1,1.473,0,1.459,0.069,0.867,0.345,0.975,0.207,0.80365,0.53020,0.858,0.338,0.766,1.031,0.407,0.494,0.23,1.034,0.213,0.742,0.09709,0.568,-0.015,0.748,-0.191,1.117,-0.171,0.446,-0.393,0.638,-0.301,0.571,-0.442,0.275
1,0.525,0.0,0.656,0.138,0.87001,0.402,0.78896,0.406,0.553,0.324,0.42,0.419,0.413,0.76161,0.275,0.524,0.093,0.623,-0.074,0.474,-0.196,0.9,-0.438,0.343,-0.434,0.253,-0.4,0.592,-0.326,0.27252,-0.449,0.182,-0.511,0.038
1,1,0,1.244,0.17498,0.734,0.191,1.102,0.362,0.73678,0.519,0.542,0.876,0.349,0.97,0.154,0.62,0.177,0.508,-0.01,0.696,-0.099,0.867,-0.466,0.828,-0.344,1.047,-0.613,0.6,-0.893,0.513,-0.711,0.453,-0.992,0.306
1,1.466,0.0,0.671,0.219,1.066,0.35543,0.683,0.67,0.83,0.491,0.50376,0.487,0.398,1.198,0.221,0.559,0.006,0.665,-0.115,1.015,-0.2,1.026,-0.55,0.929,-0.444,0.297,-0.521,0.351,-0.64511,0.398,-0.748,0.171,-0.827,0.05394
1,1.196,0.0,0.76627,0.126,0.338,0.464,0.488,0.479,0.135,0.237,0.13,0.711,-0.07727,0.332,0.0,0.586,-0.184,0.279,-0.56136,0.501,-0.202,0.18864,-0.551,0.085,-0.267,-0.043,-0.382,-0.088,-0.198,-0.288,-0.164,-0.245,-0.093,-0.16
1,0.98,0.0,0.408,-0.417,0.83,0.405,0.976,0.051,0.714,0.159,0.351,0.299,0.50331,0.124,0.845,0.185,0.435,0.382,0.52,0.198,0.495,0.211,0.662,0.038,0.51872,0.187,0.45,0.308,0.253,0.28574,0.552,0.29324,0.601,0.357
1,1,0.0,1.221,0.13,0.83,-0.145,0.731,0.124,0.54,0.006,0.7,-0.07780,0.538,0.111,0.766,0.032,0.632,-0.021,0.988,0.085,0.588,0.058,0.324,0.05882,0.749,0.432,0.575,0.195,0.147,0.468,0.519,0.18897,0.371,0.145
1,1,0.0,0.892,0.097,0.80562,-0.033,0.71,-0.04,0.88,-0.068,0.868,-0.112,0.797,-0.034,0.856,-0.041,0.563,0.059,0.71254,0.013,0.415,-0.053,0.397,-0.089,0.462,-0.205,0.341,-0.09128,0.786,-0.065,0.391,-0.123,0.461,-0.144
1,0.589,0.0,0.931,0.104,0.862,-0.007,0.96683,-0.007,0.529,-0.025,0.554,0.021,1.26,-0.01,0.696,-0.012,1.044,0.011,1.133,-0.051,1.294,-0.02364,1.418,-0.029,0.768,0.01,1.031,-0.04,0.703,-0.065,0.79,-0.018,0.92226,-0.03673
1,1,0.0,0.659,-0.148,0.373,-0.07,1.05,-0.304,0.458,0.054,0.215,-0.21649,0.727,0.165,0.401,-0.159,0.623,0.044,0.5,-0.241,0.57,0.185,0.617,0.122,0.70619,0.291,0.459,-0.109,0.155,-0.369,0.411,0.055,0.233,-0.422
1,1,0.0,0.37,-0.042,0.968,0.02,0.78,0.474,0.445,-0.00462,0.787,0.053,0.867,-0.567,0.72517,0.287,0.868,0.115,0.423,0.116,0.455,-0.128,0.642,0.144,0.365,0.123,0.619,0.213,0.378,0.045,0.818,0.204,0.623,0.36721
1,1,0.0,0.694,-0.042,0.491,0.017,0.58876,0.011,0.829,0.031,0.716,-0.004,0.812,-0.045,0.351,0.01,0.486,0.02472,0.822,-0.095,0.731,0.075,0.383,-0.048,0.663,0.062,0.546,0.01,0.303,-0.032,0.302,0.145,0.747,-0.08090
1,1.459,0.0,0.71521,-0.007,0.981,-0.048,0.717,-0.029,0.687,0.095,0.718,0.138,0.361,0.186,0.485,-0.029,0.753,-0.066,0.467,-0.089,0.36,0.145,0.39159,0.21683,0.297,-0.05502,0.667,0.0,0.456,-0.044,0.294,-0.13,0.207,-0.044
1,0.996,0,0.901,0.067,0.583,0.024,0.463,0.08148,0.638,-0.004,1.076,0.08,0.612,0.034,0.387,0.127,1.083,-0.159,0.73827,-0.069,0.298,0.005,0.376,0.043,0.627,-0.088,0.63773,-0.015,0.708,0.015,0.895,-0.066,0.416,-0.029
1,1.243,0.0,0.766,-0.018,0.67119,0.024,0.576,-0.058,0.399,0.024,0.698,-0.082,0.539,-0.012,0.742,0.113,0.64068,0.11864,0.836,-0.016,0.502,0.005,0.871,-0.047,0.463,-0.03390,0.823,0.007,0.354,-0.004,0.369,-0.023,0.724,0.074
1,0.952,0.0,0.525,0.115,0.182,0.035,0.214,0,0.697,-0.033,0.613,0.013,0.47,0.041,0.328,0.004,0.657,-0.103,0.222,0.003,0.27,0.055,0.18932,0.25728,0.179,-0.164,0.207,0.052,0.358,0.131,0.215,0.0,0.536,-0.01942
1,1.483,0.0,1.013,0.026,1.147,0.34100,0.685,0.235,0.74706,0.461,0.933,0.67,0.492,0.609,0.438,0.795,0.16,0.826,0.228,0.607,0.04,0.859,0.063,0.71284,-0.167,0.566,-0.237,0.741,-0.105,0.741,-0.249,0.581,-0.34,0.37465
1,0.529,0,1.225,0.185,1.113,0.38,1.126,0.48561,0.843,0.348,0.831,0.73743,0.40349,0.657,0.258,0.845,0.032,0.889,-0.081,0.741,-0.193,0.482,-0.502,1.056,-0.758,0.833,-0.308,0.459,-0.868,0.388,-0.838,0.167,-0.733,0.028
1,1,0.0,0.985,0.252,0.635,0.454,0.543,0.685,0.3,0.78120,0.231,0.585,0.099,1.127,-0.074,0.937,-0.286,1.013,-0.418,0.394,-0.756,0.502,-0.475,0.35534,-0.86,0.15908,-0.562,0.018,-0.768,-0.117,-0.391,-0.267,-0.622,-0.495
1,1,0.0,1.35,0.25,0.532,0.6,0.605,0.763,0.663,0.858,0.41836,0.999,0.089,0.871,0.049,0.737,-0.24742,1.004,-0.426,0.629,-0.327,0.362,-0.927,0.421,-0.924,0.296,-1.059,0.168,-0.469,-0.042,-0.804,-0.129,-0.654,-0.34367
1,1.182,0.0,1.171,0.247,0.629,0.611,0.458,0.417,0.399,0.988,0.12,1.319,-0.11,0.491,-0.383,0.925,-0.81,0.543,-0.996,0.249,-0.598,0.157,-1.04,-0.026,-0.993,-0.178,-0.63237,-0.46438,-0.535,-0.506,-0.272,-0.70835,-0.071,-0.71273
1,1.448,0,0.77,0.368,0.449,0.466,0.629,1.27,-0.03643,0.404,-0.226,0.948,-0.37,0.314,-0.378,0.241,-0.625,0.134,-0.297,-0.043,-0.454,-0.06011,-0.309,-0.59,-0.12897,-0.509,0.072,-0.767,0.19,-0.377,0.418,-0.315,0.32,0.092
1,1.452,0.0,0.329,0.074,0.229,0.17293,0.03759,0.333,0.094,0.18,0.088,0.137,-0.048,0.119,-0.085,0.082,-0.051,0.043,-0.032,0.012,-0.04166,-0.002,-0.031,-0.015,-0.01,-0.009,-0.005,-0.008,-0.002,-0.013,0.001,-0.007,0.002,-0.00647
1,1.465,0.0,0.8,-0.46,1.066,0.192,0.874,-0.008,0.746,0.255,0.525,-0.139,0.65977,0.058,0.367,0.14662,0.401,-0.347,0.718,0.04511,0.672,0.171,1.196,-0.539,0.828,-0.027,0.694,-0.076,0.516,-0.099,0.21,-0.145,0.434,-0.10309
1,1,0.0,0.783,0.103,0.469,0.043,0.362,0.065,0.336,0.106,0.602,0.243,0.722,0.093,0.494,0.169,0.43,0.042,0.485,0.195,0.32835,0.145,0.355,0.211,0.345,0.194,0.158,0.163,0.228,0.16137,0.242,0.198,0.16655,0.093
1,0.919,0,0.858,0.063,0.472,0.014,0.624,0.021,0.76966,-0.004,0.84459,0.081,1.132,0.038,0.746,0.025,0.901,0.013,0.80019,0.019,0.542,0.052,0.48,0.037,0.871,0.013,0.951,0.07,1.222,0.113,0.55,0.067,0.557,0.09
1,1.033,0.0,1.036,0.03,0.782,0.231,0.513,0.205,0.957,-0.084,0.824,-0.015,0.732,-0.319,0.472,0.191,0.88644,-0.028,0.558,-0.00991,0.97882,-0.186,1.044,-0.246,0.607,-0.064,0.769,-0.028,0.877,-0.051,0.75935,0.166,1.006,0.1
1,1.404,0.0,0.819,0.03,1.186,0.141,1.087,0.187,0.563,-0.082,0.95842,0.029,1.302,-0.004,1.174,0.10195,1.14,0.036,0.834,0.027,0.81221,-0.05,0.966,0.0,0.938,-0.015,0.737,0.02552,1.045,-0.005,0.732,0.096,0.715,0.039
1,1,0,0.36,0.172,0.058,-0.18343,0.822,0.013,0.471,-0.026,0.442,0.019,0.582,0.193,0.66,-0.051,0.412,0.112,0.275,0.169,0.769,0.037,0.38,-0.136,0.474,-0.035,0.551,0.039,0.563,0.16,0.335,-0.208,0.34615,-0.002
1,1,0.0,0.435,0.22,0.98,-0.121,1.159,-0.119,1.007,0.032,0.50471,0.026,1.003,-0.047,0.72,-0.154,0.298,-0.136,0.574,-0.074,0.544,-0.004,0.31,0.06215,0.352,-0.173,0.676,-0.168,0.371,-0.012,0.597,-0.184,0.67420,-0.319
1,1,0.0,0.479,-0.03397,0.705,-0.061,0.558,0.0,0.385,-0.105,0.618,-0.079,0.481,-0.11677,0.808,-0.273,0.964,-0.187,0.92,-0.088,0.649,-0.157,0.56,-0.051,0.769,-0.231,0.38,-0.278,0.977,-0.296,0.72611,-0.555,0.575,-0.334
1,1,0.0,1.015,-0.055,1.175,0.083,0.797,0.059,0.946,-0.014,0.555,-0.062,1.029,-0.10598,0.361,-0.00543,0.88043,-0.273,0.555,0.02,1.137,-0.041,0.932,-0.148,1.145,-0.169,0.423,-0.092,1.086,-0.034,0.997,-0.09,0.463,-0.003
1,1.137,0.0,0.74704,-0.142,0.78,0.235,0.584,0.09,0.935,-0.11067,0.66798,-0.16,0.486,-0.17,1.014,0.025,0.787,-0.002,0.337,-0.114,1.13,-0.161,0.843,-0.28656,0.534,-0.135,0.761,-0.154,0.433,-0.178,0.426,0.084,0.341,-0.019
1,1,0.0,0.377,0.129,0.868,0.01,0.82,0.061,0.424,-0.113,0.52993,0.019,0.845,-0.235,0.36,-0.049,0.338,-0.158,0.601,-0.03,0.268,-0.194,0.542,-0.13525,0.289,-0.134,0.657,-0.098,0.582,-0.016,0.632,-0.066,0.78,-0.04435
1,1,0.0,0.878,0.361,0.72125,0.278,0.466,0.924,0.203,0.793,0.144,0.589,-0.21,0.55,-0.491,0.794,-0.447,0.576,-0.559,0.62,-0.94,0.173,-0.487,-0.054,-0.483,-0.159,-0.466,-0.45511,-0.344,-0.386,-0.422,-0.611,-0.19312,-0.559
1,1,0.0,0.87,0.185,0.87,0.356,0.795,0.674,0.326,0.632,0.037,0.822,-0.145,0.897,-0.34,0.81018,-1.023,0.58,-0.90995,0.441,-1.286,0.066,-1.345,-0.115,-0.824,-0.46906,-0.94,-0.878,-0.434,-0.675,-0.126,-0.642,0.097,-0.563
1,0.516,0.0,0.88241,0.30634,0.624,0.587,0.175,0.333,0.061,1.183,-0.087,0.523,-0.383,0.451,-0.706,0.187,-0.667,0.309,-0.911,-0.011,-1.109,-0.589,-0.809,-0.551,-0.545,-0.788,-0.379,-0.633,-0.04,-0.86841,0.309,-0.504,0.002,-0.81686
1,1,0.0,0.977,0.297,0.372,0.616,0.491,1.014,0.222,1.017,-0.107,1.04,-0.35558,0.708,-0.43,0.867,-1.008,0.157,-0.608,0.028,-0.891,-0.181,-0.74,-0.389,-0.37199,-0.538,-0.149,-0.60863,0.118,-0.758,0.35,-0.324,0.534,-0.228
1,1.413,0.0,0.955,0.362,0.895,0.335,0.364,0.783,0.215,0.95193,-0.13956,1.099,-0.495,0.442,-0.559,0.835,-0.87474,0.249,-0.548,0.06,-1.11,-0.272,-0.396,-0.594,-0.725,-0.699,-0.148,-1.167,0.098,-1.032,0.478,-1.072,0.875,-0.60270
1,0.691,0.0,0.596,0.318,0.65541,0.792,0.22,0.70677,0.146,0.444,-0.256,0.833,-0.403,0.53,-0.676,0.305,-0.897,0.274,-0.951,-0.04887,-0.721,-0.375,-0.49165,-0.765,-0.188,-0.382,-0.022,-0.608,0.264,-0.628,0.239,-0.693,0.619,-0.22
1,0.835,0.0,1.151,-0.023,1.134,-0.045,1.211,-0.057,1.239,0.014,1.402,-0.015,0.94,-0.059,0.593,-0.07,0.969,-0.09532,0.634,-0.088,0.99294,-0.074,1.019,-0.08914,0.936,-0.112,0.96653,-0.107,0.513,-0.197,1.117,-0.151,1.043,-0.225
1,1,0,0.705,-0.01531,1.188,0.013,1.084,-0.015,1.194,-0.012,0.75,-0.025,0.84,-0.013,0.934,-0.04,1.171,-0.027,0.744,-0.069,0.582,-0.028,0.895,-0.051,1.088,-0.062,0.816,-0.066,0.556,-0.059,0.507,-0.09,0.757,-0.07420
1,1.433,0.0,0.68,-0.213,0.867,-0.002,1.012,-0.096,0.98630,0.143,0.687,0.002,0.93607,-0.042,0.783,-0.00228,0.468,-0.089,0.962,-0.125,0.626,0.075,1.157,-0.053,0.92466,0.064,1.385,-0.124,0.671,-0.291,0.55,-0.117,0.838,-0.186
1,1.133,0.0,0.38,-0.021,0.988,0.123,0.341,-0.116,0.326,-0.018,0.279,-0.173,0.501,0.283,0.436,-0.336,0.54237,0.01695,0.512,0.044,0.438,0.264,0.86441,0.044,0.574,0.089,0.541,-0.003,0.66102,-0.025,0.437,-0.123,0.491,-0.099
1,1.173,0,0.323,-0.25000,0.584,0.121,0.391,0.19,0.543,0.161,0.407,-0.11111,0.316,-0.124,0.798,0.355,0.48,0.041,0.179,-0.267,0.621,-0.071,0.266,-0.033,0.475,0.104,0.586,-0.111,0.108,-0.126,0.308,-0.155,0.112,-0.5
1,1,0.0,0.617,1.239,0.704,0.36,0.71178,0.525,0.549,0.461,0.442,1,0.302,0.721,-0.127,0.598,-0.26,1.447,-0.893,1,-0.421,0.926,-0.997,0.392,-0.937,0.42,-1.103,0.087,-0.55,-0.168,-1.46,-0.297,-0.788,-0.923
1,0.902,0.0,1.027,0.49638,0.83550,0.364,0.395,0.892,0.421,0.373,0.17,1.396,-0.14,1.275,-0.506,1.043,-0.278,0.941,-0.822,0.506,-0.789,0.183,-0.55,0.028,-0.656,-0.206,-0.415,-0.349,-0.77,-0.19185,-0.327,-0.333,-0.19609,-0.605
1,1,0.0,0.997,0.293,0.547,0.82,0.495,0.727,0.09,1.01,-0.188,0.526,-0.46177,0.407,-0.411,0.509,-0.635,0.295,-0.84014,0.028,-0.471,-0.324,-0.461,-0.575,-0.333,-0.448,-0.065,-0.508,0.175,-0.45,0.397,-0.446,0.48319,-0.246
1,0.584,0.0,1.363,0.35107,0.75254,0.588,0.546,0.856,0.155,0.941,-0.255,0.834,-0.746,0.419,-0.982,0.772,-0.573,0.301,-1.342,-0.084,-1.032,-0.448,-0.507,-0.512,-0.523,-0.756,-0.042,-0.91221,0.261,-0.85762,0.576,-0.563,0.897,-0.39
1,1,0.0,1.347,0.342,1.055,0.454,0.186,0.94078,-0.121,0.802,-0.35,1.327,-0.706,1.176,-1.202,0.541,-0.94315,0.086,-1.333,0.047,-0.492,-0.786,-0.323,-0.58,-0.177,-0.871,0.204,-0.8,0.339,-0.914,0.404,-0.36,0.533,-0.13194
1,0.554,0.0,1.475,0.144,1,-0.05558,1.312,0.019,0.704,-0.078,0.52,-0.015,0.852,-0.014,0.523,-0.087,0.931,-0.104,1.12,0.046,1.031,-0.06,1.375,-0.023,1.326,-0.167,1.1,-0.085,0.871,0.05,1,-0.14194,1.498,-0.111
1,1,0.0,0.717,-0.001,0.456,-0.108,0.94982,-0.006,0.852,-0.443,0.538,0.139,0.827,-0.091,0.991,-0.014,1.183,-0.162,0.559,0.317,1.469,-0.144,1.299,-0.044,0.85741,-0.02,0.527,-0.01769,0.561,-0.017,0.577,-0.029,0.694,-0.027
1,0.884,0.0,0.961,0.196,0.64064,0.352,0.556,0.68158,0.174,1.176,-0.107,0.749,-0.517,0.72328,-0.411,0.39,-0.872,0.095,-0.371,-0.112,-0.557,-0.294,-0.366,-0.418,-0.228,-0.691,0.01523,-0.71,0.242,-0.343,0.181,-0.294,0.331,-0.041
1,0.556,0.0,1.286,0.197,0.854,0.929,0.34816,1.098,0.031,1.168,-0.339,1.08,-0.672,0.964,-0.555,0.581,-0.85803,0.071,-0.925,-0.24017,-0.52,-0.50022,-0.316,-0.465,-0.067,-0.93,0.195,-0.575,0.215,-0.775,0.663,-0.203,0.91,-0.17
1,0.648,0.0,0.89589,0.39286,0.978,0.698,0.429,0.804,-0.027,1.15,-0.478,0.84605,-0.698,0.328,-0.703,0.268,-0.489,-0.15315,-0.472,-0.337,-0.726,-1.008,-0.148,-0.611,0.299,-0.785,0.603,-0.95,0.64,-0.358,0.55,-0.057,0.905,0.411
1,0.906,0.0,1.362,-0.349,0.941,-0.124,0.646,-0.061,0.608,0.01266,0.942,0.166,0.484,0.077,0.571,-0.027,0.555,-0.528,1.003,-0.008,0.588,0.043,1.468,0.161,0.618,-0.259,0.84637,-0.032,0.616,-0.041,0.53165,0.026,1.148,-0.02532
1,1.491,0.0,0.762,0.006,0.83312,0.017,0.837,0.031,0.516,0.009,0.489,0.052,1.092,0.04731,0.802,0.03,0.943,0.289,1.124,0.055,0.432,0.057,0.472,0.109,0.7,0.045,0.622,0.117,0.61345,0.019,0.407,0.049,0.55330,0.058
1,1.051,0.0,0.946,0.026,0.627,0.015,0.913,0.029,0.92765,0.08010,0.639,0.11370,0.927,0.035,0.579,0.055,0.94,0.035,0.768,0.0,0.467,0.097,0.944,0.073,0.662,0.068,0.934,0.118,0.741,0.098,0.465,0.10134,1.176,0.085
1,1,0.0,1.106,-0.016,0.588,-0.004,0.847,-0.02,1.5,-0.02,1.068,-0.019,0.992,-0.029,0.99828,-0.025,0.523,-0.04,0.591,-0.03452,1.482,-0.023,1.067,-0.05039,0.789,-0.063,0.776,-0.029,1.246,-0.087,0.66,-0.053,0.862,-0.085
1,1.125,0.0,0.96,-0.03168,0.487,0.07,1.114,0.01386,1.158,0.019,0.796,-0.013,1.275,-0.024,1.112,0.039,0.973,0.0,0.618,0.01386,1.028,0.011,0.561,-0.014,0.89307,0.017,0.96,0.011,0.561,0.001,0.623,0.046,0.638,0.021
1,1.35,0.0,0.705,0.009,1,-0.016,0.513,0.004,1.018,0.033,0.917,0.05,1.345,0.014,0.866,0.02,1.071,-0.024,1.305,-0.042,0.841,0.113,1.493,0.115,1.168,0.067,0.94305,0.032,1.179,0.02482,1.472,0.015,0.756,0.02128
1,1,0.0,0.566,-0.331,0.696,0.018,0.448,0.09091,0.529,0.136,0.109,-0.23,0.548,0.113,0.393,0.0,0.671,0.04561,0.752,0.037,0.661,0.161,0.347,-0.15,0.48526,0.047,0.486,0.073,0.291,-0.043,0.613,0.09,0.536,0.317
1,0.673,0.0,1.199,0.435,0.832,0.66667,0.455,1.127,0.08646,0.751,-0.171,0.899,-0.374,0.67577,-0.66,0.589,-0.809,0.065,-0.82,-0.112,-0.349,-0.628,-0.41,-0.406,-0.019,-0.473,0.169,-0.477,0.415,-0.37088,0.436,-0.217,0.596,0.016
1,1.205,0.0,0.89563,0.35,0.727,1.039,0.515,0.634,-0.04193,1.364,-0.233,0.805,-0.501,0.437,-0.567,0.162,-0.566,-0.043,-0.73564,-0.224,-0.677,-0.367,-0.194,-0.677,0.055,-1.02,0.5,-0.469,0.308,-0.608,0.868,-0.255,0.362,0.08660
1,0.68,0,0.885,0.534,0.762,1.107,0.444,1.281,-0.14,0.752,-0.52236,0.83263,-0.462,0.39,-1.287,0.199,-1.257,-0.175,-0.486,-0.748,-0.386,-0.919,-0.02250,-0.577,0.388,-0.873,0.376,-0.576,0.815,-0.295,0.907,0.141,0.74,0.243
1,1,0.0,1.273,0.939,0.543,0.076,0.16,0.92713,-0.306,1.069,-0.424,0.403,-1.297,0.436,-0.86,-0.132,-0.526,-0.269,-0.422,-1.029,-0.072,-0.93596,0.187,-0.111,0.464,-0.672,0.773,-0.085,1.269,0.717,0.498,0.003,0.161,0.79790
1,1,0.0,0.942,0.351,0.45455,0.498,0.078,0.187,-0.254,1.014,-0.304,0.257,-0.57576,0.0,-0.803,-0.12121,-0.265,-0.538,-0.106,-0.568,0.516,-0.356,0.405,-0.354,1.147,-0.499,0.966,0.09,0.831,0.611,0.235,0.278,0.098,0.457
1,1,0.0,0.724,0.0,0.925,-0.035,0.574,-0.012,1.026,0.012,0.585,0.011,1.381,0.012,1.362,0.004,1.227,0.036,0.471,-0.016,1.355,0.029,0.91463,0.05488,1.047,0.071,0.637,0.02,0.697,0.009,1.357,0.062,0.824,-0.01220
1,0.568,0.0,0.979,0.069,1.078,-0.046,0.957,-0.019,1.353,0.01064,0.742,0.111,0.64,-0.009,0.984,0.0,0.842,0.186,1.396,-0.009,0.626,0.008,0.80496,0.101,1.123,0.089,0.89527,0.08165,0.75,0.068,0.582,0.103,0.505,0.0
1,1,0.0,0.591,0.054,0.749,0.006,1.278,0.02,0.731,-0.01418,0.407,0.083,0.999,0.032,0.87,0.049,0.76,0.04,1.147,0.04255,1.109,0.055,0.452,0.047,1.161,0.149,0.968,0.04,0.993,-0.019,0.957,0.067,0.629,0.07173
1,0.805,0.0,0.87578,0.02,1.322,0.003,0.513,0.004,1.084,0.0,0.593,0.06,0.593,0.011,0.86303,0.01151,0.966,-0.085,0.846,0.037,1.065,0.01603,1.132,0.021,0.717,-0.063,0.552,0.019,0.721,0.117,1.078,0.025,0.801,0.032
1,1.153,0.0,0.97513,0.006,1.202,0.025,0.775,0.01954,0.899,0.01,1.19,0.026,1.349,0.04,1.359,0.021,0.97869,0.024,1.267,0.065,0.498,0.027,0.592,0.061,1.199,0.037,0.788,0.062,1.348,0.069,1.329,0.04,1.228,0.09947
1,1.194,0.0,1.062,0.006,0.655,0.01105,0.698,0.034,0.515,-0.018,0.753,-0.002,1.019,0.014,1.094,0.011,1.011,0.004,1.315,0.013,1.271,0.009,0.92,0.023,0.97127,-0.006,0.99,0.013,0.97901,0.016,0.926,0.026,1.337,0.02762
1,1,0.0,1,-0.017,1.169,0.01,1.368,-0.002,0.614,0.052,0.876,0.048,0.95973,0.023,1.222,0.046,0.84,0.044,1.394,0.031,0.728,0.088,0.766,0.086,0.511,0.081,0.99989,0.104,0.944,0.064,1.316,0.089,0.673,0.113
1,0.6,0,0.896,0.214,0.56,0.67382,0.53,0.68,0.031,0.963,-0.508,0.996,-0.74,0.701,-0.421,0.459,-0.971,-0.006,-0.578,-0.449,-0.613,-0.668,-0.358,-0.734,0.011,-0.834,0.26028,-0.888,0.23,-0.35,0.597,-0.307,0.349,0.02823
1,1,0.0,0.90147,0.453,0.833,0.579,0.30440,0.587,-0.2,1.396,-0.692,0.808,-0.816,0.62,-0.96986,0.09,-0.744,-0.208,-0.98,-0.392,-0.169,-1.002,0.078,-0.733,0.338,-0.946,0.478,-0.489,1.115,-0.121,0.463,0.288,0.406,0.75
1,0.555,0.0,0.317,0.064,0.191,0.29308,0.14020,0.706,-0.205,0.463,-0.239,0.257,-0.63714,0.216,-1.18,-0.002,-0.183,-0.173,-0.441,-0.282,-0.074,-0.89991,0.103,-0.361,0.19,-0.106,0.464,-0.128,0.244,0.075,0.141,0.172,0.156,0.269
1,0.524,0.0,0.935,0.352,0.44681,0.446,0.035,1.125,-0.394,0.829,-0.719,0.701,-0.676,0.039,-1.24,-0.396,-0.285,-1.036,-0.04759,-0.458,0.204,-0.745,0.574,-0.52128,0.74300,-0.263,0.774,0.311,0.559,0.405,0.216,1.145,-0.27,0.629
1,0.801,0.0,0.209,0.057,0.033,0.271,-0.067,0.48866,-0.204,-0.18321,-0.306,0.082,-0.45420,0.072,-0.179,-0.458,-0.056,-0.313,0.2,-0.166,0.46,-0.079,0.183,-0.176,0.21645,0.275,0.04,0.415,-0.039,0.363,-0.136,0.249,-0.299,-0.469
1,1.078,0.0,0.576,0.0,0.521,0.0,1.265,-0.001,1.147,0.031,1.081,0.013,1.308,0.025,1.217,0.029,1.188,0.05713,0.766,0.056,0.571,0.037,1.254,0.086,0.94155,0.104,0.752,0.076,1.022,0.08088,0.723,0.122,0.847,0.08616
1,1,0.0,0.925,-0.07572,0.714,0.003,0.938,-0.014,0.965,-0.078,0.461,-0.16,1.056,0.044,1.126,-0.043,0.796,0.092,0.718,0.045,1.096,-0.013,0.982,-0.039,0.74451,-0.013,0.539,-0.019,0.993,-0.052,0.607,-0.057,0.976,0.01214
1,1,0.0,0.198,-0.195,1.009,-0.033,0.852,-0.033,0.545,-0.08,0.743,-0.12,0.321,-0.07,0.592,-0.105,0.548,-0.26409,0.827,0.048,0.743,-0.127,0.46241,-0.07,0.634,-0.008,0.299,-0.073,0.208,-0.053,0.315,-0.127,0.256,-0.08300
1,1,0.0,1.11,0.013,1.112,0.002,0.942,0.005,1.111,0.025,0.608,0.087,1.245,0.01,1.07,0.007,0.795,-0.059,0.925,0.056,0.671,0.017,1.058,0.013,0.77138,-0.004,0.787,0.011,0.656,0.00849,0.811,0.016,0.63,0.01525
1,0.945,0.0,0.731,-0.019,1.023,0.059,0.547,0.747,1.101,-0.003,0.621,-0.14071,0.328,-0.48907,0.39208,0.678,0.802,0.278,0.78552,0.085,0.335,-0.622,0.673,0.005,0.396,0.063,0.865,0.1,1.303,0.1,0.364,0.175,0.098,0.682
1,1.439,0.0,1.226,0.09,0.445,-0.104,0.773,-0.08,0.615,-0.03,0.55,0.105,0.673,0.095,0.567,-0.072,0.534,-0.012,1.264,0.04,0.652,0.01155,1.132,0.061,1.002,-0.06,0.438,0.001,1.381,0.12815,0.86660,-0.129,0.90546,-0.058
1,1,0.0,1.266,0.003,0.599,-0.029,0.869,-0.019,0.927,0.016,0.96510,0.022,0.853,0.068,0.94625,-0.014,0.657,0.001,0.969,0.09,0.838,0.112,1.005,0.10087,0.726,0.008,0.521,0.064,1.064,0.103,1.272,-0.001,0.867,0.055
1,1.269,0.0,1.402,-0.0,0.878,-0.041,1.26,-0.032,0.698,0.013,1.156,0.01766,0.837,0.04688,1.043,-0.011,1.183,0.03,0.975,0.01,0.91406,0.088,0.703,0.06148,1.108,0.034,1.243,0.033,1.37,0.028,0.868,0.005,0.708,-0.008
1,1.06,0.0,0.644,-0.016,1.265,-0.029,0.762,-0.019,0.455,0.001,0.555,-0.023,1.236,-0.021,0.90608,-0.04530,1.196,-0.007,1.127,-0.087,1.204,0.008,1.264,-0.02320,0.779,-0.031,0.764,-0.07760,1.05,-0.121,0.8,-0.044,0.846,-0.124
1,1,0.0,0.883,0.114,1.081,-0.047,0.87873,0.094,0.576,-0.082,0.764,0.098,0.786,-0.005,0.771,-0.009,0.85764,-0.066,1.069,-0.045,1.162,-0.1,0.436,0.043,0.529,-0.186,0.464,-0.055,1.063,-0.008,0.763,-0.06678,1.031,-0.057
