1,0.554,0.0,0.682,-0.059,0.85243,0.015,0.891,-0.364,1,0.03760,0.571,-0.099,0.339,-0.464,0.409,-0.471,0.657,-0.548,0.727,-0.237,0.318,-0.249,0.339,-0.427,0.31,-0.286,0.487,-0.246,0.233,-0.454,0.549,-0.576,0.254,-0.659
0,1.139,0.0,0.844,-0.103,0.93035,-0.282,-0.137,-1.351,1.206,-0.038,0.666,-0.348,0.473,-0.69707,-0.51685,-0.66,0.07,-0.397,0.459,-1.325,-0.146,-0.608,-0.241,-0.29,-0.161,-0.382,-0.24,-0.146,-0.247,-0.167,-0.152,-0.062,-0.16,-0.013
1,0.808,0.0,1.219,-0.03,0.794,0.006,1.47,-0.078,1.079,0.007,0.659,0.079,0.85443,0.009,0.341,0.003,0.933,-0.072,0.626,-0.098,0.709,-0.317,0.406,-0.096,0.634,-0.206,0.475,-0.149,0.43100,-0.241,0.509,-0.165,0.553,-0.38238
0,1.01,0.0,0.572,-0.409,1.257,0.626,0.881,-0.517,0.0,0.0,0.0,0.0,0,0.0,-1.421,0.173,0.671,-0.305,-1.359,-0.731,-0.867,1,0.0,0.0,1.219,0.623,0.641,0.614,1.042,-0.258,0.246,1.153,-0.335,1
1,1,0.0,1.036,-0.02401,0.481,0.071,0.571,-0.24,0.407,-0.131,0.433,-0.22,0.288,-0.007,0.24,-0.307,0.325,-0.205,0.611,-0.12,0.079,-0.369,0.022,-0.562,0.04,-0.475,0.172,-0.53206,0.026,-0.407,-0.083,-0.451,-0.055,-0.883
0,1.165,0,0.028,-0.008,-0.107,-0.107,-0.005,-0.152,0.192,0.081,0.052,-0.084,0.0,0.0,-0.038,-0.221,-0.003,-0.061,-0.11575,-0.055,0.009,0.03,0.018,0.006,0.046,-0.013,-0.027,0.126,-0.056,0.006,0.0,0.0,-0.0,0.12011
1,1.445,0.0,1.429,-0.117,0.977,-0.20800,0.92806,-0.229,1.004,-0.324,1.024,-0.31,0.92,-0.446,0.661,-0.407,0.705,-0.793,0.202,-0.424,0.211,-0.602,0.279,-0.515,0.282,-0.813,0.186,-0.494,0.05,-0.82395,-0.052,-0.967,-0.173,-0.659
0,0.0,0.0,0.0,0.0,0.0,0.0,1.126,-1.167,0.0,0.0,-1.343,-0.997,0.0,0.0,0.0,0.0,1.367,1.446,-0.577,-0.759,0.0,0.0,0.0,0.0,0.788,1.415,1,1.084,0,0.0,0.568,1,0.0,0.0
1,0.976,0.0,0.779,-0.049,1.412,-0.136,0.836,-0.217,1.38,-0.29,1.017,-0.26,0.94510,-0.40668,0.464,-0.259,1.472,-0.177,0.875,-0.816,1.124,-0.35,1.006,-0.677,0.862,-0.947,0.387,-0.569,0.141,-0.764,0.395,-0.477,0.376,-0.73420
0,0.699,0.0,-0.015,-0.094,0.0,0.0,0.0,0.0,0.125,-0.177,-0.45663,-0.425,0.0,0.0,-0.45,0.539,-0.37133,0.158,0.539,0.161,0.0,0.0,0.0,0.0,-0.117,-0.013,0.254,-0.016,0.0,0.0,0.236,0.126,-0.111,0.38065
1,1.335,0.0,0.871,0.092,1.068,-0.253,1.067,-0.27320,1,-0.226,1.314,-0.445,0.748,-0.769,0.9,-0.754,1.144,-0.698,0.408,-0.898,0.886,-0.602,0.63081,-1.208,0.332,-0.569,0.517,-0.689,0.4,-1.027,0.254,-1.191,0.152,-0.755
0,0.736,0,1.112,-0.685,1.065,-0.521,0.666,-0.703,0.714,0.388,1.366,-0.333,0.588,1.125,1.21,-1.355,1.336,-0.193,1.5,-1.168,0.786,1.078,0.641,1,1,-0.26,1.136,-0.792,0.872,-0.679,1.068,-0.632,0.575,-0.557
1,0.888,0.0,1.245,-0.15,1.36,-0.088,0.704,-0.214,1,-0.25,0.551,-0.525,1.283,-0.319,1.166,-0.507,0.538,-0.409,0.505,-0.23,1.121,-0.552,1.141,-0.414,1.195,-0.369,0.744,-0.729,0.602,-0.68794,0.945,-0.67,0.64727,-0.346
0,0.839,0.0,1,-0.859,1.41,0.166,0.755,-0.316,1.389,-0.134,0.952,0.381,1.416,0.113,0.516,-0.129,1,-1.209,1.499,-1.36,0.906,0.156,1.46,0.899,0.998,-0.166,1.287,0.424,1.202,-0.66494,1.195,0.927,1.35,-0.157
1,1,0.0,0.898,0.101,1.358,0.028,1.455,-0.04,1.487,0.092,1.104,0.132,0.704,0.161,0.705,0.142,1.097,0.138,1.419,0.27087,0.653,0.643,1.284,0.511,1.383,0.231,1.044,0.321,0.68,0.322,1.209,0.312,0.945,0.46712
0,0.534,0.0,0.441,-0.567,1.491,0.369,-0.026,-1,1.08,-0.745,0.4,-0.922,0.0,0.0,-0.715,-0.327,-0.222,0.03,1.308,-1.496,0.0,0.0,0.0,0.0,-0.16253,0.542,0.563,0.174,0,0.0,1.181,0.292,0.0,0.0
1,1.053,0.0,0.977,0.036,1.313,-0.018,1.271,0.017,0.96112,0.033,1.071,0.048,0.633,0.106,0.876,0.061,0.88809,0.114,0.86104,0.045,1.179,0.069,0.894,0.192,1.025,0.125,0.777,0.182,1.069,0.105,0.522,0.122,0.672,0.085
0,0.0,0,0,0.0,-1.04,-1.142,1,1.179,-0.906,1.288,-1.273,0.629,0.904,-1.331,1.352,1.484,-1.228,-1.488,-1.463,0.926,0.764,-0.542,-0.717,1.232,-1.248,1.269,1.11,-1.238,-0.904,1.343,-0.785,-1.48,0.73,-0.939
1,1.371,0.0,0.513,0.02,0.66626,0.037,0.57197,0.237,0.122,0.34081,0.82,0.085,0.689,0.096,0.915,0.091,0.845,0.208,0.089,0.353,0.426,0.113,0.485,0.241,0.327,0.255,0.395,0.238,0.224,0.173,0.431,0.385,1.323,0.226
0,0.0,0.0,0.612,-1.357,0.0,0.0,0.0,0.0,1.284,1.202,0.971,-1.309,-0.71875,1,0.0,0.0,-0.614,0.5,0.648,0.767,-1.359,0.572,1.227,0.462,-0.976,1,0.975,0.71,1.492,-0.844,1.164,0.972,1.471,0.893
1,1.456,0.0,1.232,-0.007,1,-0.067,0.926,-0.056,1.232,-0.059,0.629,-0.06,0.554,-0.332,1.068,-0.143,0.618,-0.435,0.86473,-0.491,0.62,-0.246,0.928,-0.423,1.023,-0.229,1.1,-0.62,0.75784,-0.404,0.81,-0.452,0.767,-0.494
0,0.0,0.0,1.385,0.547,0.0,0.0,0.0,0.0,-0.779,-0.533,0,0,0.0,0.0,-1.438,-0.915,-0.779,-1.333,-0.638,1.443,-1.162,0.998,0.0,0.0,0.0,0.0,0.514,-0.988,-1.171,1.16,-1.31,0.844,-1,1.443
1,0.797,0.0,0.773,0.06,0.575,0.058,0.808,0.137,0.814,-0.057,0.6,0.031,0.52,-0.06142,1.107,0.078,0.404,0.003,0.837,-0.05295,0.618,-0.07905,0.739,-0.04,0.49,-0.076,0.645,-0.022,0.73,-0.017,0.565,-0.0,0.696,-0.001
0,0.0,0.0,-1,0.794,0.0,0.0,0.0,0.0,-1.285,1.421,1.359,1.341,0.0,0.0,0.0,0.0,0.614,-1,-1.219,1.243,1.389,0.552,0.0,0.0,-1.194,-1.162,1.01,-0.572,1.219,0.626,-1.333,0.98,0.0,0
1,0.511,0.0,0.8,-0.069,1.087,0.024,1,-0.032,0.614,-0.021,0.938,-0.08,0.554,-0.064,0.968,-0.06598,0.365,-0.099,0.626,-0.242,1.008,-0.345,0.638,-0.327,0.434,-0.51,0.682,-0.213,0.378,-0.269,0.737,-0.26284,0.665,-0.512
0,1.073,0.0,1.338,0.491,1.394,-0.885,1,-1.316,0.6,-1.222,1.169,-1.058,1.317,-0.834,0.755,-0.628,1,-1.368,0.862,-0.8,0.896,-0.524,0.673,-0.888,0.712,-1.165,0.828,-1.191,1.289,-0.783,1,-1.423,1.195,-0.94
1,1.284,0.0,1.362,-0.08714,1.185,-0.17263,1.252,-0.66,1.298,0.749,0.845,-0.326,0.571,-0.166,1.09,-0.258,0.953,-0.812,0.146,-1,1.054,0.064,0.333,-0.405,0.343,-0.729,0.705,-0.933,0.405,-0.522,0.341,-0.551,-0.117,-1.165
0,0,0.0,-1.167,-0.813,0.0,0.0,-0.617,0.646,1,-0.285,0.0,0.0,0.0,0.0,0.0,0.0,0.786,-1.299,-1.247,-0.997,1.084,-1.216,0.0,0.0,0.788,-0.663,-0.765,1.447,-1,-1.397,0.0,0.0,-1.332,0.568
1,1,0.0,1.497,0.118,1.109,0.087,0.87,-0.14,0.995,0.612,1.099,0.693,0.836,0.794,0.808,0.685,0.596,0.567,0.816,0.499,0.559,1.444,1.015,0.578,1.095,0.513,0.673,1,0.49,1.019,0.96,1.446,0.352,1
0,0.0,0.0,-0.846,-1.23,1.396,0.545,0.699,-0.729,-0.606,1.01,0.63,-0.801,-1.353,-0.524,0.0,0.0,0.976,1.236,-1.051,-1.113,1.017,-1,1,-1.114,1,0.532,0.876,-1.421,1.313,-0.947,-1.322,1.076,1.457,-1.338
1,1.228,0.0,0.808,-0.141,1.075,-0.166,0.847,-0.253,1.314,-0.096,0.525,-0.146,1.067,-0.361,1.088,-0.276,0.595,-0.383,0.659,-0.617,1,-0.35519,0.791,-0.895,1,-0.657,1.319,-0.386,1.106,-0.62,0.797,-0.484,1.095,-0.666
0,0.557,0.0,0.637,-1.247,1.282,1,0.871,-0.575,1.366,-1.355,0.679,-0.809,0.786,-0.02,1.5,-0.656,1.068,0.872,0.736,-0.911,0.521,1.21,1.262,-1.336,0.0,0.0,1.265,0.641,0.666,-0.999,1,1,1.05,0.703
1,1.408,0.0,1.213,-0.196,0.481,-0.123,1.146,-0.246,0.469,-0.251,0.864,-0.201,0.651,-0.447,0.88,-0.449,0.74,-0.291,0.537,-0.431,0.402,-0.55,0.962,-0.681,0.432,-0.5,0.444,-0.712,0.446,-0.59854,0.647,-0.645,0.42189,-0.58086
0,1.105,0.0,1.028,-0.03,0.347,-0.23067,1.324,-0.123,0.95,-0.083,0.516,-0.115,0.759,1.202,1.222,-0.746,0.811,-0.17863,0.473,-0.307,-0.25914,1.108,0.778,0.031,0.95,-0.299,0.812,-0.585,0.624,-0.217,0.86,-0.693,-0.205,-0.832
1,1.36,0.0,1.111,-0.228,0.695,0.376,0.73,-0.58388,0.711,-0.309,1.41,-0.64,1.092,-0.131,0.517,0.096,0.79,0.514,1,0.369,1.367,-0.02,1.022,-0.82,1.209,0.104,1.487,-0.095,0.945,-0.08,1.223,0.645,1,-0.84
0,1.468,0.0,0.797,-1,1.155,1,1.461,-0.442,0.955,-0.437,0.599,-0.534,0.654,-1.236,0.603,0.485,0.249,1.058,0.922,0.581,0.686,0.601,1.496,-1.433,0.807,0.782,0.865,-0.108,0.95982,-0.213,0.829,0.622,0.752,0.278
1,1.05,0.0,1.381,0.005,0.68,-0.007,0.977,-0.04,0.615,-0.056,0.91,-0.06256,1.022,-0.094,1.134,-0.104,0.656,-0.147,0.495,-0.133,1.255,-0.098,1.369,-0.097,0.605,-0.20851,1.186,-0.183,1.112,-0.109,1.119,-0.20101,0.59,-0.16
0,0,0.0,1.488,1.484,1.053,-1.463,0.0,0.0,0.0,0.0,-1.232,-1,0.0,0.0,0.0,0.0,-1.352,1.04,0.764,1.228,-1.179,1.48,-1,1.483,1.481,-0.926,1.273,0.579,-0.629,0.98,0.785,0.73,0.0,0.0
1,1,0.0,0.884,0.041,1.213,0.02280,0.789,0.059,0.879,0.01321,1.163,0.051,0.795,0.13,0.648,0.066,0.55,0.176,0.561,0.186,1.173,0.136,0.589,0.198,0.685,0.15,0.536,0.182,0.568,0.104,1.06,0.144,0.692,0.061
0,0.844,0.0,1.227,0.012,1.198,0.064,0.951,0.081,0.878,-1.359,0.888,0.151,0.88462,0.441,1.054,0.092,0.748,0.15,0.893,0.537,0.404,0.186,0.60138,0.127,0.634,0.245,0.386,0.109,0.309,0.08,0.372,0.171,1.05,1
1,1,0.0,0.903,0.061,1.249,0.119,0.966,0.193,0.515,0.336,0.927,0.264,0.422,0.46,1.168,0.286,0.452,0.749,0.58,0.702,0.402,0.954,0.587,0.68840,0.355,0.983,0.174,0.766,0.118,0.395,0.148,0.861,0.086,0.71444
0,1,0.0,-0.838,-0.998,0.547,0.533,1.171,-0.092,0.0,0.0,-0.794,1.162,0.915,0.988,0.17917,-1.139,-1.31,-1.333,0.074,-1.385,1.443,-0.794,-0.779,0.779,-1.16,-1.331,1.443,-1.098,-0.677,-1,1.296,0.558,0.0,0.0
1,1,0.0,1.205,0.119,1.161,0.136,1.47,0.222,0.55187,0.426,0.693,0.445,0.181,0.354,0.459,0.243,0.734,0.448,0.349,0.191,0.254,0.627,0.253,0.362,0.219,0.565,0.256,0.325,0.1,0.56101,0.088,0.464,0.083,0.851
0,1.219,0.0,-0.355,-0.513,1.243,0.963,1.389,-1.113,0.775,-0.189,1,1.069,1,-0.434,1.239,-1.042,0.614,0.197,1,-1.285,0.639,-0.043,-0.482,0.626,0.667,1.045,1.359,1.153,0.906,-1.341,1.102,-0.794,1.333,-1.135
1,0.698,0,1.026,-0.044,0.51,-0.103,1.178,-0.263,1.029,-0.289,0.909,-0.207,0.883,-0.392,1.207,-0.568,1.05,-0.566,0.929,-0.536,0.409,-0.875,0.772,-0.529,0.68282,-0.692,0.427,-0.386,0.748,-0.707,0.4,-0.878,0.49195,-0.516
0,0.0,0.0,0.0,0.0,0.0,0.0,0,0.0,0.885,1,1.073,0.628,0.0,0.0,0.0,0.0,-0.283,-0.94,-1.289,-0.712,0.0,0.0,0.0,0.0,-0.835,-1.165,-0.673,-0.896,-0.8,0.8,1,0.0,0.0,0.0
1,1.247,0.0,1.191,-0.03730,1,-0.048,0.521,-0.142,0.534,-0.083,1.156,-0.071,0.963,-0.257,1.377,-0.328,0.736,-0.303,0.544,-0.471,1.104,-0.475,0.545,-0.37643,0.95,-0.463,0.484,-0.587,0.949,-0.507,0.805,-0.573,0.591,-0.622
0,0.997,0.0,1.15,-0.02,-0.598,0.283,-0.485,0.203,0.69258,-0.365,0.527,-0.038,-0.334,-0.004,-0.42,0.151,0.91921,-0.544,1.415,-0.326,-0.258,-0.392,-0.73864,0.522,1.09,-0.368,0.425,-0.559,1.172,-0.742,-0.085,0.28,-0.088,0.278
1,1.195,0.0,0.585,0.007,0.567,-0.037,0.512,-0.054,1.355,-0.039,0.508,-0.037,1.418,-0.113,1.35,-0.084,0.993,-0.091,0.693,-0.19200,0.493,-0.193,0.498,-0.194,0.445,-0.265,0.81813,-0.315,0.656,-0.298,0.76911,-0.269,1.075,-0.161
0,1.114,0.0,0.0,0.0,1.051,0.314,0.0,0.0,0.096,-0.976,0,0.0,0.0,0.0,-1.017,-0.277,-0.55711,-0.669,0.538,0.835,0.0,0.0,0.657,0.19,-0.597,0.6,1.013,-1.444,-1.421,0.824,0,0.0,0.0,0.0
1,1.088,0.0,0.84134,-0.143,0.433,0.043,1.401,-0.003,0.939,0.081,0.805,-0.011,1.182,0.466,0.731,-0.64,0.83,-0.176,0.86676,-0.264,0.638,1.254,0.51,-0.16290,1.243,-0.022,0.997,-0.012,0.487,-0.255,0.682,-0.344,0.615,-0.012
0,0.0,0.0,1.247,0.575,0.637,-1.068,0.0,0,0,0.0,1.228,1.21,1.263,1.278,-0.525,-1,1.282,-1.366,-1.262,0.679,0.0,0.0,1.378,-1.336,1.265,-1.05,0.871,0.588,-1.065,-1.072,0.0,0.0,0.0,0.0
1,0.763,0.0,1.071,1.375,1,1.25,0.945,1.36,-0.362,0.786,-0.463,0.704,-1.303,0.976,-1.244,0.816,-1.472,-0.406,-0.888,-0.276,-1.408,-0.569,-0.484,-1.493,0.643,-1,1.166,-1.375,0.866,-1,1.112,-0.318,0.782,0.22
0,1,0.0,-0.381,-0.986,-1.443,0.998,1.451,0.603,0.045,-1,-1.144,-1.195,1.105,0.516,1.15,-1.35,-0.991,0.883,1.187,1.421,1.202,-0.832,-0.515,-0.808,-0.164,0.585,1.499,-0.978,-1.454,-1.46,-0.531,1.181,1.465,0.33611
1,1.223,0.0,1.307,0.061,1.383,-0.08,0.816,-0.067,0.96097,-0.047,0.751,0.019,1.154,-0.11,1.038,-0.236,1.384,-0.422,0.854,-0.461,1.016,-0.262,0.737,-0.406,1.043,-0.274,0.917,-0.379,0.92059,-0.221,1.14,-0.424,0.579,-0.41173
0,1.461,0.0,0.055,-0.124,-1.496,0.657,-0.705,0.865,0.384,0.703,-0.949,-0.899,-0.953,-1.308,-0.603,0.752,-0.03,0.347,-0.42113,-0.388,-0.603,-1.383,-1.26,-0.564,-0.875,0.23810,0.898,-0.745,-1,-0.42,-1.181,-0.829,-1.487,0.902
1,0.709,0.0,0.686,-0.023,1.331,-0.047,1.444,-0.089,1.313,-0.127,0.8,0.655,1,-0.086,1.352,-0.189,1.023,0.346,0.917,-0.164,1.374,-0.133,1.205,-0.161,0.715,-0.543,0.942,-0.148,0.435,-0.138,0.514,-0.22765,0.688,-0.22981
0,0,0.0,-0.717,0.926,1,-1.463,-1.142,1.48,0.0,0.0,1.053,0.98,-1.481,-0.109,1,1.269,-0.904,-1.483,1.352,-0.947,-1.488,-0.73,1.179,1.11,1.484,-0.685,0.906,1.273,0.629,1.232,0.0,0.0,-0.977,-1.248
1,0.619,0.0,1.387,0.05,1.217,0.107,0.67,0.072,1,-0.026,0.647,0.06,0.762,0.112,0.503,0.11224,0.714,0.142,0.912,0.175,1.235,0.109,0.608,0.159,0.668,0.211,1.014,0.262,0.88568,0.302,0.833,0.391,0.756,0.26
0,0.515,0.0,0.218,-0.5,-0.971,1.395,0.0,0.0,0.0,0.0,-1.357,0.79,0.0,0.0,-0.714,-0.66,1.054,0.222,0.765,0.14375,0.0,0.0,-1.284,-0.176,-1.093,1.436,1.307,1,-1.359,0.77,0.0,0,0.0,0.0
1,1.007,0.0,0.559,0.139,1.138,0.069,0.903,0.235,1.428,0.09237,0.698,0.228,1.268,0.271,0.871,0.263,0.786,0.224,1.031,0.406,0.86,0.465,0.506,0.271,0.939,0.34658,0.419,0.452,0.62764,0.598,0.607,0.26,0.31,0.492
0,1,0.0,0.009,-0.391,0.0,0.0,0.0,0.0,0.0,0.0,0.0,0.0,0.0,0.0,0.144,-0.428,0.124,1.104,0.638,-0.554,0,0.0,0.07,-1.456,-0.10625,-0.132,1.206,-0.429,-0.998,0.103,0.0,0.0,0.988,-0.145
1,0.672,0.0,0.779,0.154,1.333,0.212,0.761,0.367,1.216,0.332,1.319,0.232,0.76,0.439,0.81011,0.567,1.064,0.538,0.643,0.301,0.831,0.511,0.799,0.888,0.586,0.448,0.295,0.549,0.357,0.963,0.33921,0.84,0.127,0.78685
0,1,0.0,0.741,1.219,0.259,-1.389,0.775,0.639,1.192,0.377,-0.841,0.797,-0.068,0.653,0.011,0.046,-0.316,-1.113,0.183,-0.038,0.405,-0.348,-1.335,0.808,0.80921,-1.102,0.626,-0.052,0.572,1.341,0.234,-1.042,0.513,1
1,1.239,0.0,0.757,-0.606,1.421,0.394,0.853,0.197,1.034,-0.118,0.644,0.485,0.678,-0.218,0.789,0.011,1.301,-0.615,0.409,-0.16,0.615,-0.209,0.819,-0.116,0.58,0.1,0.491,-0.07249,1,-0.283,0.243,0.267,0.636,-0.05402
0,1,0.0,1.116,0.114,1.058,0.545,1.036,-0.94,0.524,0.075,0.712,0.37,0.614,0.522,0.953,0.434,0.73,0.024,0.696,-0.325,1.119,0.63496,0.713,0.31,1.064,-0.295,0.828,0.21,0.486,-0.013,0.628,0.115,0.8,0.37409
1,1.195,0.0,1.239,0.28046,1.227,0.013,1.338,0.048,1.168,0.062,1.02,0.278,1.185,0.065,0.807,0.026,0.557,-0.132,0.84371,-0.119,0.88,0.033,1.422,0.401,0.646,-0.421,1.147,-0.018,1.181,0.3,1.235,-0.243,0.936,-0.07329
0,0,0.0,1.299,-1.332,0.997,-0.867,1.084,-1.176,0.765,-1.447,0.617,1.247,1.126,1.397,0.663,-1.216,1.247,0.779,0.885,0.527,1.172,0.978,1.415,-0.996,0.576,-1,0.874,-0.646,0.598,0.534,0.0,0.0,1.152,-1
1,0.836,0,1.208,0.385,0.546,0.421,0.622,0.559,0.119,0.635,-0.43872,1.099,-0.988,0.505,-1.019,0.223,-0.34,-0.651,-0.928,-0.349,-0.574,-0.4,-0.439,-0.563,0.398,-1.446,0.21,-0.93296,0.249,-1.054,1.257,-0.421,0.798,0.052
0,1.444,0.0,1.036,1.051,0.803,-1,0.661,-0.543,0.68,0.532,0.699,0.685,1.236,0.596,1.396,-1.457,1.322,0.846,0.876,1.23,1.01,0.524,1,1.421,1.38,0.976,1.013,0.706,0.0,0.0,1,-1.338,1.353,-0.729
1,1,0.0,1.076,0.033,0.992,0.146,1.337,0.161,0.778,0.273,1.482,0.228,1.075,0.533,0.545,0.475,1.019,0.72,0.992,0.339,1.114,0.61267,1.068,0.474,0.723,0.451,0.758,0.563,1.143,0.55,0.828,0.546,0.727,0.75837
0,0.0,0.0,1.5,-0.641,1.136,0.584,-0.588,-1.336,0.575,-1.247,0.0,0.0,0.0,0.0,-1.106,1.278,1,-0.872,1.355,-1.05,-0.921,0.666,1.068,-1.078,0.525,-0.809,1.067,-1,-1.21,-1.265,0.0,0.0,1.282,-1
1,1,0.0,1.196,0.067,1.316,0.207,1.414,0.375,1.278,0.35052,0.587,0.364,0.766,0.784,0.921,0.808,0.761,0.384,0.527,0.98,0.532,0.491,0.544,0.536,0.432,0.74689,0.289,0.977,0.142,0.564,0.097,1.081,0.083,0.924
0,0.952,0,0.868,0.206,0.0,0.0,-0.291,1.047,0.0,0.0,0,0.0,0.0,0.0,0.268,-0.195,0.109,0.223,0.654,0.78175,0.0,0.0,0.0,0.0,1.039,0.239,1.108,0.93,0.0,0.0,0.0,0.0,0.0,0.0
1,1.436,0.0,1.085,0.037,0.945,0.071,1.46,0.19498,0.986,0.395,1,0.275,1.41,0.272,1.157,0.449,1.145,0.355,0.637,0.798,0.896,0.784,1.087,0.689,0.497,0.614,0.718,0.762,0.599,0.594,0.64,0.569,0.33381,0.506
0,0.0,0.0,1.383,1.08,0.0,0.0,1.104,-1.433,0.865,-1.455,1.491,1.496,1.26,1,0.657,-1.155,0.875,0.661,1.051,1,0.603,-0.953,-1.044,-1.468,0.922,-0.807,0.898,-1.181,1.487,0.705,0,0.0,1.419,-0.587
1,1.05,0.0,0.525,0.027,1.444,0.096,0.599,0.124,1.068,0.256,1.291,0.212,1.001,0.221,1.149,0.522,1.132,0.615,0.557,0.331,1.16,0.576,0.951,0.395,0.893,0.478,0.362,0.412,0.386,0.864,0.45312,0.651,0.40442,0.62658
0,0.0,0.0,1,1.142,1.179,-0.629,0.685,0.977,1.463,1.48,1,1.483,0.947,0.93,1.352,0.906,1.071,-1.484,-1.11,1.053,-0.904,0.93,-1.273,1.04,1,-1.166,1.481,1.228,-1.331,0.557,-1.488,-0.717,-0.579,1.232
1,1,0.0,1.064,0.277,0.682,0.456,1.387,0.98,1.371,1,0.764,1.288,1.323,0.619,0.785,0.562,0.833,0.542,0.968,1.494,0.543,0.855,0.845,1.269,0.64628,1.238,0.256,0.857,0.098,0.926,-0.193,1.076,-0.622,0.704
0,0.0,0.0,1,0.893,0.515,-1.448,1.422,1.164,-1.266,0.79,0.0,0.0,0.796,1.309,0,0.0,0.0,0.0,-0.648,1.202,-1.289,1,1.471,1.357,0.71,-0.683,1.307,0.984,1.492,1.05,0.67,-0.844,-0.972,1.395
1,1,0.0,1.421,-0.081,0.903,0.529,1.138,0.09557,0.966,0.294,1.227,-0.971,0.919,-0.429,1.232,-0.177,0.676,0.048,0.572,-0.657,0.559,-0.315,0.685,-0.554,0.614,-0.427,0.822,-0.498,1.468,-0.975,0.767,-0.819,0.926,-0.48252
0,0.0,0.0,1.098,-1.443,0.67,1.333,1,0.568,1.249,1.206,1.16,1.331,1.385,-0.677,0.558,-0.546,0.794,0.794,1,-0.844,0.838,1.364,1.456,0.779,0.533,-0.629,0.998,0.559,0.638,-1,0.512,0.988,1.299,-1.031
1,1,0.0,0.911,0.113,0.746,0.147,1.127,0.334,0.682,0.456,1.058,0.42196,0.828,0.44,0.972,0.74,0.60459,0.707,0.451,0.334,0.574,0.613,0.342,0.829,0.314,0.593,0.126,0.935,0.077,0.791,0.016,1.133,-0.022,0.434
0,0.604,0.0,0.957,-0.199,0.641,0.319,0.537,0.224,0.142,0.648,0.797,-0.09,0.01060,0.228,0.008,0.322,0.26,0.347,0.147,0.297,0.058,0.248,-0.001,0.127,-0.032,0.192,-0.028,0.1,-0.034,0.10349,-0.04585,0.073,-0.021,0.061
1,0.72,0.0,0.893,-0.025,0.507,-0.056,0.754,0.039,0.85947,0.02515,0.894,0.062,0.893,0.055,0.988,0.04,1.151,-0.214,0.503,-0.009,0.871,0.078,0.446,-0.249,0.67,0.019,0.61009,-0.091,0.743,-0.315,0.745,-0.21,0.836,0.044
0,0.552,0.0,0.483,-0.05,1.229,0.036,0.621,1.005,0.406,0.078,0.463,0.192,0.903,-0.59,0.507,0.662,0.363,-0.10448,0.537,-0.059,0.863,0.109,0.83209,0.448,0.47015,0.089,0.718,0.178,0.174,-0.019,0.376,0.086,0.451,0.167
1,1.153,0,0.463,0.067,1.058,-0.124,1.06,0.043,0.54,-0.06,0.645,0.015,0.66792,-0.13962,1.049,-0.017,0.744,0.062,0.672,-0.05,1.102,-0.188,0.654,-0.168,0.863,-0.182,0.377,-0.054,0.716,0.024,0.788,0.037,0.939,0.005
0,1,0.0,0.594,-0.035,1.18,0.043,0.573,0.415,0.649,-0.075,0.65,-0.169,1.006,0.056,0.768,1.381,0.50455,0.325,0.338,0.139,1.071,-0.333,0.742,-0.726,0.605,0.222,0.344,0.199,0.367,0.047,0.524,0.098,1.114,1
1,1,0.0,0.339,-0.021,0.365,0.0,0.474,0.144,0.313,-0.085,0.56471,0.14118,0.303,0.071,0.411,-0.033,0.515,0.018,0.346,0.0,0.621,0.095,0.834,0.057,0.463,0.005,0.656,0.097,0.613,0.114,0.443,0.192,0.577,0.249
0,1,0.0,0.392,0.114,0.184,0.151,0.23182,0.303,-0.029,0.551,0.055,0.459,-0.151,0.222,-0.138,0.241,0.037,0.491,-0.294,0.156,-0.17,0.068,-0.269,0.408,-0.14003,-0.035,-0.099,-0.06,-1.486,-1.081,-0.019,-0.09,-0.007,-0.048
1,1,0.0,1.222,-0.12,1.404,0.402,0.931,0.166,0.458,0.043,0.742,-0.043,0.879,0.22,1.036,0.374,0.525,0.57940,0.926,0.414,0.892,0.255,1.118,0.269,0.365,0.276,1.0,0.53235,1.185,0.687,0.248,0.826,0.727,0.598
0,1,0.0,1.159,-0.091,-0.235,-0.879,-0.067,-0.629,0.76,0.031,0.503,-0.00763,-0.195,0.703,-0.128,-0.758,1.245,-0.079,1.011,-0.169,-0.045,0.403,-0.278,0.868,1.115,-0.041,1.018,-0.25288,1.134,-0.21,-0.109,-1.036,-0.219,-0.424
1,0.676,0.0,0.867,-0.195,0.621,0.058,0.334,0.485,0.914,0.234,0.717,0.354,0.716,-0.23043,0.289,0.22,0.358,-0.255,0.251,-0.235,0.26957,0.156,0.271,-0.03,0.301,-0.168,0.368,-0.059,0.317,-0.057,0.351,-0.373,0.467,0.14783
0,1.499,0.0,-0.318,0.14861,-0.188,0.677,0.675,-0.186,0.176,-0.099,0.255,-0.131,0.361,0.064,0.358,-0.199,0.233,0.585,0.312,0.044,0.511,0.051,-0.89,-0.413,1,0.685,0.308,-0.238,-0.127,0.165,0.016,0.527,0.452,-0.08978
1,1.014,0.0,0.217,0.096,0.361,0.251,0.719,-0.005,0.38,0.20883,0.52462,-0.098,0.329,-0.025,0.669,0.052,1.06,-0.115,0.54,-0.024,0.266,0.06621,0.314,-0.283,0.449,-0.027,0.408,-0.046,0.439,0.118,1.037,-0.012,0.347,-0.03
0,1,0,0.916,0.093,0.0,0.0,0.788,0.055,0.44,0.84,0.504,0.607,-0.015,0.562,0.268,0.18,-0.031,1.399,-0.493,0.798,-0.108,0.538,-0.262,0.308,-1.31,1.148,-0.238,0.58,-1.152,0.817,-1.287,0.113,0.0,0
1,0.964,0.0,1.35,0.204,0.956,0.447,0.599,0.392,0.733,0.876,0.387,0.623,0.134,0.651,0.068,0.6,-0.12611,0.87396,-0.337,0.527,-0.646,0.419,-0.501,0.802,-0.401,0.287,-0.46,0.343,-0.709,0.164,-0.831,-0.043,-0.894,-0.19904
1,0.608,0.0,1.191,0.155,0.624,0.461,0.516,0.66,0.27,0.762,0.322,0.92643,0.06,0.494,-0.07,0.909,-0.194,1.29,-0.52145,0.442,-0.502,0.601,-0.794,0.33537,-0.566,0.156,-0.521,-0.011,-0.886,-0.261,-0.388,-0.385,-0.436,-0.451
0,1.36,0.0,-1.303,-1.178,0.0,0.0,0.481,-0.494,0.871,0.375,-1.176,-0.408,0.0,0.0,0,0,0.936,-0.352,0.288,-0.894,1.216,-1.273,-1.213,-1.25,1.097,-0.59609,-1.429,-1.221,-0.954,-0.556,0.586,-0.941,0.0,0.0
1,1,0.0,0.681,0.061,0.467,0.037,0.484,0.047,0.842,0.11,0.672,0.39,1.055,0.043,0.783,0.122,0.901,-0.106,0.901,0.0,0.70021,0.115,0.41,0.159,0.374,0.128,0.433,0.082,0.641,0.256,0.837,0.201,0.447,0.15114
0,0.732,0.0,1.069,-0.711,0.0,0.0,0.916,-0.578,0.53,0.322,-0.563,-1.329,0.0,0.0,0.0,0.0,0.63,-0.401,0.766,-0.719,0.0,0,0.18382,-0.836,-1.468,-0.705,-0.816,-1,0.857,-0.778,1.5,-0.881,0.0,0.0
1,0.917,0.0,1.392,0.026,0.714,-0.03142,0.704,-0.023,0.83,-0.052,1.042,-0.094,1.257,-0.047,1.278,-0.233,1.019,-0.14257,0.98310,-0.162,1.408,-0.153,1.026,-0.107,0.958,-0.158,1.441,-0.116,1.081,-0.225,0.854,-0.284,1.035,-0.241
0,0.0,0.0,0.0,0.0,0.0,0.0,0.0,0.0,0.0,0.0,0.0,0.0,0.0,0.0,0.0,0.0,0.0,0.0,0.0,0.0,0,0,0.0,0.0,0.0,0.0,0.892,-0.519,0.0,0.0,0.0,0.0,0.0,0
1,1.349,0.0,1.133,-0.132,0.322,-0.155,0.96365,-0.136,0.749,0.084,0.506,-0.007,0.941,-0.158,1,-0.257,0.719,-0.218,1.318,-0.295,0.562,-0.161,1.246,-0.574,1.261,-0.257,0.677,-0.294,0.809,-0.296,1.242,-0.193,0.842,-0.41573
0,1.387,0.0,0.339,-0.41,0.0,0.0,1.016,-0.77,0.239,0.578,0.943,0.06439,0.241,-0.655,0,0.0,0.811,-0.259,0.422,-0.574,0.0,0.0,0.0,0.0,0.328,0.237,1,-0.356,0.076,-0.675,0.146,-0.752,0.0,0.0
1,0.511,0,0.669,-0.387,1.309,-0.054,0.506,-0.964,0.90083,0.555,1.482,-0.133,0.552,-0.078,0.719,-0.128,0.734,-0.11,0.544,-0.202,0.877,-0.126,1.311,-0.335,0.738,-0.368,1.467,-0.181,0.975,-0.36931,1.215,-0.392,0.634,-0.67
0,1,0,0.0,0.0,0.0,0.0,0.0,0.0,0.0,0.0,0.62195,1.072,0.0,0.0,0.0,0.0,0.422,-0.569,0.286,-1.37,0.0,0.0,0.0,0.0,0.0,0.0,1.133,0.151,0.0,0.0,0.0,0.0,0.0,0.0
1,1,0.0,1.051,0.006,0.488,-0.126,0.594,-0.153,0.582,-0.042,1.009,-0.101,1.156,0.017,1.153,-0.147,0.566,-0.12977,0.681,-0.065,1.208,0.001,0.444,-0.058,1.392,-0.113,0.999,-0.227,1.313,-0.185,0.86,-0.25741,0.942,-0.241
0,1.006,0.0,0.088,0.156,0.0,0.0,0.0,0.0,0.638,0.645,0.289,1.338,0.0,0.0,0.0,0.0,0.37162,-1.388,0.33108,-1.437,0.0,0.0,0.0,0,-0.608,-1.348,1.113,-0.905,0.545,-0.241,0.0,0.0,0.0,0.0
1,0.845,0.0,1.486,-0.484,0.98,-0.386,0.89518,-0.97450,0.793,-0.446,0.881,-0.178,0.768,-1.158,1.352,-0.527,1.36,-0.86,0.653,-0.613,1.173,-1.267,0.656,-0.908,0.744,-0.582,0.53777,-1.003,1.156,-0.793,1.122,-1.226,0.439,-0.825
0,0.73,0,0.745,-0.703,0.0,0.0,0.0,0.0,0.853,0.863,0.758,-0.184,0.0,0.0,0.0,0.0,0.62121,-0.2,1.24,-1.165,1.035,-0.926,0.0,0.0,0.0,0,1.433,-1.304,-0.106,-0.538,0.0,0.0,0.0,0.0
1,1.099,0,0.914,0.153,0.872,0.449,0.709,0.396,0.307,0.69962,0.36705,1.152,0.1,1.245,-0.045,0.926,-0.162,0.562,-0.183,0.957,-0.309,0.457,-0.665,0.61,-0.414,0.175,-0.532,0.121,-0.77,-0.112,-0.606,-0.264,-0.276,-0.378
0,1.336,0.0,0.241,-0.401,0.0,0,1.478,-0.696,0.707,0.78,0.593,0.397,0.0,0.0,0.0,0.0,0.705,-0.368,1.089,-0.582,0.0,0.0,0.0,0,0.279,0.63,1,0.245,0.0,0.0,0.0,0.0,0.0,0.0
1,1.013,0.0,0.944,0.312,0.91404,0.34,0.564,0.667,0.614,0.535,0.206,1.136,0.123,0.487,-0.319,0.882,-0.512,0.977,-0.73,0.477,-0.954,0.255,-0.497,0.173,-0.595,0.026,-0.399,-0.146,-0.907,-0.346,-0.442,-0.41,-0.37432,-0.53319
0,0.86,0.0,0.91353,0.976,-0.581,1.464,-0.245,0.452,0.047,0.381,-0.207,-0.139,-0.027,-0.114,0.019,-0.024,0.006,-0.007,0.004,0.0,0.001,0.001,-0.0,0.0,-0.0,0.0,-0.0,0.0,0.0,0,0.0,0.0,0.0,0
1,1.423,0.0,0.227,-0.063,0.432,0.083,0.219,0.267,0.332,0.125,0.604,0.02,0.171,-0.066,0.30952,-0.05,0.212,-0.11905,0.391,0.051,0.291,0.0,0.252,-0.073,0.511,-0.045,0.293,-0.029,0.184,0.0,0.192,-0.019,0.118,-0.01877
0,0.98,0.0,0.588,-0.098,1.163,0.04,0.689,-0.009,0.964,0.013,1.045,-0.023,0.632,0.0,0.438,-0.239,0.151,-0.11,0.471,-0.151,0.431,0.029,1.231,-0.44,0.31148,-0.231,0.726,-0.20325,0.276,-0.049,0.269,-0.44262,0.516,-0.087
1,0.556,0.0,1.122,0.0,1.076,0.018,1.04,0.03,0.5,0.0,0.842,0.049,0.719,0.067,0.469,0.09579,0.487,0.336,0.733,0.094,0.995,0.114,0.56,0.138,0.527,0.255,0.757,0.091,0.391,0.02727,0.458,0.169,0.34,0.17077
0,0.53,0.0,0.315,0.522,-1.072,0.11342,-0.097,-0.933,0.566,0.017,1.046,0.506,-0.636,0.4,-0.193,-0.84,0.334,0.135,0.787,0.085,-0.488,0.472,-0.671,-0.542,0.353,0.826,0.327,0.472,0.535,0.463,-0.542,-0.29915,0.25441,-0.617
1,0.863,0.0,1.136,-0.099,0.991,-0.026,1.461,-0.063,1.095,0.001,0.83556,-0.038,1.034,-0.093,0.602,-0.12,1.054,0.05333,0.895,-0.026,0.829,-0.091,1,-0.23,1.182,0.034,1.365,-0.191,1.164,-0.132,0.616,-0.226,0.778,-0.564
0,0.732,0,0.25,-0.121,0.815,-0.142,0.18182,-0.974,0.226,-0.032,0.347,-0.047,0.169,0.243,0.27,-0.368,0.134,-0.023,0.427,0.057,0.139,0.544,0.61818,0.097,0.231,0.097,0.292,-0.094,0.369,-0.08,0.145,-0.373,0.226,-0.17
1,1,0.0,1.495,-1.287,0.917,0.898,0.475,-0.072,0.671,0.0,0.575,-0.0,0.443,0.039,0.645,-0.047,1.018,-0.001,0.792,0.0,0.67,0.077,0.97,-0.001,0.554,0.906,0.649,-0.002,1.409,-1,1,0.577,0.644,-0.142
0,0.998,0.0,0.838,0.511,-0.517,-0.124,0.498,-0.089,0.445,-0.194,-0.593,0.066,0.439,0.0,0.229,-0.053,-0.402,0.649,0.255,0.035,0.342,0.036,0.11,-0.208,-0.771,-0.10234,0.175,-0.439,1,0.0,-0.964,-0.03,0.227,0.02381
1,1.21,0.0,0.289,0.032,0.736,-0.10417,0.323,0.0,0.331,-0.035,0.357,0.0,0.407,0.114,0.724,0.02083,0.636,-0.309,0.263,-0.166,0.229,0.104,0.281,0.222,0.218,-0.167,0.453,-0.123,0.41667,-0.078,0.297,-0.238,0.331,-0.083
0,1,0.0,1.334,0.778,0.0,0.0,0.0,0.0,0.0,0.0,0.57,-1.241,-0.51504,0.409,-1.399,0.307,0.817,0.77,0.0,0.0,0.0,0.0,0.446,0.274,-0.508,-1.247,1.129,-1.287,0.669,1.49,0.0,0,0.0,0.0
1,1.261,0.0,1.249,0.055,1.377,0.081,0.90996,0.179,0.462,-0.616,0.49,0.434,1.097,0.452,0.554,0.374,0.519,0.612,1.401,0.663,0.393,0.226,0.398,0.428,0.297,0.28,0.34374,0.379,0.484,0.62,0.168,0.219,0.235,0.37191
0,1,0.0,0.41,0.403,0.953,0.979,0.764,0.808,0.631,-0.106,0.86,0.05,1.427,-0.971,1.077,0.632,1.023,-0.05206,0.453,0.197,1.289,-0.691,1.259,-0.782,0.367,-0.412,0.975,0.135,0.917,0.587,1.158,1.179,0.81979,0.563
1,1,0.0,0.974,0.109,0.58,-0.021,0.98313,0.035,1.014,-0.106,0.923,-0.016,1.296,-0.033,0.673,-0.037,1.352,-0.066,0.93840,0.019,1.125,-0.129,0.558,-0.071,0.468,-0.079,1.177,-0.078,0.66,0.009,0.603,-0.146,0.547,-0.103
0,1.442,0.0,0.0,0.0,-0.339,0.74,0.0,0.0,0.405,-1.338,0.95,0.31385,-0.169,-0.798,-0.184,0.835,0.959,0.221,0,0.0,0.0,0.0,-0.201,-0.704,0.0,0.0,1.111,-1.427,0.0,0.0,0.062,0.689,0.0,0
1,1.222,0.0,0.733,0.008,1.427,0.008,1.07,-0.005,0.645,-0.039,1.232,-0.03510,1.308,-0.009,1.244,-0.035,0.526,-0.016,1.105,0.0,1.215,-0.031,0.793,-0.057,1.038,-0.065,1.257,-0.032,1.441,-0.02478,0.85,-0.033,0.781,-0.04112
0,1.13,0.0,0.0,0.0,1.426,-0.121,0.163,-0.042,0.0,0,0.788,0.054,1.226,-0.201,0.882,0.054,1.032,-0.163,0.0,0.0,1.388,-0.275,0.988,-0.465,0.0,0.0,0.758,-0.163,0.0,0.0,1.103,-0.25946,0.186,-0.15676
1,1,0.0,0.64122,0.011,0.362,-0.016,0.418,0.037,0.216,0.177,0.645,0.051,0.241,0.036,0.309,0.0,0.517,0.0,0.225,0.037,0.226,0.175,0.344,0.041,0.149,0.115,0.257,0.05641,0.241,0.04,0.105,0.0,0.186,0.085
0,1,0.0,0.736,0.64,0.508,-1.379,0.0,0.0,0.0,0.0,1.113,1.28,0.9,-0.574,0.786,1.371,0.546,-1,0.0,0.0,0,0.0,0.747,-0.371,0.0,0.0,1.114,-0.962,1.276,0.926,0.582,-0.696,0.0,0.0
1,0.552,0.0,0.32,0.152,0.581,0.351,0.40816,0.147,0.595,0.622,0.30612,0.497,0.118,0.307,0.0,0.334,-0.041,0.35,-0.176,0.798,-0.35,0.424,-0.422,0.331,-0.753,0.22449,-0.604,0.089,-0.338,0.192,-0.449,0.0,-0.377,-0.342
0,1.336,0.0,0.0,0.0,1,-1.205,0.0,0.0,0.0,0.0,0.797,0.721,1.298,-0.193,1.288,0.32,0.86,-0.562,0.0,0.0,0.0,0.0,1.114,0.62,0.0,0.0,1,-1,0.0,0.0,0.868,-1.464,0.0,0.0
1,1,0.0,0.909,0.547,1.199,0.396,0.552,0.416,0.649,0.754,0.203,1.246,-0.021,1.283,-0.135,1.093,-0.44,0.797,-0.5,0.608,-0.622,0.533,-0.458,0.1,-0.698,-0.161,-0.67925,-0.133,-0.336,-0.491,-0.611,-0.673,-0.264,-0.631
0,0.964,0.0,-1.498,0.28105,0.157,0.195,-0.581,-0.528,-0.377,1.062,-0.821,0.873,-0.81699,0.393,-1.051,-0.017,-0.861,-0.871,-0.371,-0.651,-0.029,-0.727,1.384,-1.127,-1,-0.531,0.729,0.062,-1.163,0.036,0.108,0.02,-0.322,-0.704
1,0.556,0.0,0.26667,-0.08,0.482,0.0,0.341,-0.176,0.284,0.11667,0.462,0.012,0.435,0.08333,0.463,-0.044,0.719,0.215,0.299,-0.01,0.173,0.241,0.438,0.0,0.182,0.185,0.419,0.033,0.449,0.034,0.657,0.039,0.45,-0.057
0,1.139,0.0,-0.34,0.572,-0.356,0.143,-0.254,-0.023,0.034,-0.06879,0.028,0.032,-0.01,0.027,-0.019,-0.002,-0.001,-0.012,0.003,-0.001,0.00138,0.002,-0.001,0.001,-0.001,-0.001,0.0,-0.001,0.0,0.0,0.0,0.0,-0.00008,0.0
1,0.601,0.0,0.863,-0.22,0.582,0.231,0.607,-0.192,0.86486,0.188,1.017,-0.27027,0.743,0.0,0.572,-0.079,0.443,-0.21622,0.871,-0.169,0.791,0.077,1.059,0.167,0.212,-0.246,0.34,-0.15,0.55,-0.324,0.93,-0.623,0.641,-0.144
0,0.947,0.0,1.388,-0.044,-0.59,-0.465,-0.857,-0.023,0.712,0.012,1.221,-0.012,-0.616,0.22,-1,-0.00391,1.037,-0.039,0.655,-0.02,-1.061,0.098,-0.958,0.415,1.088,-0.003,0.723,0.186,0.591,-0.06641,-0.573,-0.183,-0.582,-0.301
1,1,0,1.306,0.027,0.956,-0.01,0.545,0.014,1.362,-0.022,0.889,0.005,0.497,-0.025,0.548,-0.005,0.701,-0.024,0.829,0.025,1.399,-0.051,0.49,-0.017,1.23,-0.051,0.941,-0.018,0.795,0.018,1.199,-0.051,0.531,0.00809
0,1,0.0,0.679,-0.08,1.493,-0.742,0.441,-0.166,0.487,-0.22222,0.625,-0.161,0.117,-0.085,0.657,-0.243,0.793,-0.293,1,-0.561,0.0,-0.339,0.512,-0.662,0.86,-0.352,1.072,-0.649,1.454,-0.144,0.867,-0.665,0.984,-0.683
1,1,0.0,0.31,-0.103,0.286,-0.129,0.20690,-0.064,0.099,-0.043,0.051,-0.023,0.017,-0.032,0.008,-0.01,0.002,-0.006,0.0,-0.007,-0.0,-0.002,-0.0,-0.002,-0.0,-0.001,-0.0,-0.0,-0.0,-0.0,-0.0,-0.0,-0.0,-0.00006
0,1.49,0.0,0.874,-0.047,0.97,0.0,0.468,-0.07843,0.912,-0.106,0.703,-0.073,0.66667,-0.171,0.898,-0.076,0.62,-0.071,0.427,-0.21569,0.423,-0.139,0.993,-0.182,0.321,-0.34,0.731,-0.146,0.393,-0.16,0.329,-0.291,0.606,-0.184
1,1.482,0.0,0.183,0.205,0.449,0.318,0.285,0.257,0.102,0.292,0.006,0.147,-0.015,0.055,-0.031,0.083,-0.055,0.029,-0.024,0.012,-0.02474,0.005,-0.016,-0.002,-0.01097,-0.004,-0.003,-0.008,-0.004,-0.003,-0.001,-0.005,0.0,-0.00291
0,0.992,0.0,-0.842,0.124,0.034,0,0.0,0.06250,0.449,0.045,0.183,0.0,-0.034,0.123,0.06250,0.0,0.183,-0.156,0.637,-0.363,0.0,-0.114,0.0,0.0,0.036,-0.471,0.016,0.0,-0.77,0.029,-0.047,0.0,0.0,0.083
1,1.352,0.0,1.23,-0.007,1,-0.036,1.072,-0.038,1.056,-0.009,0.98919,-0.034,0.98919,0.06,1.37,-0.074,1.279,0.047,1.048,-0.005,1.209,0.049,0.751,0.06,1.327,0.137,1.041,0.012,0.573,-0.02,1.153,0.014,1.276,-0.047
0,1.111,0.0,0.95,0.055,1.437,0.047,1.324,0.783,0.828,-0.011,0.83721,0.032,0.588,0.252,0.867,1.237,1.098,0.047,0.88,0.076,1.427,0.368,1.381,-0.678,0.80620,0.038,0.704,0.585,0.749,0.042,1.113,0.87317,1.274,1.35
1,1.212,0.0,1.289,-0.014,1.308,0.09,1.201,0.012,0.489,0.004,0.652,-0.022,1,0.0,0.983,0.044,1.166,0.041,0.91444,0.064,1.194,0.026,1.324,-0.013,1.197,0.065,0.889,0.039,0.773,0.015,1.286,0.115,1.331,0.06417
0,1,0.0,-0.296,0.404,0.122,0.122,0.214,0.243,0.207,0.429,0.364,-0.293,0.091,0.284,-0.103,0.232,-0.068,0.172,-0.197,0.207,-0.497,-0.08000,0.245,0.486,-0.777,-0.26,0.32190,-0.395,-0.551,0.16,-0.353,-0.461,0.22,0.034
1,1.413,0.0,0.646,0.024,0.91,0.079,0.394,0.09,0.791,0.0,0.738,0.0,0.879,0,1.015,0.0,0.555,0.081,0.737,0.106,0.471,-0.044,0.76667,0.0,0.908,0.13333,0.958,0.09,0.445,0.112,0.556,0.176,0.341,0.243
0,1,0.0,0.054,-0.009,0.075,0.008,0.0,-0.011,0.007,-0.058,0.022,-0.041,-0.006,0.036,0.061,-0.017,0.0,0.061,-0.033,0.07542,-0.061,0.018,0.021,-0.008,0.007,0.007,0.081,-0.008,0.019,-0.004,0.04469,0.0,0.065,-0.043
1,0.922,0.0,1.158,0.3,0.461,0.927,0.262,1.095,0.012,1.336,-0.138,0.84475,-0.272,0.326,-0.962,0.403,-0.381,0.073,-0.939,-0.144,-0.645,-0.314,-0.207,-0.55089,-0.04119,-0.904,0.135,-0.487,0.533,-0.542,0.598,-0.135,0.697,-0.074
0,0.62,0,0.048,0.017,-0.038,0.024,0.017,0.033,-0.098,0.005,0.012,-0.097,-0.028,0.035,-0.072,-0.033,-0.066,0.104,-0.052,0.031,0.015,0.02299,-0.052,-0.015,0.019,-0.006,0.006,0.01,0.036,0.01149,0.024,0.015,-0.04,-0.007
1,1,0.0,1.08,-0.01,0.674,0.007,1.138,0.002,0.79015,0.007,0.923,-0.013,1.106,0.03251,0.863,0.009,0.638,-0.006,0.729,-0.031,0.803,0.048,0.703,0.062,0.809,-0.02,1.057,0.003,0.825,-0.053,1.101,0.034,0.743,0.01
0,1.329,0.0,0.046,0.031,0.005,0.0,0.014,-0.017,0.019,-0.073,-0.031,-0.01284,0.014,-0.027,0.0,-0.046,-0.036,-0.017,-0.018,0.044,0.017,0.00428,0.038,-0.034,0.031,0.012,0.035,0.01,0.012,0.00713,-0.021,-0.028,-0.01,0.023
1,0.736,0.0,0.375,0.32,0.265,0.501,0.148,0.288,0.025,0.49471,-0.017,0.53968,-0.19,0.375,-0.232,0.216,-0.51587,0.091,-0.586,-0.141,-0.159,-0.105,-0.169,-0.345,-0.181,0.003,0.022,-0.246,0.22,-0.119,0.3,-0.177,0.177,0.046
0,1.219,0.0,0.095,0.007,0.169,-0.04119,0.076,-0.074,0.148,-0.068,0.304,-0.006,0.105,0.095,0.154,-0.102,0.205,-0.049,0.242,0.043,0.146,0.0,0.128,-0.001,0.088,-0.09,0.047,0.02,0.11213,-0.095,0.06,-0.073,0.146,-0.06865
1,1,0.0,0.637,0.309,0.433,0.903,0.315,0.642,-0.524,0.81,-0.73,0.51,-0.716,0.0,-0.882,-0.294,-0.38391,-0.613,-0.178,-0.661,0.588,-0.495,0.71481,-0.222,0.751,-0.033,0.869,0.387,0.6,0.556,0.037,0.327,-0.186,0.642
0,0.836,0.0,0.011,0.005,0.045,-0.005,0.03,0.012,0.016,0.05,0.003,0.002,0.019,-0.032,-0.017,0.075,-0.055,0.018,-0.014,-0.003,0.047,-0.014,0.025,0.0,0,-0.009,0.01834,-0.008,0.008,-0.019,-0.018,-0.023,0.009,0
1,1.408,0.0,0.5,0.001,0.677,-0.071,1.163,-0.028,0.918,0.079,1.103,0.11,0.88051,-0.035,0.807,0.034,0.695,-0.07,0.434,-0.102,0.621,0.01,1.353,0.026,0.62,-0.02,0.942,-0.02,0.88125,-0.069,0.754,-0.027,1.052,-0.09186
0,1,0.0,1.309,-0.625,0.704,0.702,-0.881,0.755,1.136,-1,1.372,-1.316,-0.742,-0.984,-0.968,1.268,1.484,1.189,1.454,0.657,-1.495,1.446,0.86,-1.053,1.072,-0.679,1.268,0.793,0.625,1,-0.512,1.037,-1.232,1.347
1,1.183,0.0,0.617,0.2,0.347,0.953,0.08858,0.757,-0.425,1.074,-1.018,0.568,-0.594,0.1,-1.159,-0.421,-0.882,-0.442,-0.1,-0.86063,0.348,-0.80496,0.445,-0.261,0.58,-0.254,0.474,0.185,0.376,0.358,0.15,0.747,-0.156,0.365
0,1.372,0.0,0.691,0.77,1.334,0.31,0.389,-1.393,1.49,1.129,0.026,0.045,1.337,0.772,0,0.0,0.603,-1.394,1,0.508,0.771,0.763,0.281,0.55,0.817,0.778,0.591,0.712,0.992,1.287,-0.94375,1.387,0.0,0.0
1,1.316,0.0,1.232,0.773,0.618,0.766,0.017,0.669,-0.353,0.651,-1.041,0.863,-1.465,0.147,-1.424,-0.211,-0.64706,-0.583,-0.346,-1.03,0.445,-0.544,0.74510,-0.916,0.989,-0.153,0.505,0.136,1.087,0.417,0.26,0.868,-0.098,0.90196
0,0.967,0,0.0,0,-1.0,-0.632,-1,1.077,0.0,0.0,-0.912,0.884,1.005,1.133,0.714,-1.172,0.0,0.0,0.0,0.0,-0.512,-0.738,-1.319,1.15,0.511,0.574,1.072,-0.719,0.0,0.0,-0.62,-0.552,-1.309,0.536
1,1,0.0,0.441,0.646,0.404,0.547,-0.294,1.23,-0.381,0.616,-1.141,0.403,-1.045,-0.166,-1.071,-0.256,-0.913,-0.79,0.454,-1.393,-0.247,-0.393,0.451,-0.3,0.25,0.0,1.238,0.308,0.57454,1.082,0.127,0.511,-0.55556,1.356
0,0.0,0.0,0.0,0.0,0.0,0.0,0.0,0.0,0.0,0.0,0,0.0,0.0,0.0,0,0.0,0.0,0.0,0.0,0.0,0.0,0.0,0.0,0.0,0.0,0.0,1.274,0.0,0.0,0.0,0.0,0.0,0.0,0
1,1,0,0.85,0.0,1.166,0.0,0.344,0.433,0.595,0.0,1.301,0.145,0.706,0.19,1.182,0.198,0.395,0.189,0.933,0.555,1.078,0.0,0.935,-0.338,0.606,0.423,0.951,0.38,1.08,0.308,0.63,0.29074,0.397,0.267
0,0.0,0.0,-0.531,1.084,0.657,0.734,0.0,0,1.122,-1.388,1.219,-0.765,0.66,-1.173,-0.758,-0.988,0.0,0.0,-1.004,-1.34,0.0,0.0,0.0,0,-1.442,-1.267,1.226,-1.032,0.863,1.475,-1,-0.819,0.0,0.0
1,0.792,0.0,0.678,0.0,1.304,0.0,0.66667,0.12,1.413,-0.081,0.88889,-0.09,1.404,-0.206,0.437,0.0,1.117,0.0,0.741,-0.123,0.423,-0.071,0.588,-0.154,0.745,0.0,0.90347,-0.057,1.105,0.148,0.942,-0.131,1.455,0.0
0,0.0,0.0,0.0,0.0,0.0,0.0,0.0,0.0,0.0,0.0,0.0,0.0,-0.62,-1.325,0.0,0,0.747,0.957,0.0,0,0.0,0.0,-0.943,0.508,0,0.0,0.676,-1.099,-1.336,-0.736,0.696,0.786,0.0,0.0
1,0.552,0.0,1.379,0.289,1.499,-0.261,1.328,0.092,1.043,-0.13,1,0.0,0.863,-0.335,0.556,-0.104,1.449,0.126,1.396,0.0,0.582,-0.36364,0.965,0.111,0.599,-0.12,1.421,-0.045,1.238,0.248,0.671,-0.179,1,-0.235
0,1.205,0.0,0.735,-0.453,0.0,0.0,0.0,0.0,0.509,0.247,0.347,0.364,-0.053,0.693,0.36364,0.405,-0.302,0.251,0.072,-0.104,0.01894,-0.273,-0.531,0.129,0.173,-0.203,0.196,-0.338,0.43182,0.337,0.131,-0.029,0.204,-0.366
1,0.968,0.0,0.846,0.124,0.532,0.23529,1.298,0.57,1.06,0.069,1.315,0.145,1.267,0.111,0.743,0.443,1.327,-0.068,1,-0.073,1.273,0.324,1.492,0.589,1.287,-0.094,1,0.186,0.868,0.066,1.423,0.393,1.014,0.319
0,1,0.0,0.0,0.0,-1.157,-0.62766,0.671,0.712,0.106,-0.18,-0.588,-0.199,0.179,-0.727,0.744,-0.636,0.0,0.0,0.882,-0.116,-0.368,1.197,0.109,-0.867,0.0,0.0,-0.248,-0.701,-0.183,-0.48936,0.842,1.051,-0.476,0.282
1,0.906,0.0,0.711,0.226,0.552,-0.146,0.70833,0.182,0.87500,-0.09,0.73,0.023,0.952,0.15,0.936,0.0,0.505,0.03,0.876,0.082,0.643,-0.098,0.904,0.248,0.83333,-0.176,0.524,0.062,1.386,0.17,0.43,0.0,0.764,0.025
0,1.219,0.0,0.103,-0.145,0.0,0.0,0,0.0,0,0.0,0.0,0.0,0.118,-0.14,0.0,0.0,0.0,0.0,0.0,0.0,0.0,0.0,-0.07,-0.082,0.046,0.11,0.191,-0.10897,0.083,0.109,0.019,-0.058,0.24,0.281
1,0.829,0.0,1.213,-0.051,1.275,-0.11326,0.99246,-0.253,0.601,-0.311,1.412,-0.34,1.071,-0.557,0.554,-0.613,1.028,-0.65224,0.898,-0.601,0.661,-0.702,0.818,-0.582,0.681,-1.255,0.666,-0.677,0.531,-0.786,0.238,-1.285,0.372,-0.855
0,1,0,0.976,1.416,-1.069,0.655,-1.137,-1.114,0.257,0.264,0.273,0.092,0.21,0.039,0.196,0.29,0.763,-0.028,0.216,0.455,0.0,0.0,-0.184,-0.143,0.863,-0.896,1.109,-1.192,1,-0.254,0.204,0.119,1.201,0.097
1,0.816,0.0,1.026,0.162,1.389,0.00369,0.419,-0.314,1.15,-0.23486,0.412,-0.17,0.423,-0.448,0.411,-0.264,0.418,-0.339,0.371,-0.539,0.913,-0.401,0.414,-0.286,0.125,-0.308,0.315,-0.527,0.15,-0.39143,0.208,-0.645,0.152,-0.387
0,0.0,0.0,-0.702,0.742,0.704,-1.232,0.0,0.0,0.0,0.0,1.143,-1.495,1,1.446,0.0,0.0,1.03,-0.968,0.0,0.0,0,0.0,1.316,1.053,-0.625,1.037,1.268,-1.268,-1.136,0.657,-0.881,-0.625,0.0,0
1,0.509,0.0,0.566,-0.235,0.96419,-0.128,0.664,-0.202,0.928,-0.215,0.738,-0.214,0.792,-0.258,0.854,-0.667,0.542,-0.926,0.27,-0.62,0.402,-0.676,0.467,-0.809,0.186,-0.779,0.064,-0.59589,-0.047,-0.54928,-0.014,-0.403,-0.06,-0.306
0,1.091,0.0,-0.817,-0.603,-0.50694,0.591,1.129,-1.025,1.454,0.325,0.0,0.0,0.135,-1.387,0.622,1.287,0.0,0.0,1.351,0.778,1,0.55,0.0,0.0,-1.004,0.508,0.257,-0.691,1.393,-1.49,0.719,-1.335,0.563,1
1,1,0.0,1.155,0.638,0.741,0.539,0.106,0.661,-0.553,0.774,-0.677,0.861,-1.12,0.19409,-0.58,-0.184,-0.521,-0.646,-0.137,-1.068,0.124,-1.272,0.767,-0.644,0.829,-0.356,0.572,0.061,0.961,0.571,0.397,0.62447,-0.003,0.377
0,0.912,0,0.738,1.309,0.0,0,0.632,-0.719,-0.512,-1.172,1.005,0.975,1.133,-1.489,0.0,0.0,1,-1.087,1.456,1.261,0.0,0.0,0.621,-1.077,-0.85,-1.15,0.785,1.0,-0.62,0.511,-1.311,1.072,0.0,0.0
1,0.693,0,1.344,0.631,1.374,1.11,1.15,0.58,-0.295,1.453,-1.071,1.356,0.0,1.153,-0.818,1.37,-1.045,0,-1.209,-0.855,-0.603,-0.864,-1,-0.41,-0.38,-1.016,0.254,-0.511,1.352,-1.142,0.0,-0.791,0.573,-0.457
0,0.0,0.0,-1.237,0.673,-1,-1.114,0.0,0.0,-1,1.019,0.753,-0.929,-1.393,-0.783,-0.588,0.726,0.0,0.0,-0.816,-0.817,-1.427,1.072,0.0,0.0,0.971,-0.867,1.324,0.782,0.57,-0.505,1,0.887,0.0,0.0
1,1,0.0,1.442,0.084,0.689,0.113,0.85,0.273,1.35,-0.139,1,0.461,0.588,0.706,1.437,0.52,-0.507,0.697,1.244,0.0,0.845,0.904,1,1.212,1.388,1.286,0.793,1.113,1.274,0.217,0.905,0.756,1.308,1.486
0,0,0.0,-1.34,-0.845,0.0,0.0,0.0,0.0,0.0,0.0,0.0,0.0,0.0,0.0,1.427,-1.226,0.0,0.0,-0.916,-0.758,0.0,0.0,1.215,1.081,0.643,-1.032,0.657,-0.734,0.0,0.0,0.0,0,0.0,0
1,1.173,0.0,0.349,-0.084,0.58264,-0.078,-0.097,-0.307,0.433,0.046,0.451,-0.372,0.415,-0.353,0.048,-0.212,0.295,-0.391,0.163,-0.321,0.055,-0.411,0.074,-0.231,0.026,-0.141,-0.0,-0.23210,-0.024,-0.246,-0.034,-0.146,0.01336,-0.175
0,0.792,0.0,0.0,0.0,0.0,0.0,0.0,0.0,0.0,0.0,0.943,-0.33333,0.216,0.284,0.0,0.0,0.0,0.0,0.0,0.0,-0.161,-0.197,-0.107,1.219,-0.696,0.35,0.03,1.116,-0.179,-1,-0.085,-0.38,-0.19792,-1.253
1,1.449,0.0,0.925,0.034,0.672,0.10123,0.559,0.183,1.357,-0.397,0.364,0.339,0.676,0.151,0.545,0.382,0.855,0.424,0.326,0.389,0.301,0.384,0.254,0.408,0.39023,0.345,0.403,0.247,0.379,0.15,0.309,0.216,0.189,0.19083
0,1,0.0,0.922,-0.068,-0.512,-1.478,-1,-0.745,0.762,0.229,1.042,0.72,-1.205,-0.696,-0.594,1.336,0.335,0.723,1.229,0.863,0.462,-0.587,-1.464,-1.298,0.993,0.472,0.925,0.86,1,0.412,-0.59,-0.248,-1.288,0.476
1,0.657,0.0,0.527,-0.002,0.484,0.644,1.028,-0.37,0.944,0.219,0.591,0.107,1.262,0.077,1.259,0.045,0.943,-0.238,0.924,-0.196,0.526,0.227,0.558,-0.03641,0.897,-0.034,1.005,-0.02302,0.525,0.121,1.039,-0.094,1.011,-0.14725
0,1.296,0.0,1.226,-1.43,1.157,0.744,0.968,0.551,0.801,-0.749,1.174,0.84,0.588,1.423,1.385,0.705,0.0,0.0,1,1.329,0.878,0.636,1.063,-1.394,1.47,1.131,0.698,0.875,1.231,-0.576,-0.75000,0.671,1,0.61
1,0.625,0.0,1.205,0.336,0.964,-0.712,1.079,-0.125,0.797,0.093,0.727,0.216,0.629,-0.06,1.049,0.077,0.743,-0.109,1.0,-0.088,0.534,0.025,1.381,0.122,1,-0.011,0.692,-0.053,0.91165,0.052,0.608,-0.13722,1.359,-0.175
0,1.175,0,0.499,-1.283,-1.142,-0.559,-0.062,1,1.434,1.416,1.078,-0.515,-1.216,-1.145,-0.098,1.126,0.707,0.637,0.287,-0.305,-0.14343,-0.142,-0.086,0.035,0.045,0.066,0.036,-0.012,-0.004,-0.009,-0.01,0.001,0.0,0.003
1,1,0.0,0.861,0.318,0.80804,-0.15,1.149,-0.057,1.341,-0.098,0.514,0.281,1.308,0.028,0.914,0.032,0.746,-0.125,1.07,0.094,1.179,0.002,0.772,0.199,0.887,-0.082,1.008,-0.00394,1.11,0.093,0.906,-0.133,1.076,-0.07
0,0.0,0.0,0.0,0.0,0.0,0.0,0.0,0.0,0.0,0.0,0.0,0.0,1,0.659,1,1.189,1.435,-0.715,0.0,0.0,1.368,0.913,0.62,-1.367,0.822,1.093,0.849,0,0.772,1.386,1.124,-0.67,0.0,0.0
1,0.659,0.0,1.302,-0.3,0.675,-0.285,0.743,-0.28,0.984,-0.457,0.92736,-0.408,0.768,-0.47,0.913,-0.698,0.519,-0.5,0.423,-0.39,0.375,-0.642,0.54465,-0.571,0.364,-1.022,0.35504,-0.827,0.146,-0.644,0.164,-0.716,0.205,-0.989
0,0.648,0.0,0.0,0.0,0.0,0.0,0,0.0,-0.756,-1.225,0.0,0.0,1.078,-1.043,0.0,0,-0.887,-1.117,-0.796,-0.525,0.976,-1.307,-0.466,-0.662,1.325,1.481,-0.617,-0.178,0.617,-0.952,0.0,0.73,0.0,0
1,0.746,0.0,1.163,0.102,0.766,-0.102,0.408,0.0,1.234,0.0,0.971,0,1.071,0.058,0.825,-0.03,1,0.0,0.712,0.0,0.702,0.086,0.893,0.056,1.037,0.066,0.994,0.033,0.939,0.046,0.86364,-0.122,0.932,0.037
0,0.0,0,0.0,0.0,-1.317,1.214,1.428,0.581,-0.812,-0.856,0.0,0.0,-1.158,-1.198,-0.898,-0.27,-1.253,-1.49,0.848,-1.168,1,-0.753,0.0,0.0,0.96,-0.756,-1,-0.999,0.0,0.0,1.067,-1.248,0.0,0.0
1,1.143,0.0,0.708,-0.114,0.903,0.172,0.609,0.129,1.349,-0.021,1.226,-0.134,1.189,0.14706,1.36,0.031,0.983,0.0,1.282,0,0.709,0.164,0.442,0.02,0.485,0.041,1.005,0.035,0.823,-0.093,1.056,0.05882,0.497,0.069
0,1,0.0,-0.717,0.625,-1.353,0.163,0.421,0.967,-0.992,1.214,-0.715,-0.904,0.746,1.334,-0.85,-0.23476,0.348,-1.28,1.088,0.512,-0.43,-1.236,-0.959,-0.646,0.672,-0.678,-1.331,-0.045,0.861,-0.717,-1,-0.341,0.111,1.357
1,1.048,0.0,0.306,-0.118,0.906,0.02,0.499,0.032,0.64,-0.052,1.015,0,0.974,0.046,0.513,0.064,1.027,0.415,1.454,0.068,0.591,0.043,0.928,0.071,0.47,0.276,0.369,0.08968,0.743,-0.279,0.60150,0.073,0.468,0.104
0,0.5,0.0,-0.00641,-0.698,0.0,0.0,-0.025,1.17,0.0,0,0.0,0.0,0.0,0.0,0.0,0.0,0.0,0.0,0.31410,1.013,-0.466,0.83,-0.235,-0.895,0.0,0.0,-0.723,-0.348,0.0,0.0,0.0,0.0,0.0,0.0
1,0.614,0.0,0.524,0.557,0.787,0.307,0.81818,0.63636,0.667,-0.113,1.364,0.0,0.705,-0.275,0.368,0.257,1.373,-0.439,0.955,-0.336,0.782,-0.634,0.794,0.071,1.364,-0.062,0.864,0.092,0.504,0.466,0.85,0.709,0.381,0.27273
0,0.0,0.0,-0.787,-0.654,1.176,-0.856,-1.068,0.507,0.0,0.0,1.043,-1,0.999,-0.647,0,0.0,0,0.0,0.0,0.0,-0.745,1.341,1.138,-0.678,-1.425,0.706,0.942,0.834,0.0,0.0,1.488,0.461,0.0,0.0
1,0.577,0.0,0.496,0.097,0.947,0.054,0.182,0.24,0.597,0.0,0.303,-0.097,0.369,-0.106,0.648,-0.013,0.666,-0.184,0.484,0.0,0.321,-0.09091,0.338,0.261,0.407,-0.09091,0.349,-0.024,0.27273,0.0,0.486,0.0,0.281,-0.011
0,0.771,0.0,-0.595,-0.349,0.0,0.0,-0.677,0.659,-1.268,0.912,0.0,0.0,0.0,0.0,0.0,0.0,0,0.0,0,0.0,-1.208,-1.417,0.0,0.0,0.185,0.174,0.604,0.355,0,0.0,0.0,0.0,0.0,0.0
1,0.519,0.0,1,0.211,1.129,0.699,1,0.71429,1.042,-0.182,1.103,-0.073,0.978,0.037,0.969,0.0,0.337,-0.161,1.132,0.04,1.095,-0.387,1.406,0.0,0.41,-0.158,1.038,0.072,0.981,0.039,1.272,0.45,0.501,0.0
0,0.0,0.0,1.193,1.48,1.297,-0.597,1.489,1.279,1.109,1.284,1.247,0.594,1,-1,0.879,0.721,1.037,-1.005,1.265,-1.405,1.196,1.133,1,0.922,0.654,-1.449,1.025,0.568,1.222,0.6,1.166,1.113,0.958,0.877
1,0.886,0.0,0.643,0.66,0.77,0.86,0.057,1.314,-0.439,0.87916,-0.611,0.58226,-0.782,0.168,-0.932,-0.249,-0.47,-0.914,-0.139,-0.956,0.167,-0.929,0.269,-0.761,0.766,-0.24843,0.385,0.15,0.553,0.431,0.161,0.334,-0.043,0.444
0,0,0.0,0.837,-1.469,1.358,1.457,0.595,-1.161,1.38,1.169,0.612,-1.046,1.444,-0.771,0.609,-0.799,0.719,0.831,1.339,1.243,0.643,1.49,1.254,-1,0.538,0.692,1,0.982,1.01,0.864,1.169,0.518,0.626,-1.286
1,0.883,0.0,0.552,0.025,0.978,0.089,0.978,0.162,0.9,0.414,0.548,0.576,0.519,0.236,0.506,0.489,0.682,0.674,0.528,0.47,0.581,0.51,0.475,0.291,0.216,0.55274,0.293,0.277,0.22307,0.627,0.178,0.551,0.083,0.46571
0,0,0.0,0.944,0.702,1.049,-0.807,0.915,-0.903,1.476,0.719,0.0,0.0,0.516,-0.584,0.0,0.0,0.0,0.0,0.0,0.0,-1,1.445,0.896,1.434,0.0,0.0,1.175,1.37,0,0.0,-1.111,-1.33,0.0,0.0
1,1.366,0.0,1.116,0.097,1.146,0.187,1.164,0.497,0.796,0.611,0.762,0.647,0.65260,1.101,0.667,0.667,0.346,0.534,0.143,1.076,0.128,1.135,0.004,1.022,-0.089,0.761,-0.305,0.873,-0.243,0.769,-0.38532,0.64363,-0.418,0.495
0,0.0,0.0,0.883,-1,-0.515,0.822,-1.055,1.124,0.67,0.849,1.386,0.659,-1,-0.649,-1.367,-0.722,1,0.826,0.715,-0.583,-1.033,-1.435,-1.413,-1.267,1.119,0.0,1.132,-1.368,1.471,-1.342,-1.171,0.62,-1.093,0.772
1,0.892,0,0.944,0.088,0.54,0.356,0.967,0.172,0.36923,0.308,0.369,0.49,0.246,0.45,0.284,0.42,0.183,0.617,-0.139,0.495,-0.034,0.304,-0.071,0.406,-0.159,0.40006,-0.166,0.231,-0.177,0.164,-0.316,0.156,-0.233,0.171
0,0.0,0.0,0.853,-0.525,1.043,1,1.117,-0.976,0.839,0.75,0.952,-1.302,0.776,0.617,1.307,-1.394,0.78,-1.078,1.283,0.89,0.891,1.225,1.283,-0.845,0.662,-0.963,0.73,-1.325,0.928,0.887,1.481,-0.721,1,1
1,0.712,0,0.601,0.147,1.095,0.161,0.996,0.317,1.132,0.404,0.989,0.513,0.72298,0.52284,0.712,0.635,0.555,0.544,0.541,0.565,0.496,0.557,0.216,1.115,0.174,0.388,0.245,0.415,0.06,1.172,-0.032,0.506,-0.093,0.554
0,0.0,0.0,0.0,0.0,0.898,0.812,0.0,0.0,1,0.96,0.0,0.0,0.904,-0.587,0.0,0.0,0.0,0.0,0.0,0,0.0,0.0,0.0,0.0,0,0.0,1.347,-0.581,0.0,0.0,-0.912,1.253,0.0,0.0
1,1,0.0,0.613,0.12,1.154,0.169,0.364,0.279,0.892,0.42,0.805,0.705,0.236,1.079,0.406,1.001,0.151,0.896,0.057,0.706,-0.141,0.838,-0.18479,0.624,-0.377,0.958,-0.38798,0.576,-0.328,0.573,-0.739,0.385,-0.781,0.327
0,0.0,0.0,0.0,0.0,1.353,1.236,0.746,0.717,0.0,0.0,0.0,0.0,-1,-1.056,0.0,0.0,-0.678,-1.071,0.0,0.0,0.0,0,1.28,1.334,0.0,0.0,1.088,1.464,0.0,0,-0.715,0.625,0.0,0.0
1,1.483,0,1.292,0.311,0.396,0.69431,0.248,0.716,-0.082,0.827,-0.496,0.693,-0.912,0.689,-0.816,0.31,-0.78940,-0.053,-0.354,-0.208,-0.693,-0.487,-0.217,-0.72,0.063,-0.799,0.173,-0.523,0.453,-0.32,0.574,-0.073,0.47,0.14
0,0.0,0.0,1.226,-1.137,0.5,1.301,0.922,1,1.32,1.116,0.515,0.932,0.935,-1.325,0.651,0.655,1.285,1.247,0.672,-1.273,1.108,-0.678,1,-0.868,1.426,-1.175,1.284,0.679,1.09,-1,1.395,0.942,1.17,1.227
1,0.92,0.0,0.385,-0.235,0.746,0.081,0.78826,0.15266,0.531,0.03,0.69,0.107,0.71947,0.249,0.849,0.261,0.598,0.149,0.606,-0.017,0.488,0.368,0.617,0.476,1.298,0.489,0.492,0.59,0.17,0.667,0.478,0.637,0.208,0.28
0,0.0,0.0,0.0,0.0,0.0,0.0,0.0,0.0,0.0,0,0.0,0.0,0.0,0.0,0.0,0.0,0,0.0,0.0,0.0,0.0,0.0,0.0,0.0,0.0,0.0,0.999,1.341,0.0,0,0.0,0.0,0.0,0.0
1,0.942,0.0,0.991,0.008,0.97287,-0.004,1.107,0.002,1.276,0.013,1.351,0.039,1.205,0.026,1.026,0.015,0.94277,0.043,1.251,-0.008,1.456,0.066,0.54,0.069,0.993,0.082,0.95243,0.058,0.813,0.01,0.654,0.096,0.884,-0.002
0,0.0,0,1.21,1.214,-0.771,-1.012,-1.014,-1.064,0.0,0.0,0.0,0.0,-0.669,-1.456,0.0,0,0.0,0.0,0.0,0.0,-0.912,0.619,1.031,0.89,0.0,0.0,1.417,-1.133,0.0,0,-1.418,-1.406,-1.021,-0.98
1,0.979,0.0,0.50466,-0.238,0.71442,0.023,1.052,0.022,0.998,0.01,0.389,0.055,0.353,0.047,0.952,0.03,0.759,0.077,0.329,-0.051,0.67,0.087,0.63077,0.05,0.662,0.107,0.762,0.107,0.301,0.037,0.305,0.067,0.783,0.105
0,1,0.0,0.603,1.222,1.181,-1.125,0.91,0.025,0.702,0.108,1.258,0.438,0.874,0.131,0.727,0.069,1.023,-0.317,0.846,0.239,0.57,0.279,0.667,1.146,1.221,-0.628,0.533,0.133,0.71070,0.552,1.405,-0.064,0.674,0.23913
1,1.431,0.0,0.99,-0.066,0.645,-0.307,1,-1.224,0.661,0.06111,0.314,-0.448,0.739,-0.126,0.547,-0.546,0.557,0.025,0.485,-0.088,0.87,-0.123,1.38,0.31,0.803,-0.138,0.92148,-0.266,0.826,0.029,0.488,-0.215,1.18,-0.44
0,1.49,0.0,0.386,0.153,0.41245,0.075,0.162,0.351,0.202,0.077,0.215,0.294,0.17,0.432,0.053,0.191,-0.057,0.475,0.059,0.31,0.24903,0.134,0.07782,0.215,-0.015,0.387,-0.038,0.275,-0.185,0.077,-0.083,0.249,-0.147,0.385
1,1.302,0.0,0.343,-0.036,0.808,-0.077,0.738,-0.013,0.304,0.026,0.701,0.071,0.585,-0.02381,0.735,0.012,0.361,0.031,0.41,0.014,0.595,-0.025,0.848,0.02,0.297,0.03968,0.33,-0.012,0.36,-0.151,0.68849,-0.013,0.426,-0.027
0,1.37,0.0,0.083,-0.155,-0.049,0.087,0.122,-0.02463,-0.011,0.228,0.06404,0.0,0.14,-0.081,0.03,0.0,0.018,-0.015,-0.151,-0.23,0.07,0.021,0.065,0.042,0.071,0.235,0.227,-0.067,-0.064,-0.055,0.025,0.08,0.078,-0.10837
1,1.467,0.0,0.549,0.109,0.927,-0.06935,0.741,0.014,0.733,0.00224,0.505,0.235,0.462,-0.002,0.584,0.076,1.047,-0.226,0.655,-0.117,0.351,-0.012,0.568,0.087,0.914,-0.106,1.015,-0.02,0.767,0.034,0.78859,-0.056,0.778,-0.055
0,1,0.0,0.167,0.333,0.0,0.0,-0.247,-0.649,0.0,0,0.08,-0.06,0.0,0.0,0.0,0.0,0.0,0.0,0.0,0.0,0.006,0.487,-0.207,0.377,-0.144,0.418,0.036,-1.413,0.0,0.0,0.047,-1,0.0,0.0
1,0.989,0.0,0.692,-0.007,0.499,-0.017,0.926,-0.017,0.588,-0.114,1.041,-0.15,1.053,0.01179,0.676,-0.201,0.569,-0.06109,0.614,-0.023,1.061,-0.155,0.749,-0.178,1.072,-0.162,0.76,-0.211,0.624,-0.136,0.999,-0.277,0.758,-0.16827
0,0.976,0.0,0.481,-0.641,0.0,0.0,0.0,0.0,0.544,0.315,0.494,0.018,0.0,0.0,0.0,0.0,0.157,-0.362,0.644,-0.18333,0,0.0,0.0,0.0,0.951,-0.348,-0.776,-1.394,-0.365,-0.702,0.0,0.0,0.0,0
1,0.529,0.0,0.548,0.018,0.872,0.019,1.141,0.007,0.89179,-0.10223,0.723,-0.06,0.725,-0.008,0.757,-0.099,0.56,-0.074,0.712,-0.036,0.787,-0.136,1.009,-0.138,0.736,-0.086,0.56,-0.11808,0.96,-0.133,0.822,-0.113,1.265,-0.138
0,1,0.0,0.0,0.0,1.158,0.118,0.757,-0.026,0,0.0,0.848,-0.585,1.253,0.249,0.812,-0.067,0.581,-1.215,0.0,0.0,1.086,-0.048,0.756,-0.186,0.0,0.0,1.071,-0.746,0.0,0,0.864,0.069,0.864,-0.074
1,0.931,0.0,0.539,0.037,1.241,-0.002,0.614,0.009,0.93,-0.04,0.87571,0.0,0.625,-0.099,0.83,0.003,1.16,-0.03,1.042,-0.11857,0.985,-0.08429,0.737,-0.061,0.88,-0.039,0.409,-0.066,0.881,-0.151,0.95,-0.039,0.607,-0.14
0,1.236,0.0,0.0,0.0,0.0,0.0,0.0,0.0,0.0,0.0,0.0,0.0,-1.088,0.746,0.646,0.756,0.0,0,0.0,0,0.0,0.0,0.0,0.0,0.0,0.0,1.357,1.214,0.0,0.0,0.0,0.0,0.0,0
1,0.815,0.0,0.608,0.01818,0.54,-0.101,0.531,-0.027,0.537,0.143,0.268,0.04,0.315,-0.116,0.453,-0.031,0.696,-0.067,0.426,-0.01,0.636,-0.041,0.728,-0.01039,0.861,0.0,0.708,-0.037,0.351,0.033,0.54545,-0.031,0.386,-0.079
0,0,0.0,0.0,0.0,0.0,0.0,0.0,0.0,0.0,0.0,0.0,0.0,0.0,0.0,0.0,0.0,0.0,0.0,0.0,0.0,0.0,0.0,0.0,0,0.0,0.0,1.117,-0.942,0.0,0.0,0.0,0.0,0,0.0
1,0.562,0,1.114,0.682,0.86,0.126,0.25000,0.85,0.207,0.86,-0.16,0.548,-0.295,0.829,-0.287,0.322,-0.43663,0.109,-0.452,0.005,-0.16,-0.086,-0.085,-0.107,-0.099,-0.088,-0.019,-0.068,0.013,-0.055,0.024,-0.048,0.031,-0.012
0,1.068,0.0,0.0,0.0,0.0,0.0,0.923,0.706,-0.745,-0.862,0.0,0,1.043,-0.093,0.0,0.0,0.0,0.0,-0.892,1.176,0.743,1.138,1.242,-1,0.0,0.0,0.614,-1.281,0.0,0.0,0.0,0.0,1,1.074
1,0.577,0.0,0.965,0.385,0.847,0.351,0.254,0.486,-0.03933,1.304,-0.493,0.888,-0.771,0.654,-0.542,0.309,-0.864,-0.125,-0.836,-0.396,-0.512,-0.34,-0.088,-0.668,0.207,-0.695,0.322,-0.768,0.52573,-0.353,0.56239,-0.047,0.485,0.178
0,0.599,0.0,0.0,0.0,0.0,0.0,0.0,0,-1.031,1.383,0.0,0.0,0.669,0.436,-0.119,-0.118,0.0,0.0,-0.874,-0.89,0.0,0.0,1,-1,0.0,0.0,0.595,0.137,0.0,0.0,0.0,0.0,0.0,0.0
1,1.406,0.0,0.863,0.294,0.675,1.149,0.19672,1.356,-0.18,0.728,-0.649,0.802,-1.276,0.175,-0.92384,-0.069,-0.609,-0.598,-0.46950,-0.993,-0.055,-0.61,0.135,-0.823,0.632,-0.711,0.919,-0.143,0.796,0.065,0.57,0.3,0.192,0.806
1,1.042,0.0,0.482,0.032,0.153,0.26,0.085,0.709,-0.153,1.297,-0.10312,0.199,-0.366,0.374,-1.401,-0.065,-0.066,-0.159,-0.294,-0.545,-0.169,-0.937,0.023,-0.253,0.348,-0.058,0.33737,-0.142,0.251,-0.146,0.09,0.13296,0.119,0.148
1,1.18,0.0,0.492,0.332,0.348,0.917,0.085,0.927,-0.33221,0.457,-0.81,0.673,-0.768,0.174,-1.165,-0.179,-0.689,-0.345,-0.286,-0.87787,0.135,-0.465,0.536,-0.94,1.142,-0.355,0.829,0.057,0.936,0.379,0.37542,1.043,-0.035,0.657
1,1.169,0.0,0.775,-0.046,0.511,0.007,0.434,-0.066,0.812,0.006,0.613,-0.06,0.959,0.097,0.917,-0.088,0.411,0.09146,0.785,0.0,0.408,0.149,0.416,0.031,0.408,0.156,0.611,0.028,0.266,0.052,0.646,-0.00963,0.61372,-0.057
1,0.51,0,0.456,-0.016,0.716,0.019,0.638,0.101,0.603,0.086,0.925,0.368,0.457,0.003,0.455,0.215,1.434,0.036,0.685,0.027,0.634,0.053,0.52022,-0.325,0.876,-0.236,0.768,0.084,0.278,0.086,0.315,0.07458,0.871,0.148
1,1,0.0,0.889,0.18923,0.916,0.016,0.626,0.03,0.336,-0.052,0.453,0.116,1.076,0.065,0.733,0.07,0.913,-0.133,0.626,0.177,0.543,0.109,0.413,0.091,0.815,-0.079,0.868,0.094,0.497,0.352,0.53389,0.051,0.575,0.067
1,1,0.0,0.603,0.05375,0.89,0.001,1.022,0.002,1.152,0.144,0.871,0.048,0.81892,0.005,1.203,0.005,0.849,-0.134,0.576,-0.026,0.979,0.008,0.712,0.011,0.974,-0.043,0.659,0.011,0.779,0.109,0.43,0.015,0.845,0.015
1,0.926,0.0,0.559,0.0,0.299,0.067,0.286,0.076,0.46957,-0.032,0.42,-0.111,0.605,0.025,0.431,0.019,0.399,0.146,0.573,0.097,0.461,-0.017,0.432,-0.166,0.47391,-0.007,0.441,0.06908,0.435,0.035,0.488,0.096,0.324,0.108
1,0.892,0.0,0.781,0.119,1.069,0.245,0.764,0.28068,0.573,0.498,0.784,0.338,0.818,0.401,0.557,0.481,0.305,0.502,0.22,0.869,0.063,0.68104,0.018,0.401,-0.131,0.427,-0.11925,0.333,-0.258,0.633,-0.231,0.742,-0.215,0.366
1,0.928,0.0,1.325,0.096,1.171,0.262,1.061,0.461,0.422,0.412,0.74977,0.773,0.481,0.81,0.819,0.827,0.29452,0.783,0.223,0.575,0.142,0.6,-0.014,0.79,-0.194,0.75596,-0.297,0.427,-0.225,0.53,-0.493,0.409,-0.365,0.484
1,1.458,0.0,0.91,0.113,0.87001,0.193,0.522,0.349,0.623,0.487,0.351,0.673,0.202,0.493,0.24266,0.881,0.056,1.16,-0.075,0.677,-0.158,0.533,-0.27,0.603,-0.53,0.568,-0.518,0.363,-0.564,0.402,-0.652,0.207,-0.554,0.05972
1,1.272,0.0,0.945,0.132,0.90946,0.378,0.863,0.428,0.68,0.951,0.348,0.39,0.566,0.83614,0.382,1.221,0.155,0.697,-0.004,0.93109,-0.18,0.815,-0.412,0.884,-0.422,0.545,-0.807,0.563,-0.738,0.427,-0.872,0.619,-0.729,0.302
1,0.665,0.0,0.91767,0.205,0.603,0.178,0.893,0.548,0.777,1.018,0.286,0.707,0.197,0.935,0.123,0.649,0.003,0.622,-0.124,0.77853,-0.514,0.925,-0.399,0.628,-0.522,0.691,-0.871,0.303,-0.688,0.239,-0.768,0.159,-0.809,0.05394
1,1,0.0,0.821,0.293,0.888,0.415,0.471,0.52500,0.16,0.275,0.169,0.571,-0.084,0.228,0.0,0.348,-0.298,0.391,-0.507,0.491,-0.536,0.252,-0.6,0.103,-0.291,-0.041,-0.475,-0.169,-0.187,-0.27,-0.251,-0.24648,-0.077,-0.331
1,1,0.0,0.48,-0.454,0.826,0.397,0.905,0.089,0.366,0.161,0.436,0.279,0.338,0.182,0.55,0.213,0.759,0.392,0.54305,0.182,0.571,0.405,0.561,0.041,0.372,0.298,0.49013,0.235,0.278,0.187,0.456,0.414,0.606,0.365
1,0.679,0,1.137,0.11385,0.978,-0.131,0.802,0.124,0.915,0.015,0.704,-0.053,0.985,0.165,0.686,0.053,0.65,-0.026,0.775,0.198,0.945,0.079,0.447,0.066,0.358,0.345,0.459,0.167,0.143,0.32448,0.383,0.209,0.689,0.214
1,0.578,0.0,0.8,0.062,1.106,-0.018,0.504,-0.026,0.577,-0.081,0.411,-0.065,0.67260,-0.05771,0.428,-0.032,0.48,0.058,0.605,0.017,0.594,-0.045,0.323,-0.115,0.664,-0.149,0.255,-0.087,0.649,-0.099,0.533,-0.131,0.42223,-0.049
1,1.124,0.0,0.86,0.107,0.96775,-0.005,1.137,-0.007,0.758,-0.029,0.93,0.01,0.714,-0.012,1.374,-0.021,0.637,0.011,0.478,-0.076,0.95016,-0.016,0.98,-0.023,0.819,0.023,1.202,-0.042,0.787,-0.082,0.57,-0.03464,1.372,-0.052
1,1.012,0.0,0.47938,-0.071,0.403,-0.157,0.734,-0.256,0.975,0.037,0.357,-0.204,0.516,0.189,0.495,-0.133,0.45,0.06186,0.5,-0.153,0.677,0.146,0.353,0.123,0.759,0.101,0.534,-0.129,0.126,-0.378,0.321,0.054,0.245,-0.314
1,1,0.0,0.768,-0.045,1.085,0.042,0.596,0.216,0.904,-0.003,0.883,0.057,0.964,-0.508,0.646,0.367,0.867,0.167,0.644,0.222,0.628,-0.25404,0.695,0.205,0.59,0.246,0.68775,0.105,0.418,0.082,0.586,0.123,0.648,0.429
1,0.539,0.0,0.638,-0.038,0.358,0.019,0.798,0.01573,0.454,0.033,0.688,-0.003,0.912,-0.068,0.982,0.009,0.293,0.037,0.481,-0.05,0.732,0.096,0.647,-0.051,0.407,0.04944,0.446,0.006,0.523,-0.035,0.54607,0.148,0.63,-0.091
1,0.958,0.0,0.7,-0.006,0.986,-0.061,0.7,-0.048,0.784,0.064,0.486,0.123,0.964,0.233,0.60194,-0.02,0.309,-0.055,0.522,-0.114,0.79,0.088,0.444,0.259,0.391,-0.053,0.634,0.0,0.31392,-0.074,0.513,-0.10680,0.276,-0.026
1,1.13,0.0,0.402,0.088,1.083,0.035,0.391,0.042,0.903,-0.003,1.09,0.078,0.59753,0.063,0.482,0.085,0.78272,-0.219,0.8,-0.10864,0.51,0.014,0.633,0.045,0.398,-0.167,0.44,-0.013,0.893,0.018,0.912,-0.092,0.593,-0.039
1,1.339,0.0,0.60678,-0.02,0.39,0.051,0.315,-0.031,0.558,0.032,1.027,-0.115,0.514,-0.029,0.333,0.069,0.87,0.117,0.665,-0.019,0.41,0.005,0.83,-0.034,0.7,-0.034,0.57262,0.008,0.614,-0.004,0.365,-0.02712,0.579,0.056
1,1.012,0.0,0.586,0.055,0.368,0.08,0.181,0.0,0.368,-0.02427,0.576,0.015,0.2,0.07,0.493,0.006,0.253,-0.089,0.542,0.007,0.315,0.044,0.213,0.135,0.404,-0.103,0.36547,0.043,0.233,0.225,0.188,0.0,0.218,-0.01942
1,1.37,0.0,0.98822,0.032,1.346,0.301,0.902,0.509,1.012,0.273,0.43,0.465,0.733,0.302,0.353,0.977,0.472,0.764,0.333,0.68873,0.076,0.38,0.032,0.461,-0.133,0.638,-0.214,0.435,-0.162,0.628,-0.394,0.301,-0.38,0.37465
1,1,0.0,0.869,0.189,1.001,0.452,0.741,0.608,0.728,0.604,0.58827,0.704,0.434,0.615,0.264,0.915,0.046,0.608,-0.086,1.034,-0.276,0.949,-0.543,1.041,-0.33,0.709,-0.508,0.563,-0.549,0.291,-0.663,0.103,-0.64134,0.036
1,1.033,0.0,1.362,0.112,1.005,0.555,0.574,0.916,0.455,0.564,0.333,0.988,0.133,1.105,-0.056,0.638,-0.28269,0.447,-0.288,0.838,-0.55769,0.508,-0.727,0.231,-0.64658,0.117,-0.924,0.027,-0.378,-0.181,-0.628,-0.191,-0.417,-0.515
1,1,0.0,0.638,0.226,0.743,0.339,0.80514,0.421,0.776,0.968,0.41836,0.557,0.224,0.574,0.074,0.771,-0.28,0.995,-0.28,0.957,-0.433,0.755,-0.926,0.34,-0.569,0.437,-0.688,0.133,-0.419,-0.024,-0.894,-0.164,-0.655,-0.318
1,1.088,0.0,0.705,0.224,0.595,0.688,0.681,0.624,0.428,1.033,0.113,1.01,-0.155,0.808,-0.369,1.217,-0.58835,0.388,-0.751,0.286,-0.804,0.125,-0.793,-0.06,-0.794,-0.26883,-0.462,-0.46438,-0.442,-0.814,-0.386,-0.557,-0.076,-0.769
1,0.648,0.0,0.781,0.39,0.981,0.62233,0.357,0.94353,-0.019,0.903,-0.256,0.606,-0.25137,0.497,-0.651,0.371,-0.633,0.102,-0.248,-0.038,-0.722,-0.074,-0.22,-0.611,-0.139,-0.45,0.052,-0.413,0.216,-0.266,0.54,-0.234,0.421,0.15
1,1,0.0,0.189,0.116,0.25,0.228,0.034,0.34336,0.07,0.211,0.08,0.213,-0.035,0.104,-0.045,0.067,-0.079,0.047,-0.062,0.021,-0.052,-0.001,-0.039,-0.007,-0.024,-0.01505,-0.007,-0.017,-0.003,-0.009,0.001,-0.01,0.003,-0.006
1,0.74,0.0,0.453,-0.236,1.143,0.339,0.924,-0.004,0.746,0.15,0.731,-0.242,0.983,0.035,0.509,0.171,0.625,-0.511,0.76128,0.04511,0.752,0.175,1.071,-0.437,0.612,-0.067,0.69,-0.104,0.52820,-0.105,0.2,-0.113,0.652,-0.059
1,1.39,0.0,1.224,0.162,0.72171,0.056,0.878,0.059,0.335,0.141,0.648,0.262,0.714,0.174,0.229,0.102,0.199,0.041,0.48158,0.102,0.205,0.159,0.344,0.132,0.253,0.194,0.32,0.1,0.257,0.176,0.201,0.185,0.16655,0.16
1,0.967,0,1.231,0.11933,1.06,0.007,0.95,0.019,0.76966,-0.003,1.192,0.081,0.679,0.026,0.82,0.029,1.111,0.014,0.68,0.026,0.905,0.065,0.456,0.038,1.125,0.033,0.835,0.035,0.578,0.066,0.997,0.043,0.677,0.049
1,1,0.0,0.756,0.033,0.978,0.172,1.271,0.343,0.991,-0.11,0.6,-0.025,1.198,-0.373,1.12,0.196,0.88644,-0.061,0.775,-0.011,0.916,-0.417,0.881,-0.28,1.224,-0.12,0.978,-0.02,0.78774,-0.043,0.707,0.201,0.954,0.062
1,1,0.0,0.902,0.02549,1.397,0.104,0.459,0.176,1.038,-0.113,0.502,0.032,0.97921,-0.003,1.311,0.066,1.122,0.03,0.604,0.013,1.002,-0.103,0.92,0.0,1.023,-0.007,0.967,0.032,0.995,-0.007,1.05,0.094,0.63,0.022
1,1,0,0.405,0.182,0.031,-0.216,0.62316,0.01,0.566,-0.062,0.643,0.019,0.463,0.159,0.463,-0.034,0.62,0.093,0.616,0.079,0.454,0.02,0.268,-0.079,0.413,-0.015,0.663,0.023,0.767,0.337,0.263,-0.186,0.383,-0.002
1,1,0,0.472,0.165,0.931,-0.145,0.802,-0.072,1.206,0.027,0.565,0.04,0.411,-0.048,1.025,-0.148,0.405,-0.16,0.85,-0.156,0.57,-0.00377,0.226,0.062,0.285,-0.313,0.726,-0.209,0.717,-0.03,0.497,-0.413,0.706,-0.119
1,1.021,0.0,1.023,-0.045,0.86412,-0.12,0.83,0.0,0.672,-0.07643,0.446,-0.128,0.877,-0.17,0.784,-0.265,0.948,-0.292,0.371,-0.07,0.803,-0.088,0.867,-0.028,1.174,-0.278,0.448,-0.156,0.382,-0.22293,0.778,-0.441,0.796,-0.22
1,1.133,0.0,0.514,-0.08152,0.619,0.098,0.84783,0.06,0.395,-0.015,0.993,-0.038,1.049,-0.105,0.461,-0.008,0.967,-0.236,0.939,0.034,1.099,-0.04,0.538,-0.27989,1.152,-0.164,1.2,-0.144,0.911,-0.032,0.424,-0.112,0.704,-0.004
1,1,0.0,0.945,-0.138,0.756,0.192,0.889,0.068,0.771,-0.111,0.995,-0.228,1.074,-0.229,0.721,0.045,0.932,-0.00395,0.319,-0.114,0.45,-0.15,0.523,-0.251,0.974,-0.078,0.869,-0.177,0.668,-0.25,0.195,0.041,0.904,-0.01383
1,0.907,0.0,0.658,0.099,0.851,0.009,0.709,0.086,0.47894,-0.09,0.784,0.007,0.333,-0.241,0.4,-0.023,0.779,-0.142,0.55,-0.043,0.286,-0.155,0.574,-0.139,0.47,-0.233,0.584,-0.158,0.698,-0.029,0.689,-0.11752,0.338,-0.04435
1,0.771,0.0,0.525,0.4,0.639,0.249,0.509,0.55,0.514,0.626,0.132,0.71,-0.295,0.543,-0.374,0.857,-0.577,0.611,-0.909,0.456,-0.654,0.19095,-0.519,-0.058,-1.121,-0.224,-0.377,-0.378,-0.422,-0.718,-0.319,-0.66700,-0.19312,-0.94
1,0.643,0.0,0.524,0.199,0.928,0.805,0.771,0.71596,0.31,1.153,0.058,1.335,-0.194,1.081,-0.671,1.1,-0.73329,0.382,-1.185,0.519,-0.661,0.061,-1.395,-0.107,-0.83192,-0.243,-0.387,-0.813,-0.314,-0.5,-0.152,-0.883,0.099,-1.108
1,0.502,0.0,0.993,0.455,0.591,0.298,0.191,0.58527,0.065,1.096,-0.099,1.262,-0.677,0.816,-0.356,0.32558,-0.475,0.338,-1.354,-0.01,-0.413,-0.266,-0.863,-0.416,-0.827,-0.674,-0.456,-1.208,-0.026,-0.591,0.257,-0.963,0.00194,-0.735
1,1.076,0.0,0.841,0.421,0.493,0.484,0.706,0.603,0.282,0.86761,-0.076,0.895,-0.315,1.158,-0.52735,0.524,-0.759,0.278,-0.949,0.037,-0.791,-0.15317,-0.685,-0.397,-0.24,-0.372,-0.162,-0.601,0.076,-0.818,0.264,-0.629,0.292,-0.43
1,1.212,0.0,1.246,0.24,0.876,0.827,0.277,0.987,0.111,1.122,-0.157,1.333,-0.275,0.83590,-0.466,0.578,-0.87474,0.272,-1.003,0.05595,-0.928,-0.384,-0.616,-0.57,-0.693,-0.639,-0.293,-0.534,0.071,-1.066,0.403,-0.572,0.807,-0.391
1,1,0.0,0.933,0.373,0.488,0.652,0.319,0.966,0.254,0.842,-0.128,0.535,-0.408,0.365,-0.967,0.47744,-0.614,0.139,-0.988,-0.07,-0.702,-0.233,-0.585,-0.361,-0.219,-0.612,-0.019,-0.841,0.189,-0.358,0.385,-0.396,0.549,-0.30075
1,1.302,0.0,1.026,-0.02,0.97,-0.057,1,-0.047,1.477,0.015,0.623,-0.032,0.969,-0.105,0.99382,-0.095,0.776,-0.074,0.641,-0.103,0.855,-0.077,0.812,-0.097,1.096,-0.079,0.686,-0.117,0.93469,-0.117,1.085,-0.118,1.133,-0.241
1,0.928,0.0,0.733,-0.015,0.581,0.011,0.843,-0.008,0.976,-0.009,0.94641,-0.032,1.433,-0.01767,1.047,-0.048,1.414,-0.032,0.799,-0.069,1.209,-0.025,0.614,-0.05,0.596,-0.042,0.472,-0.052,0.87,-0.098,0.993,-0.08,0.663,-0.07420
1,1.163,0.0,0.593,-0.164,0.91324,-0.002,0.881,-0.14,1.254,0.182,1.338,0.003,0.93607,-0.049,0.688,-0.002,1.168,-0.083,0.954,-0.18,0.746,0.054,0.599,-0.061,0.83,0.062,0.954,-0.09252,0.691,-0.233,1.125,-0.109,0.891,-0.178
1,1.124,0.0,0.751,-0.03390,0.718,0.08,0.561,-0.247,0.445,-0.023,0.435,-0.13559,0.47,0.369,0.97,-0.436,0.427,0.016,0.834,0.026,0.349,0.385,0.639,0.044,0.508,0.147,0.608,-0.001,0.66102,-0.03,0.645,-0.185,0.914,-0.1
1,1,0.0,0.445,-0.162,0.482,0.213,0.272,0.111,0.446,0.087,0.256,-0.127,0.511,-0.048,0.792,0.33333,0.541,0.039,0.292,-0.147,0.647,-0.078,0.377,-0.02778,0.519,0.122,0.511,-0.097,0.27,-0.076,0.546,-0.161,0.089,-0.722
1,0.876,0.0,0.51207,1.331,0.601,0.6,0.864,0.603,0.617,0.69,0.247,0.717,0.205,0.564,-0.219,1.236,-0.27,1.074,-0.786,0.647,-0.766,0.482,-0.878,0.344,-1.309,0.393,-1,0.086,-0.861,-0.176,-1.483,-0.359,-1.298,-0.65557
1,1,0.0,0.843,0.606,1.107,0.717,0.625,0.903,0.325,0.791,0.155,0.94749,-0.092,1.15,-0.354,0.889,-0.458,0.7,-0.526,0.96,-0.70163,0.305,-1.104,0.02,-1.271,-0.305,-0.646,-0.267,-0.429,-0.179,-0.416,-0.396,-0.21,-0.831
1,1.225,0.0,1.045,0.365,0.405,0.678,0.593,0.78115,0.194,0.539,-0.182,1.227,-0.49,0.78497,-0.81,0.577,-0.999,0.25,-1.011,0.048,-0.536,-0.157,-0.609,-0.252,-0.317,-0.355,-0.034,-0.773,0.209,-0.537,0.247,-0.256,0.659,-0.24313
1,0.834,0.0,0.93658,0.212,0.435,0.447,0.338,0.447,0.132,1.425,-0.233,0.896,-0.788,1.069,-0.625,0.601,-0.643,0.26020,-1.065,-0.071,-0.87028,-0.305,-0.927,-0.581,-0.26,-0.699,-0.057,-0.59,0.391,-0.956,0.753,-0.365,0.46,-0.348
1,0.541,0.0,1.087,0.316,0.754,0.735,0.372,0.888,-0.149,1.139,-0.329,0.728,-0.749,0.406,-0.85,0.215,-1.326,0.096,-1.064,0.03,-0.785,-0.735,-0.362,-0.53,-0.194,-0.88082,0.206,-0.85137,0.646,-0.428,0.623,-0.626,0.76066,-0.086
1,1,0.0,1.337,0.23,0.561,-0.079,0.884,0.018,0.689,-0.083,1.375,-0.018,0.938,-0.017,1,-0.037,0.98,-0.072,1.119,0.06,1.214,-0.102,1.383,-0.033,0.835,-0.268,0.595,-0.042,1.064,0.089,1.021,-0.085,0.604,-0.07439
1,0.669,0.0,0.985,-0.002,1.239,-0.102,0.94982,-0.003,0.561,-0.447,0.906,0.057,0.539,-0.141,1.12,-0.031,0.651,-0.138,0.892,0.912,1.133,-0.084,0.689,-0.063,0.965,-0.02,0.84132,-0.01769,1.049,-0.013,1.134,-0.018,0.818,-0.027
1,1.132,0.0,0.625,0.323,0.811,0.272,0.41319,0.68158,0.071,1.225,-0.206,0.771,-0.476,0.522,-0.828,0.246,-0.921,0.175,-0.678,-0.138,-0.853,-0.318,-0.389,-0.285,-0.26,-0.298,0.023,-0.685,0.242,-0.226,0.303,-0.255,0.413,-0.08036
1,0.645,0.0,0.903,0.31,0.6,0.426,0.464,0.79784,0.07,1.049,-0.309,0.685,-0.708,0.453,-0.808,0.235,-1.27,0.078,-0.925,-0.28,-0.375,-0.722,-0.248,-0.41,-0.11147,-1.061,0.218,-0.918,0.528,-0.523,0.63,-0.352,0.783,-0.13305
1,0.618,0.0,0.81,0.398,0.347,0.422,0.288,1.021,-0.052,0.521,-0.445,0.564,-0.505,0.58511,-0.884,0.303,-1.06,-0.151,-0.909,-0.56,-0.326,-1.021,-0.173,-1.268,0.312,-1.087,0.791,-0.68593,0.533,-0.333,1.242,-0.061,0.911,0.27926
1,1.313,0.0,0.529,-0.203,0.825,-0.233,0.846,-0.085,0.656,0.011,1.174,0.142,0.964,0.06329,0.507,-0.055,0.927,-0.527,0.462,-0.009,0.554,0.036,0.966,0.184,0.564,-0.229,0.461,-0.05540,0.903,-0.084,0.315,0.022,0.986,-0.02532
1,0.594,0.0,0.797,0.008,0.847,0.02,0.506,0.017,1.164,0.014,0.374,0.05882,0.48,0.053,0.547,0.035,0.457,0.217,0.927,0.039,0.794,0.084,0.829,0.07577,0.639,0.112,0.62,0.072,0.61345,0.016,0.619,0.075,0.685,0.074
1,0.58,0.0,0.926,0.014,0.573,0.015,0.958,0.021,0.979,0.076,0.866,0.118,0.538,0.05,1.004,0.029,0.87339,0.02842,0.479,0.0,1.177,0.044,0.776,0.06,0.83721,0.071,0.542,0.071,0.848,0.098,0.584,0.148,1.091,0.142
1,1.319,0,1,-0.013,1.063,-0.003,0.952,-0.021,0.946,-0.01,0.917,-0.026,1.066,-0.011,0.679,-0.022,0.988,-0.046,0.641,-0.02,1.291,-0.034,0.854,-0.06,1.098,-0.025,0.62,-0.074,0.609,-0.033,1.45,-0.06497,0.607,-0.048
1,1.448,0.0,0.967,-0.016,0.975,0.071,0.474,0.014,0.92871,0.022,0.568,-0.014,0.528,-0.008,1.171,0.035,0.786,0.0,0.728,0.015,1.245,0.006,0.88713,-0.022,0.728,0.019,0.812,0.008,0.88119,0.003,0.669,0.022,0.899,0.016
1,1,0.0,0.587,0.026,1.241,-0.024,0.684,0.004,1.161,0.029,0.629,0.026,0.948,0.006,1.375,0.028,0.593,-0.024,1.068,-0.026,0.674,0.1,0.913,0.129,1.029,0.053,0.94305,0.023,1.082,0.025,0.852,0.007,1.202,0.02128
1,1,0.0,0.375,-0.286,0.618,0.007,0.234,0.119,0.832,0.105,0.184,-0.121,0.837,0.215,0.36,0.0,0.692,0.031,0.51515,0.035,1.154,0.157,0.36,-0.165,0.465,0.054,0.435,0.083,0.217,-0.03030,0.304,0.096,0.333,0.191
1,0.818,0.0,0.755,0.482,0.72014,0.971,0.422,1.027,0.06,0.931,-0.259,0.681,-0.561,0.421,-0.523,0.41524,-0.923,0.142,-0.523,-0.186,-0.676,-0.359,-0.373,-0.384,-0.021,-0.526,0.136,-0.705,0.451,-0.271,0.449,-0.152,0.459,0.01820
1,0.617,0.0,0.712,0.312,0.759,0.574,0.342,0.541,-0.021,1.238,-0.242,1.075,-0.356,0.69,-0.909,0.383,-1.08,-0.052,-0.774,-0.226,-0.69,-0.816,-0.172,-0.73855,0.08,-0.57,0.33531,-0.688,0.779,-0.331,0.8,-0.123,0.60073,0.093
1,0.541,0.0,0.90547,0.343,0.418,0.74761,0.224,0.95905,-0.121,1.111,-0.688,0.597,-1.159,0.416,-0.873,0.225,-0.614,-0.178,-0.788,-0.434,-0.231,-0.808,-0.022,-1.102,0.196,-1.091,0.954,-0.862,0.583,-0.28,1.204,0.052,0.402,0.669
1,0.742,0.0,0.722,0.945,0.29,0.085,0.174,0.852,-0.27586,1.132,-0.329,0.271,-0.87192,0.254,-0.675,-0.071,-0.261,-0.34236,-0.402,-1.098,-0.04,-1.048,0.184,-0.271,0.995,-0.545,0.554,-0.098,1.008,1.185,0.53,0.002,0.158,0.827
1,1.247,0.0,1.463,0.663,0.235,0.322,0.04,0.259,-0.323,0.882,-0.401,0.295,-0.757,0.0,-0.57576,-0.103,-0.318,-0.281,-0.112,-0.84848,0.433,-0.417,0.566,-0.621,0.818,-0.251,0.72961,0.107,1.25,0.633,0.148,0.523,0.126,0.17
1,1.498,0.0,0.8,0.0,0.922,-0.04,0.868,-0.013,0.641,0.011,0.467,0.015,0.802,0.012,0.679,0.003,1.134,0.033,0.94207,-0.018,1.247,0.028,0.583,0.079,1.421,0.059,1.065,0.013,1.353,0.014,1.36,0.05488,1.006,-0.01220
1,1,0.0,0.568,0.071,0.856,-0.083,1.084,-0.01,1.105,0.006,0.923,0.091,1.288,-0.00709,0.472,0.0,0.93262,0.201,0.695,-0.004,1.16,0.005,1.007,0.071,0.724,0.236,0.819,0.041,0.519,0.101,0.661,0.176,0.557,0.0
1,0.548,0.0,0.459,0.11,1.085,0.005,0.877,0.018,0.87234,-0.019,0.941,0.141,0.656,0.021,1.274,0.04,1.169,0.061,1.344,0.063,0.462,0.026,0.84931,0.05178,0.509,0.119,1.06,0.079,1.032,-0.022,0.977,0.045,0.965,0.077
1,1,0.0,0.979,0.027,0.908,0.002,0.559,0.003,0.747,0.0,0.706,0.108,0.554,0.014,0.564,0.012,1.206,-0.052,0.709,0.031,0.836,0.021,0.637,0.013,1.165,-0.056,0.481,0.021,0.81988,0.077,0.757,0.02308,0.512,0.018
1,1,0.0,1.06,0.01,0.98579,0.014,0.635,0.012,1.08,0.008,1.142,0.021,0.835,0.046,0.632,0.038,0.507,0.017,0.647,0.053,1.14,0.07,1.368,0.031,1.13,0.039,1.204,0.048,1.317,0.048,0.99112,0.043,0.764,0.062
1,0.553,0.0,0.977,0.01105,1.158,0.015,0.858,0.016,1.094,-0.021,0.69,-0.003,0.765,0.026,0.891,0.005,1.352,0.008,0.604,0.02,1.444,0.007,1.162,0.02099,0.839,-0.008,1.438,0.012,0.855,0.013,0.98564,0.017,1.273,0.036
1,0.996,0.0,0.648,-0.009,0.989,0.011,0.976,-0.003,1.466,0.06264,1.429,0.061,0.691,0.024,0.567,0.06,1.099,0.036,0.515,0.05,1.431,0.055,1.042,0.099,0.94,0.10067,0.812,0.063,0.99105,0.109,1.249,0.148,0.929,0.076
1,1.269,0.0,0.488,0.332,0.795,0.59,0.208,1.158,0.015,1.347,-0.42,0.974,-0.863,0.582,-1.169,0.276,-0.797,-0.007,-0.444,-0.22,-0.52504,-0.53924,-0.267,-1.017,0.005,-0.708,0.213,-0.682,0.483,-0.252,0.722,-0.21542,0.35,0.027
1,0.592,0.0,1.321,0.549,0.853,0.688,0.256,0.831,-0.199,0.715,-0.316,0.785,-1.175,0.302,-0.566,0.1,-1.102,-0.371,-0.524,-0.65461,-0.32354,-0.751,0.031,-0.685,0.522,-0.82154,0.669,-0.33,1.117,-0.269,0.465,0.12,0.385,0.331
1,1.017,0.0,0.368,0.11042,0.17,0.305,0.187,0.639,-0.303,0.65,-0.138,0.269,-0.63714,0.214,-0.58,-0.002,-0.216,-0.129,-0.254,-0.521,-0.17,-0.866,0.08,-0.271,0.234,-0.113,0.441,-0.081,0.384,0.069,0.224,0.20540,0.113,0.355
1,1.106,0.0,0.411,0.285,0.263,0.465,0.031,0.944,-0.349,0.82139,-0.517,0.507,-1.112,0.044,-0.82811,-0.229,-0.235,-0.742,-0.037,-0.526,0.138,-0.754,0.734,-0.52128,0.82,-0.115,0.656,0.247,0.661,0.451,0.196,0.588,-0.206,0.785
1,1,0.0,0.133,0.036,0.045,0.273,-0.068,0.332,-0.093,-0.093,-0.41985,0.058,-0.414,0.078,-0.155,-0.447,-0.075,-0.244,0.205,-0.174,0.408,-0.076,0.272,-0.147,0.23,0.142,0.052,0.274,-0.023,0.269,-0.229,0.217,-0.30153,-0.443
1,1,0.0,1.019,0.001,1.273,0.0,1.052,-0.001,0.682,0.018,0.502,0.017,0.808,0.039,0.518,0.02338,1.014,0.03,1.042,0.077,0.514,0.05524,0.772,0.032,0.859,0.046,1.303,0.037,0.984,0.062,1.225,0.051,0.658,0.07
1,1,0.0,0.608,-0.087,1.107,0.001,0.664,-0.017,0.992,-0.064,0.72832,-0.06,0.661,0.073,0.657,-0.085,0.628,0.04,0.932,0.082,0.876,-0.033,0.78844,-0.075,0.495,-0.023,0.985,-0.021,0.61,-0.055,0.441,-0.033,1.097,0.011
1,0.914,0.0,0.238,-0.13768,0.799,-0.03,0.495,-0.03574,0.534,-0.06119,0.395,-0.153,0.319,-0.043,0.843,-0.109,0.614,-0.157,0.574,0.039,0.283,-0.083,0.622,-0.055,0.588,-0.005,0.569,-0.085,0.232,-0.122,0.273,-0.113,0.251,-0.096
1,1.084,0.0,0.506,0.015,0.734,0.003,0.76,0.003,0.724,0.02,1.114,0.174,0.644,0.005,1.192,0.00854,0.888,-0.06974,0.477,0.042,1.047,0.013,0.399,0.009,0.84,-0.004,0.97,0.016,0.504,0.008,0.485,0.02,0.556,0.01525
1,0.659,0.0,0.701,-0.017,1.128,0.06831,0.383,0.668,0.4,-0.00273,0.62,-0.159,0.285,-0.385,0.312,0.362,0.393,0.401,0.78552,0.126,0.637,-0.329,0.97,0.007,0.418,0.091,0.419,0.189,0.781,0.099,0.345,0.326,0.16,0.398
1,0.756,0.0,0.919,0.076,1.065,-0.205,1.111,-0.071,1.341,-0.046,0.641,0.108,1.103,0.076,0.662,-0.081,1,-0.015,0.617,0.035,1.029,0.006,0.77521,0.048,0.905,-0.053,0.626,0.00123,1.487,0.068,0.481,-0.156,0.872,-0.028
1,0.791,0.0,1.317,0.003,0.515,-0.024,1.046,-0.017,1.275,0.022,0.912,0.026,0.94171,0.087,0.65,-0.007,0.892,0.001,0.99,0.081,1.309,0.08412,0.691,0.104,0.641,0.019,0.606,0.06,0.67,0.08168,0.676,-0.0,0.922,0.062
1,1,0.0,0.914,-0.0,1.363,-0.042,1.177,-0.044,0.912,0.018,0.679,0.023,0.606,0.037,0.797,-0.013,1.182,0.012,1.113,0.02,0.91406,0.084,1.19,0.038,0.572,0.028,0.478,0.016,0.618,0.02,0.756,0.004,1.281,-0.00577
1,1,0.0,1.346,-0.009,0.696,-0.029,1.364,-0.034,0.795,0.002,1.026,-0.05,1.081,-0.021,1.076,-0.032,1.254,-0.006,0.897,-0.142,1.207,0.01215,0.477,-0.016,0.938,-0.021,0.89147,-0.116,1.219,-0.168,0.489,-0.043,0.54,-0.206
1,0.795,0.0,0.488,0.068,0.629,-0.06151,0.737,0.105,0.814,-0.094,1.071,0.049,0.824,-0.004,0.523,-0.01,0.857,-0.051,1.045,-0.018,0.81722,-0.065,0.818,0.026,0.439,-0.164,0.736,-0.058,0.559,-0.005,0.948,-0.099,0.505,-0.06151
