1,1.194,0.0,0.621,-0.07,1.031,0.031,1.179,-0.395,0.616,0.037,0.565,-0.229,0.354,-0.481,0.528,-0.286,1.039,-0.574,0.58212,-0.333,0.301,-0.411,0.451,-0.565,0.311,-0.366,0.41078,-0.269,0.281,-0.184,0.577,-0.692,0.277,-0.354
0,1.079,0.0,0.612,-0.276,0.958,-0.451,-0.121,-0.832,0.938,-0.025,0.388,-0.489,0.298,-0.934,-0.329,-0.7,0.054,-0.899,0.334,-1,-0.131,-0.582,-0.262,-0.265,-0.119,-0.325,-0.131,-0.18401,-0.119,-0.086,-0.172,-0.053,-0.198,-0.016
1,1.294,0.0,1.397,-0.042,0.583,0.004,0.94,-0.131,0.964,0.011,0.73082,0.077,0.863,0.004,0.651,0.002,1.164,-0.09,0.82,-0.08540,0.452,-0.203,0.313,-0.063,0.361,-0.31,0.692,-0.241,0.222,-0.149,0.694,-0.168,0.816,-0.243
0,0.858,0.0,1.467,-0.646,0.741,0.977,0.634,-1.158,0.0,0.0,0.0,0.0,0.0,0.0,-0.874,0.082,0.439,-0.39330,-1.473,-0.448,-0.443,0.977,0.0,0.0,1.22,0.629,0.673,1.185,0.617,-0.226,0.36,1.331,-0.449,1
1,0.583,0.0,1,-0.035,0.876,0.062,0.911,-0.232,0.989,-0.178,0.299,-0.166,0.55,-0.00712,0.223,-0.207,0.384,-0.142,0.647,-0.145,0.044,-0.256,0.034,-0.561,0.045,-0.874,0.093,-0.494,0.027,-0.737,-0.029,-0.833,-0.058,-0.618
0,0.525,0,0.028,-0.008,-0.081,-0.085,-0.011,-0.157,0.086,0.079,0.043,-0.061,0.0,0.0,-0.027,-0.175,-0.002,-0.103,-0.155,-0.065,0.021,0.023,0.01,0.01,0.038,-0.023,-0.032,0.117,-0.043,0.007,0.0,0,-0.0,0.105
1,0.825,0.0,0.71,-0.064,0.986,-0.201,0.555,-0.248,0.988,-0.162,0.672,-0.688,0.584,-0.269,0.881,-0.721,0.77,-0.662,0.28,-0.436,0.192,-1.122,0.186,-0.673,0.221,-0.688,0.179,-0.82510,0.058,-1.185,-0.024,-0.734,-0.126,-0.80975
0,0.0,0,0.0,0.0,0.0,0.0,1.041,-1.065,0.0,0.0,-0.858,-0.707,0.0,0.0,0.0,0.0,1.226,1.063,-0.836,-1.238,0.0,0.0,0,0.0,1.017,0.854,0.938,1.336,0.0,0.0,1.009,0.973,0.0,0.0
1,1.323,0.0,0.73,-0.073,0.765,-0.159,1.295,-0.22,1,-0.226,0.575,-0.257,0.548,-0.386,0.721,-0.364,0.98305,-0.348,1.116,-0.412,0.72,-0.463,0.759,-0.71,0.98,-0.633,0.608,-0.611,0.265,-0.935,0.226,-0.498,0.229,-0.371
0,1.366,0.0,-0.02,-0.052,0.0,0.0,0.0,0.0,0.105,-0.182,-0.419,-0.234,0.0,0.0,-0.369,0.38602,-0.445,0.149,0.562,0.228,0.0,0.0,0.0,0,-0.199,-0.019,0.133,-0.024,0.0,0.0,0.214,0.153,-0.051,0.542
1,0.514,0.0,0.516,0.035,0.839,-0.103,1,-0.223,0.517,-0.321,0.622,-0.323,1.224,-0.551,1.132,-0.308,1.136,-0.718,0.54,-0.556,0.841,-1.117,0.654,-0.734,0.55867,-0.698,0.25,-0.662,0.273,-1.066,0.426,-0.926,0.263,-0.706
0,0.846,0.0,1,-0.62,0.969,-1.41,0.665,-0.718,0.823,0.309,1.241,-0.47,1.284,1.399,1.453,-1.364,0.791,-0.268,0.638,-0.563,1.01,0.515,0.508,1.288,0.759,-0.243,1.465,-0.86,0.866,-0.652,0.739,-0.674,0.629,-1
1,1,0.0,0.514,-0.129,0.938,-0.11,1.151,-0.132,1.232,-0.259,1.229,-0.215,0.509,-0.216,1.363,-0.262,0.863,-0.206,0.889,-0.567,0.825,-0.708,1.179,-0.59,0.549,-0.56,0.741,-0.636,0.776,-0.771,0.654,-0.883,0.368,-0.67226
0,0.666,0.0,0.624,-1.163,0.892,0.255,0.744,-0.545,1.261,-0.16,1.251,0.299,0.885,0.06,1,-0.114,1,-0.69,0.623,-1.052,0.489,0.189,0.753,0.547,0.818,-0.188,1.361,0.385,1.438,-0.755,1.084,1.288,1.236,-0.263
1,1,0.0,1.326,0.061,0.732,0.037,0.756,-0.076,1.307,0.096,0.659,0.101,1.111,0.193,0.533,0.078,0.787,0.087,1,0.298,1.273,0.585,1.333,0.405,0.617,0.298,0.556,0.194,1.107,0.549,0.795,0.407,0.711,0.597
0,0.949,0.0,0.275,-0.601,0.834,0.386,-0.05,-0.719,1.136,-1,0.513,-1.043,0.0,0.0,-0.531,-0.226,-0.37681,0.048,0.91,-1.392,0.0,0.0,0.0,0.0,-0.23,1.093,0.215,0.185,0.0,0.0,0.717,0.129,0.0,0.0
1,0.891,0.0,0.789,0.047,1.237,-0.008,1.431,0.025,1.296,0.031,0.729,0.087,0.645,0.09,0.695,0.045,0.659,0.061,0.558,0.115,0.498,0.157,0.738,0.104,0.81329,0.176,0.533,0.13638,0.939,0.133,0.62,0.1,0.735,0.15
0,0.0,0.0,0.0,0.0,-0.954,-0.893,1.005,0.517,-1,1.451,-0.972,0.787,0.58,-0.818,1.286,1,-0.609,-0.637,-0.51,0.71,1.36,-0.965,-1.498,1.382,-1.438,0.725,1.1,-0.931,-1.111,0.654,-1.29,-0.617,1.207,-1.188
1,1.152,0.0,0.921,0.026,0.66626,0.036,0.687,0.228,0.081,0.195,0.807,0.182,0.454,0.12,0.714,0.121,0.832,0.216,0.214,0.263,0.356,0.107,0.344,0.259,0.731,0.301,0.239,0.267,0.43433,0.287,0.588,0.323,1.479,0.282
0,0.0,0.0,0.501,-1.049,0.0,0.0,0.0,0.0,1.365,0.592,1.194,-1.113,-0.719,1,0.0,0.0,-0.539,0.971,0.915,1.32,-1.034,0.508,0.872,0.373,-0.795,0.714,0.688,0.589,1.021,-1.49,1,0.996,0.601,1.36
1,0.627,0.0,1,-0.005,0.938,-0.12,0.64,-0.076,1.009,-0.113,1.449,-0.138,0.585,-0.231,0.529,-0.122,1.101,-0.442,1.15,-0.188,0.572,-0.288,1.382,-0.684,0.977,-0.292,0.618,-0.232,0.75784,-0.236,0.598,-0.574,0.958,-0.4
0,0.0,0.0,1.01,1.447,0.0,0.0,0.0,0,-0.628,-0.865,0.0,0.0,0.0,0.0,-0.583,-1.445,-1.148,-1.079,-1.455,1,-0.696,1.193,0.0,0.0,0.0,0.0,0.827,-1.389,-0.72,0.737,-0.718,0.636,-1.174,1.118
1,0.741,0.0,0.588,0.077,1.467,0.022,1,0.052,0.575,-0.036,0.586,0.028,0.527,-0.048,1.213,0.061,1.019,0.002,0.871,-0.027,0.339,-0.094,0.44,-0.046,0.687,-0.108,0.811,-0.019,0.316,-0.011,0.662,-0.0,0.49,-0.00182
0,0.0,0.0,-1.305,1.462,0,0.0,0.0,0.0,-0.566,1,0.811,0.724,0.0,0.0,0.0,0.0,0.977,-0.72,-1.112,0.931,0.819,1.473,0.0,0.0,-1.088,-0.702,0.648,-0.515,0.863,0.823,-0.996,1.001,0.0,0.0
1,1.164,0.0,0.974,-0.089,0.957,0.018,0.567,-0.075,0.583,-0.01,0.989,-0.139,1.133,-0.066,0.93392,-0.043,0.826,-0.061,0.94,-0.216,0.892,-0.394,1.077,-0.206,0.605,-0.258,0.708,-0.346,0.792,-0.367,0.41,-0.164,0.862,-0.39487
0,1.445,0.0,0.844,0.432,0.909,-0.64,0.525,-1.493,1.148,-1,0.966,-0.593,1.486,-1.436,1,-0.552,0.904,-1.149,0.74,-0.989,1.205,-0.342,1.174,-1.158,0.842,-0.874,0.666,-0.968,0.876,-1.014,0.973,-0.903,0.588,-1.124
1,1,0.0,0.707,-0.046,0.569,-0.102,0.612,-0.911,0.572,0.504,0.963,-0.41382,0.517,-0.193,1.078,-0.244,0.692,-0.404,0.13,-0.93,0.478,0.115,0.736,-0.677,0.331,-1.214,0.401,-0.63,0.584,-1.056,0.439,-0.896,-0.167,-0.842
0,0.0,0,-1.124,-1.295,0.0,0.0,-1.321,0.785,1.336,-0.265,0.0,0.0,0.0,0.0,0.0,0.0,0.618,-0.624,-1.11,-0.877,1.238,-1.065,0.0,0.0,1.017,-1.056,-1.345,1.041,-1.151,-1.103,0.0,0.0,-0.988,1
1,1,0.0,0.917,0.053,0.588,0.132,1.323,-0.102,0.839,0.881,0.621,0.522,0.946,0.369,1,1.036,0.882,0.489,0.949,0.481,0.728,0.685,0.949,1.021,0.458,0.68,0.483,0.764,0.774,0.955,0.394,0.614,0.57,1.098
0,0.0,0.0,-0.952,-1,1.248,0.53,1.424,-0.514,-0.766,0.825,1.063,-1.08,-0.507,-1.114,0.0,0.0,1.347,1.464,-0.523,-0.526,1.291,-0.72,1.029,-0.646,0.993,1,0.815,-0.622,0.792,-0.772,-0.783,0.911,1.036,-0.528
1,1,0.0,1.272,-0.163,1.191,-0.207,1.241,-0.187,1.04,-0.103,0.783,-0.353,0.561,-0.366,0.602,-0.113,1.448,-0.324,0.745,-0.46162,0.718,-0.277,0.969,-0.308,0.665,-0.363,0.75,-0.253,0.913,-0.766,1.143,-0.965,0.629,-0.898
0,1.307,0.0,0.959,-0.846,1.345,0.987,0.914,-0.739,1,-1.496,0.727,-0.952,1.364,-0.027,0.652,-0.866,0.568,0.652,1.465,-1.244,1.284,1.37,1.151,-0.79,0.0,0.0,0.865,1.144,1,-0.47,1.181,0.852,0.638,0.823
1,1,0.0,0.55,-0.14639,1.24,-0.12,0.474,-0.197,0.957,-0.149,0.699,-0.309,0.968,-0.458,0.77,-0.403,0.429,-0.46,0.64,-0.426,1.002,-0.288,0.828,-0.595,0.706,-0.373,0.416,-0.714,0.437,-0.49,0.359,-0.419,0.281,-0.794
0,1,0.0,0.931,-0.034,0.211,-0.307,1.082,-0.09,0.785,-0.054,1.307,-0.098,0.639,1.341,0.741,-1.128,0.943,-0.207,1.028,-0.303,-0.273,0.995,0.51933,0.042,0.826,-0.284,0.642,-0.311,0.789,-0.137,1.172,-0.847,-0.184,-0.827
1,0.823,0.0,1.358,-0.231,0.924,0.276,0.61,-0.438,1.175,-0.418,0.556,-0.49863,0.88,-0.083,0.76837,0.082,1.111,0.585,1.097,0.186,0.87,-0.024,0.892,-0.866,0.531,0.079,0.732,-0.167,0.717,-0.147,0.756,0.329,0.711,-0.482
0,0.541,0.0,0.66161,-1.043,1.348,0.791,0.945,-0.754,1.126,-0.371,0.549,-0.66,1.008,-0.483,0.891,0.59,0.129,0.516,1.385,0.561,1.185,0.85268,0.639,-1.371,0.742,1.13,1.43,-0.054,0.659,-0.438,0.679,0.564,0.91,0.225
1,0.818,0.0,1.341,0.006,1.005,-0.007,1.247,-0.035,1.463,-0.059,0.944,-0.045,0.654,-0.079,0.594,-0.069,0.817,-0.071,0.841,-0.137,1.457,-0.105,0.982,-0.18,1.151,-0.20851,1.101,-0.13,0.521,-0.18552,0.659,-0.221,0.562,-0.268
0,0,0.0,1.469,1.425,1.451,-1.489,0.0,0.0,0.0,0.0,-1.485,-1.268,0.0,0.0,0.0,0.0,-1.143,0.572,0.927,0.71,-1.447,0.983,-1.134,0.931,1.382,-1.36,1.373,1,-0.518,1.031,1.214,0.51,0.0,0.0
1,0.576,0.0,0.912,0.054,0.622,0.034,1.136,0.049,0.469,0.007,0.942,0.032,0.947,0.088,0.542,0.084,0.88899,0.138,0.504,0.103,0.89,0.177,0.53,0.169,0.736,0.095,0.628,0.168,0.607,0.176,0.789,0.085,0.784,0.11447
0,1,0.0,1.209,0.031,0.779,0.058,0.601,0.051,0.815,-0.996,1.088,0.074,0.552,0.554,1.222,0.196,1.146,0.207,0.584,0.501,0.931,0.143,0.775,0.087,0.322,0.172,0.268,0.12,0.465,0.205,0.207,0.14677,1.232,1.194
1,1.009,0,0.722,0.038,0.654,0.3,0.889,0.272,0.71,0.472,1.257,0.523,0.631,0.496,0.658,0.565,0.413,0.57,0.369,0.468,0.614,0.75,0.351,0.709,0.495,0.9,0.339,0.718,0.138,0.384,0.07,0.462,0.052,0.71444
0,1.083,0.0,-1,-0.892,1.389,1.148,0.559,-0.111,0.0,0.0,-0.514,1.235,1.087,1.085,0.125,-1.174,-0.72,-0.7,0.051,-0.656,0.638,-0.635,-0.78,0.94,-0.859,-1.455,1.294,-1.447,-1.088,-0.628,0.516,1.397,0.0,0
1,0.811,0,1.087,0.065,0.712,0.16888,0.685,0.162,0.491,0.807,0.444,0.413,0.1,0.552,0.563,0.676,0.707,0.696,0.175,0.112,0.379,0.476,0.362,0.316,0.213,0.752,0.274,0.691,0.078,0.803,0.09,0.605,0.094,0.47
0,1,0.0,-0.522,-0.515,0.567,0.582,0.929,-0.94,1.185,-0.233,1.36,0.626,0.72,-0.556,0.931,-0.755,1.342,0.203,1.088,-0.583,0.989,-0.042,-0.547,0.724,0.57,1.253,1.112,0.741,1.399,-1,1.434,-0.819,1.282,-0.976
1,0.974,0.0,1.152,-0.055,0.587,-0.193,1.412,-0.17,1.142,-0.165,1.074,-0.158,0.94,-0.509,1.139,-0.285,0.84,-0.324,0.582,-0.852,0.563,-0.715,0.74725,-0.399,0.377,-0.77,0.707,-0.882,0.355,-0.75353,0.649,-0.725,0.655,-0.683
0,0.0,0.0,0.0,0.0,0,0.0,0.0,0.0,0.74,0.747,0.592,0.842,0.0,0.0,0.0,0.0,-0.431,-0.973,-1.438,-0.966,0.0,0.0,0.0,0.0,-0.603,-0.844,-0.909,-0.903,-0.598,1.249,1.043,0.0,0.0,0
1,1,0.0,1.204,-0.038,1.103,-0.077,1.173,-0.103,0.704,-0.111,1.112,-0.116,1.196,-0.221,0.822,-0.267,0.564,-0.382,0.881,-0.32152,0.773,-0.206,0.75,-0.23,0.718,-0.575,1.02,-0.405,0.866,-0.259,0.551,-0.339,1.01,-0.483
0,0.654,0.0,0.723,-0.039,-1,0.272,-0.276,0.244,0.432,-0.375,0.624,-0.044,-0.168,-0.003,-0.609,0.121,0.733,-0.272,1.295,-0.478,-0.393,-0.241,-0.817,0.381,0.868,-0.509,0.458,-0.574,0.622,-0.594,-0.092,0.216,-0.06117,0.482
1,1,0.0,0.61,0.008,0.667,-0.023,1.315,-0.036,0.88,-0.06,0.606,-0.048,0.863,-0.058,1.119,-0.065,0.678,-0.123,1.134,-0.11,1.14,-0.237,0.628,-0.18739,0.73,-0.216,1.079,-0.229,0.875,-0.154,0.728,-0.238,0.738,-0.228
0,0.514,0.0,0.0,0.0,1.448,0.559,0.0,0.0,0.137,-1,0.0,0.0,0.0,0.0,-0.528,-0.308,-0.436,-0.651,0.818,0.514,0.0,0.0,0.448,0.282,-0.467,0.343,0.53,-0.772,-0.783,0.421,0.0,0,0.0,0.0
1,1.01,0.0,0.768,-0.122,0.598,0.033,0.562,-0.001,0.87947,0.158,1.007,-0.023,0.729,0.418,0.888,-0.804,1.023,-0.25,0.86676,-0.131,1.465,0.739,0.404,-0.103,0.534,-0.019,0.596,-0.017,0.442,-0.255,0.641,-0.363,0.48,-0.012
0,0.0,0.0,1.188,1.12,0.61,-0.568,0.0,0.0,0.0,0,0.865,0.79,0.905,1.345,-1,-1.42,1.454,-0.727,-1.151,0.732,0.0,0.0,0.762,-0.972,1.368,-0.987,0.914,1.232,-0.532,-0.952,0.0,0.0,0.0,0.0
1,1.251,0.0,0.79,0.771,0.69,0.775,0.812,1.457,-0.367,1.135,-0.627,0.818,-1.341,0.877,-0.624,0.915,-1.395,-0.831,-1.327,-0.456,-0.666,-1.236,-0.386,-1.052,0.966,-0.871,0.851,-1,1.104,-0.623,1,-0.398,0.885,0.418
0,0.823,0.0,-0.766,-0.659,-1.1,0.795,1.358,0.694,0.041,-1.111,-0.512,-0.61,0.756,0.529,0.649,-0.556,-0.711,1,0.517,1.455,1.333,-1.273,-1.326,-0.787,-0.246,1.073,0.827,-1.278,-1.254,-0.97,-1,1.487,1.307,0.179
1,1.412,0.0,1.311,0.107,0.895,-0.051,0.525,-0.082,0.875,-0.077,1.355,0.012,0.796,-0.16795,0.66,-0.282,0.676,-0.232,0.678,-0.35902,1.273,-0.324,0.479,-0.218,1.135,-0.604,0.869,-0.418,0.873,-0.171,0.454,-0.281,0.525,-0.43
0,1,0.0,0.074,-0.245,-0.722,0.742,-1.237,0.869,0.946,0.4,-0.709,-0.345,-1.331,-0.726,-1,1.008,-0.022,0.793,-0.311,-0.568,-0.484,-0.734,-1.12,-0.336,-0.687,0.21,0.671,-0.625,-1.463,-0.313,-1.324,-1.036,-1.247,0.375
1,1.451,0.0,0.931,-0.029,1.438,-0.044,0.517,-0.079,0.954,-0.085,0.617,0.358,0.893,-0.142,1.207,-0.201,0.51,0.197,0.818,-0.102,1.455,-0.281,0.961,-0.221,0.725,-0.726,1.123,-0.326,0.806,-0.159,1.067,-0.22765,0.73992,-0.163
0,0.0,0,-1.469,0.839,0.668,-0.572,-0.711,1.202,0.0,0.0,0.927,1.152,-1.447,-0.279,1.497,1.214,-0.501,-1.268,1.252,-1,-1.134,-1.498,1.19,0.518,1.083,-0.638,1.425,0.854,1.031,0.731,0.0,0.0,-0.907,-0.66
1,1.488,0.0,0.601,0.06,0.545,0.072,0.871,0.13231,1.021,-0.023,0.652,0.096,0.516,0.105,0.559,0.125,1.354,0.144,0.967,0.215,0.993,0.072,0.938,0.082,0.729,0.274,1.123,0.283,1.209,0.133,0.717,0.196,0.877,0.31166
0,0.991,0.0,0.091,-0.616,-0.543,1.223,0.0,0.0,0.0,0.0,-1.194,1,0.0,0.0,-0.443,-0.371,1.167,0.212,0.462,0.154,0.0,0.0,-1.209,-0.201,-0.708,1.28,1.009,1.414,-1.195,0.424,0,0.0,0.0,0.0
1,1.294,0.0,0.827,0.112,1.284,0.077,0.72,0.224,1.321,0.134,0.94930,0.215,0.725,0.179,0.963,0.307,0.614,0.386,0.982,0.211,0.863,0.326,0.647,0.55,0.466,0.508,0.476,0.239,0.749,0.465,0.331,0.681,0.54252,0.388
0,0.94,0.0,0.011,-0.184,0.0,0.0,0.0,0.0,0.0,0.0,0.0,0.0,0.0,0,0.064,-0.768,0.203,0.737,0.635,-0.278,0.0,0.0,0.111,-1.087,-0.055,-0.215,1.185,-0.47,-1.088,0.119,0.0,0.0,1.196,-0.27292
1,1,0.0,1.088,0.187,0.644,0.199,0.827,0.367,0.854,0.128,1.346,0.505,1.206,0.601,0.699,0.357,0.674,0.676,0.335,0.833,0.553,0.758,0.554,0.532,0.472,0.388,0.403,0.56,0.247,0.548,0.278,0.986,0.249,0.78685
0,0.651,0.0,0.855,0.974,0.26,-1.434,1.332,0.583,0.825,0.442,-0.637,1.185,-0.063,0.444,0.013,0.031,-0.616,-0.651,0.154,-0.033,0.19,-0.43860,-0.957,1.342,1.027,-1,0.567,-0.071,0.618,0.976,0.167,-0.82,1.466,1.185
1,0.666,0.0,0.989,-0.218,1,0.447,1.143,0.269,0.973,-0.09925,0.853,0.465,0.489,-0.145,0.552,0.01,1.45,-0.438,0.812,-0.215,1.315,-0.23,0.593,-0.141,0.79,0.079,0.839,-0.085,0.64,-0.393,0.494,0.192,0.28,-0.046
0,1.438,0.0,0.599,0.056,0.832,0.254,0.973,-1.009,0.381,0.078,0.825,0.16,1.041,0.716,0.842,0.472,0.707,0.023,0.341,-0.479,1,0.779,0.761,0.249,0.949,-0.416,1.178,0.234,0.274,-0.01947,0.598,0.135,0.529,0.398
1,1,0.0,1.103,0.299,1,0.015,0.622,0.101,1.111,0.034,1.445,0.368,0.877,0.039,1.056,0.046,1.102,-0.304,0.706,-0.054,0.612,0.047,0.785,0.235,0.58,-0.522,1.297,-0.013,0.857,0.308,1.05,-0.224,0.774,-0.048
0,0.0,0.0,1.098,-0.854,0.612,-0.765,0.621,-0.757,0.59,-0.685,0.575,1.086,1.09,0.882,1.066,-0.946,1.323,0.68,0.624,0.955,1,0.764,1.366,-0.505,0.588,-0.5,0.968,-0.917,1.021,0.961,0.0,0.0,1,-0.949
1,0.911,0.0,1.347,0.846,1.073,0.82021,0.221,0.993,0.219,0.63,-0.336,1.029,-0.611,0.498,-0.792,0.212,-0.243,-0.303,-0.932,-0.29,-1.04,-0.55,-0.419,-1.259,0.496,-1,0.612,-0.473,0.136,-0.815,0.489,-0.187,1.067,0.036
0,0.665,0.0,1.063,0.839,0.759,-0.561,1.241,-1.01,0.761,1.448,1.375,0.516,0.913,1.272,0.745,-1,1.04,1.274,0.791,0.912,1.143,0.508,1.273,1,0.783,1.399,0.515,0.301,0.0,0.0,0.629,-1.191,1.41,-1.143
1,0.727,0.0,0.568,0.045,1.288,0.239,1.181,0.246,1,0.375,1.232,0.274,1.364,0.371,1.37,0.234,0.846,0.955,0.593,0.363,1.465,0.53,1.151,0.379,0.585,0.563,1.024,0.564,1.151,0.663,0.645,0.85611,1.039,0.646
0,0.0,0.0,0.972,-0.514,1,0.877,-1.368,-1.307,0.775,-0.871,0.0,0.0,0.0,0.0,-0.79,0.532,1.42,-1.457,1.251,-1.135,-0.679,1.12,1.367,-1.438,1.089,-0.73,0.818,-1.327,-0.623,-0.938,0.0,0.0,1,-0.666
1,1,0.0,1.28,0.092,0.863,0.245,1.101,0.27451,1.032,0.489,0.731,0.349,0.686,0.696,0.959,0.788,0.794,0.762,0.476,0.647,0.673,0.899,0.545,0.996,0.248,0.942,0.258,1.14,0.268,0.819,0.114,0.842,0.056,0.457
0,0.823,0.0,1.03,0.562,0.0,0.0,-0.249,0.501,0.0,0.0,0.0,0.0,0.0,0.0,0.147,-0.23,0.158,0.162,0.286,0.572,0.0,0.0,0.0,0.0,0.484,0.407,0.76190,0.353,0.0,0.0,0.0,0.0,0.0,0
1,1.385,0.0,1.209,0.06,0.891,0.10827,0.679,0.107,0.742,0.259,1,0.188,0.864,0.278,1.353,0.294,0.569,0.333,0.717,0.473,0.841,0.431,0.497,0.86,0.882,0.506,0.321,0.45,0.7,0.668,0.655,0.723,0.374,1.014
0,0.0,0.0,0.848,0.61,0.0,0.0,0.517,-0.609,1.207,-1,0.671,1.237,1.463,1.286,0.883,-0.719,1.29,1.341,0.738,0.954,1.005,-1.036,-0.869,-1.1,0.722,-1.463,0.725,-0.893,0.818,1.331,0.0,0.0,0.58,-1
1,0.713,0.0,0.711,0.059,1.36,0.11982,1.214,0.18,0.71,0.145,1.406,0.392,1.363,0.35,0.58,0.595,1.189,0.636,0.45,0.537,0.781,0.838,0.965,0.87,0.761,0.864,0.546,0.60990,0.333,0.592,0.673,0.324,0.417,0.4
0,0.0,0.0,1.021,1.498,1.199,-0.854,1.099,1.36,1,1.113,0.66,0.795,0.915,1.479,0.601,0.501,1,-1.025,-1.152,0.907,-1.0,1.202,-0.501,1.083,1.268,-1.19,0.508,0.668,-0.731,0.576,-0.688,-0.714,-0.971,1.252
1,0.548,0.0,1.07,0.36,1.289,0.284,0.616,0.57,1.33,1.034,1.386,0.748,1.46,1.49,0.592,0.933,0.996,0.539,1.195,0.529,0.494,1.232,1.268,0.624,0.821,0.872,0.274,1.221,0.129,1,-0.229,1.365,-0.972,1
0,0.0,0.0,0.763,1.184,1.248,-0.627,1.34,0.993,-1.449,1,0.0,0.0,0.612,1.438,0.0,0.0,0.0,0.0,-1.18,1.009,-1.035,0.938,0.654,0.865,1.223,-0.743,0.744,0.955,0.653,0.64,0.722,-0.889,-1,1.466
1,0.954,0.0,1.285,-0.083,0.899,0.474,0.562,0.085,1,0.228,1.008,-0.689,0.725,-0.484,0.555,-0.095,0.81,0.033,0.644,-0.6,0.881,-0.188,1.267,-1,0.868,-0.488,1.094,-0.952,1.475,-0.897,0.598,-0.675,0.654,-0.551
0,0.0,0.0,1.122,-1.436,1.174,0.548,0.523,0.928,1.472,1.447,1.459,0.619,0.824,-0.552,1,-0.852,1.219,0.838,0.951,-0.932,0.785,0.956,1.245,0.643,1,-0.677,1.304,0.871,1.059,-0.565,0.629,1.468,1.301,-1.488
1,0.504,0.0,0.488,0.061,0.703,0.215,0.644,0.174,1.141,0.492,0.501,0.347,0.712,0.459,0.658,0.371,0.454,0.677,0.496,0.867,0.479,0.617,0.473,0.973,0.194,0.76146,0.224,0.938,0.115,0.406,0.037,0.857,-0.025,0.69509
0,1.366,0.0,0.408,-0.17314,0.759,0.235,0.662,0.23,0.173,0.454,1.075,-0.193,0.014,0.52,0.01,0.541,0.135,0.21,0.10567,0.256,0.051,0.234,-0.001,0.263,-0.039,0.201,-0.05,0.206,-0.028,0.054,-0.038,0.062,-0.056,0.026
1,1.043,0.0,0.717,-0.03,0.712,-0.075,1.179,0.021,0.879,0.022,0.758,0.048,0.657,0.041,0.653,0.039,0.456,-0.231,0.417,-0.009,0.914,0.098,0.516,-0.113,0.833,0.033,0.465,-0.091,0.515,-0.21154,0.599,-0.14053,0.379,0.042
0,1.251,0.0,0.353,-0.06343,1.3,0.042,1.406,1.161,0.23,0.19,0.292,0.188,0.784,-0.449,0.825,0.606,0.581,-0.14,0.406,-0.171,0.43,0.14792,0.608,0.469,0.502,0.224,0.572,0.195,0.396,-0.023,0.274,0.114,0.245,0.08
1,1.134,0.0,0.701,0.063,0.436,-0.072,0.961,0.05,0.465,-0.026,0.835,0.013,0.972,-0.146,0.652,-0.027,1.008,0.116,0.76,-0.07925,0.505,-0.121,0.428,-0.14717,0.454,-0.153,0.516,-0.064,0.862,0.016,0.578,0.042,0.751,0.01
0,1.227,0.0,0.772,-0.038,0.706,0.029,0.931,0.964,0.66364,-0.06,0.634,-0.205,0.436,0.09,0.56818,0.876,0.451,0.288,0.782,0.087,0.603,-0.287,1.116,-1.462,0.615,0.461,0.502,0.135,0.421,0.089,0.592,0.123,0.628,1.482
1,0.889,0.0,0.834,-0.01,0.298,0.0,0.2,0.082,0.21,-0.068,0.288,0.14118,0.46667,0.059,0.67,-0.043,0.325,0.021,0.443,0.0,0.267,0.049,0.395,0.088,0.528,0.003,0.597,0.144,0.412,0.054,0.255,0.174,0.612,0.206
0,1,0.0,0.266,0.175,0.28,0.121,0.199,0.183,-0.034,0.597,0.031,0.543,-0.19,0.241,-0.113,0.399,0.038,0.40455,-0.289,0.191,-0.144,0.057,-0.152,0.39,-0.102,-0.065,-0.138,-0.086,-0.998,-0.876,-0.035,-0.075,-0.004,-0.047
1,1.122,0.0,0.726,-0.14,1.412,0.497,0.493,0.154,0.707,0.071,1.289,-0.033,1.113,0.374,0.91,0.345,0.69206,0.777,0.762,0.304,0.589,0.323,0.839,0.31,0.36,0.658,0.973,0.622,0.827,0.519,0.405,1.014,0.52361,0.646
0,1.073,0.0,1.018,-0.052,-0.165,-0.885,-0.098,-0.6,0.797,0.056,1.322,-0.007,-0.235,0.756,-0.193,-0.661,0.702,-0.15,1.047,-0.102,-0.064,0.304,-0.504,0.689,0.78932,-0.051,0.599,-0.147,0.954,-0.153,-0.274,-0.909,-0.131,-0.59867
1,1,0.0,0.939,-0.315,0.331,0.026,0.608,0.452,0.559,0.098,0.577,0.379,0.678,-0.166,0.354,0.336,0.257,-0.506,0.437,-0.346,0.197,0.145,0.305,-0.043,0.45,-0.16,0.59,-0.032,0.48348,-0.025,0.464,-0.321,0.395,0.078
0,1.494,0.0,-0.744,0.128,-0.463,0.73375,0.456,-0.198,0.221,-0.092,0.31,-0.085,0.491,0.047,0.812,-0.086,0.167,0.45201,0.305,0.047,0.259,0.086,-0.552,-0.606,0.912,0.937,0.488,-0.4,-0.176,0.061,0.034,0.312,0.263,-0.052
1,0.539,0.0,0.326,0.165,0.64,0.159,0.51783,-0.006,0.582,0.118,0.474,-0.223,0.422,-0.028,0.723,0.039,0.805,-0.33,0.349,-0.04,0.458,0.038,0.168,-0.158,0.492,-0.017,0.537,-0.04,0.348,0.091,0.834,-0.026,0.281,-0.03226
0,0.96,0.0,0.92,0.219,0.0,0.0,0.315,0.075,0.365,0.697,0.38359,0.99557,-0.013,0.505,0.15,0.188,-0.022,0.9,-0.574,1.022,-0.127,0.256,-0.508,0.232,-0.871,1.081,-0.178,0.836,-0.726,0.943,-0.659,0.154,0.0,0.0
1,1,0,1.074,0.136,0.912,0.415,0.991,0.364,0.618,0.44,0.595,1.204,0.356,0.713,0.064,0.729,-0.146,0.737,-0.428,0.725,-0.375,0.589,-0.722,0.366,-0.772,0.595,-0.818,0.244,-0.363,0.112,-0.743,-0.031,-0.736,-0.272
1,1.421,0.0,1.212,0.258,1.01,0.619,0.872,0.855,0.282,0.57,0.366,0.627,0.10289,0.777,-0.09,0.7,-0.371,0.987,-0.745,0.79525,-0.587,0.439,-0.556,0.27,-0.784,0.169,-0.701,-0.01,-1.182,-0.121,-0.688,-0.443,-0.332,-0.426
0,1,0.0,-0.994,-0.952,0.0,0.0,0.43,-0.924,0.722,0.168,-1.371,-0.514,0.0,0.0,0.0,0.0,1.38,-0.229,0.259,-0.63518,0.957,-1.301,-1.097,-1.472,1.37,-0.88,-1.104,-1.275,-0.56,-1.226,1.11,-1.236,0.0,0.0
1,1.255,0.0,0.484,0.073,0.645,0.028,0.506,0.046,0.445,0.126,0.608,0.413,0.899,0.094,0.499,0.08442,0.512,-0.07,0.62,0.0,1.03,0.068,0.492,0.144,0.617,0.101,0.613,0.13608,0.571,0.117,0.8,0.132,0.728,0.155
0,0.643,0.0,1.143,-1.219,0.0,0.0,0.743,-1.001,0.769,0.47,-0.41912,-0.815,0.0,0.0,0.0,0.0,0.543,-0.649,0.959,-0.531,0.0,0.0,0.171,-1.059,-0.709,-0.548,-0.932,-0.689,0.838,-0.555,0.644,-0.562,0.0,0
1,0.921,0,0.824,0.013,0.96215,-0.017,1.356,-0.051,1.174,-0.044,1.41,-0.102,1.008,-0.101,1.186,-0.23,1.086,-0.21,1.422,-0.073,1.098,-0.177,1.381,-0.109,0.611,-0.116,0.51,-0.143,0.711,-0.141,1.153,-0.227,0.849,-0.177
0,0.0,0.0,0.0,0.0,0.0,0,0.0,0.0,0.0,0.0,0.0,0.0,0.0,0.0,0.0,0.0,0.0,0.0,0.0,0.0,0.0,0.0,0.0,0.0,0.0,0.0,1.055,-1,0.0,0.0,0.0,0.0,0.0,0.0
1,0.525,0.0,0.794,-0.085,0.678,-0.075,0.545,-0.189,0.737,0.092,1.075,-0.012,0.5,-0.368,1.391,-0.432,1.368,-0.3,0.749,-0.173,0.703,-0.207,0.726,-0.252,0.918,-0.19233,1.061,-0.282,0.875,-0.23728,0.517,-0.202,0.95,-0.28
0,1.159,0.0,0.244,-0.45,0.0,0.0,1.017,-1.462,0.267,0.522,0.749,0.035,0.49,-0.906,0.0,0.0,0.59091,-0.382,0.402,-0.984,0.0,0.0,0.0,0.0,0.282,0.095,0.842,-0.23864,0.043,-0.37,0.17,-0.722,0.0,0.0
1,1.047,0.0,0.608,-0.445,1.012,-0.02,0.98898,-0.608,0.90083,0.989,1.161,-0.136,1.134,-0.121,0.63,-0.11,1.229,-0.236,1.1,-0.28,0.88,-0.303,1.251,-0.382,0.86,-0.391,1.4,-0.346,1.333,-0.414,0.508,-0.272,1.426,-0.504
0,1,0.0,0.0,0.0,0.0,0.0,0.0,0.0,0.0,0.0,0.548,0.955,0.0,0.0,0.0,0.0,0.289,-0.763,0.56098,-0.665,0.0,0.0,0.0,0.0,0.0,0.0,1.32,0.155,0.0,0.0,0.0,0.0,0.0,0.0
1,1,0.0,0.885,0.004,0.749,-0.059,1.169,-0.167,0.859,-0.056,0.656,-0.038,0.631,0.035,0.629,-0.20848,1.137,-0.122,1.041,-0.056,1.102,0.001,1.121,-0.077,1.365,-0.261,1.043,-0.117,0.831,-0.188,0.679,-0.257,1.087,-0.205
0,0.848,0,0.142,0.142,0.0,0.0,0.0,0.0,0.759,1.235,0.223,0.965,0.0,0.0,0.0,0.0,0.501,-1.214,0.174,-0.636,0.0,0.0,0.0,0.0,-0.427,-0.998,0.643,-0.56,0.486,-0.197,0.0,0.0,0.0,0
1,1,0.0,1.412,-0.692,0.571,-0.788,0.668,-1.139,0.718,-0.503,1.202,-0.315,0.795,-0.566,1,-0.841,0.799,-1.088,0.727,-1.005,0.614,-0.889,0.955,-0.623,0.469,-0.56,0.451,-1.019,0.514,-1.073,0.69,-1.341,0.178,-0.573
0,1,0.0,0.531,-0.592,0.0,0.0,0.0,0.0,0.653,0.709,0.892,-0.384,0.0,0.0,0.0,0.0,0.726,-0.22727,0.771,-1.17,0.964,-1.122,0.0,0.0,0.0,0.0,0.599,-1.024,-0.137,-1.299,0.0,0.0,0.0,0.0
1,1.225,0.0,0.62,0.246,0.434,0.35,0.788,0.362,0.31,0.732,0.516,0.434,0.232,1.1,-0.04,0.444,-0.153,1.119,-0.199,0.862,-0.561,0.744,-0.662,0.296,-0.874,0.327,-0.442,0.105,-0.62,-0.07816,-0.589,-0.286,-0.252,-0.31954
0,1,0.0,0.215,-0.72,0.0,0.0,0.663,-0.858,1.015,1.392,0.508,0.848,0.0,0.0,0.0,0.0,0.383,-0.212,0.719,-0.519,0,0.0,0.0,0.0,0.218,0.784,1.239,0.279,0.0,0.0,0.0,0.0,0.0,0.0
1,1.001,0.0,0.866,0.223,1.255,0.494,0.436,1.078,0.575,1.189,0.27639,0.977,0.133,0.499,-0.129,1.264,-0.299,0.524,-0.506,0.658,-0.323,0.266,-0.399,0.416,-0.536,0.033,-0.401,-0.106,-0.647,-0.283,-0.613,-0.438,-0.532,-0.53319
0,0.922,0.0,0.91353,0.592,-0.601,1.32,-0.49,0.628,0.051,0.196,-0.13,-0.053,-0.038,-0.048,0.01,-0.038,0.011,-0.007,0.004,0.001,0.0,0.0,-0.0,0.0,-0.0,0.0,-0.0,0.0,0.0,0.0,0.0,0.0,0.0,0
1,0.502,0.0,0.291,-0.096,0.186,0.106,0.209,0.229,0.23810,0.078,0.292,0.023,0.403,-0.039,0.42,-0.049,0.383,-0.118,0.388,0.052,0.309,0.0,0.198,-0.078,0.319,-0.058,0.209,-0.021,0.211,0.0,0.143,-0.024,0.14694,-0.022
0,1.165,0.0,1.435,-0.119,1.264,0.066,0.468,-0.01639,0.552,0.022,0.805,-0.018,0.738,0.0,0.854,-0.149,0.123,-0.215,0.713,-0.101,0.779,0.034,1.355,-0.29508,0.336,-0.295,0.596,-0.23,0.222,-0.028,0.256,-0.605,0.334,-0.098
1,1.221,0.0,1.204,0.0,1.259,0.046,1.122,0.046,0.709,0.0,0.712,0.04545,1.168,0.108,0.894,0.082,0.696,0.376,0.748,0.09,1.01,0.174,0.552,0.164,0.75,0.216,0.94,0.103,0.557,0.02,0.411,0.18,0.65,0.17077
0,1.371,0.0,0.253,0.77,-0.515,0.131,-0.085,-1.022,0.66667,0.011,1.039,0.58,-0.569,0.251,-0.232,-0.759,0.46429,0.225,0.646,0.082,-0.64,0.529,-0.318,-0.572,0.426,0.692,0.496,0.523,0.413,0.488,-0.546,-0.354,0.151,-0.478
1,0.725,0,0.519,-0.091,1.143,-0.03,0.881,-0.062,0.762,0.002,0.677,-0.095,0.597,-0.073,0.893,-0.129,1.017,0.046,0.624,-0.028,1,-0.11,0.562,-0.129,0.868,0.023,0.555,-0.179,1.032,-0.131,0.84,-0.105,1.094,-0.431
0,1.122,0.0,0.43636,-0.072,0.854,-0.209,0.169,-0.573,0.449,-0.025,0.277,-0.06,0.433,0.187,0.453,-0.351,0.186,-0.019,0.443,0.03,0.184,0.405,0.539,0.086,0.32727,0.192,0.393,-0.055,0.509,-0.059,0.166,-0.229,0.161,-0.18
1,1,0.0,0.818,-0.664,1.186,0.737,0.281,-0.047,0.396,0.0,0.706,-0.0,0.617,0.077,0.329,-0.043,0.774,-0.001,0.266,0.0,0.717,0.09,1.314,-0.001,1.326,1.129,0.699,-0.002,0.995,-1.399,1.199,0.42,0.43396,-0.074
0,1.185,0.0,0.73810,0.633,-0.552,-0.256,0.26,-0.15,0.45238,-0.199,-0.47,0.086,0.455,0.0,0.251,-0.083,-0.269,0.472,0.328,0.034,0.372,0.051,0.236,-0.306,-0.343,-0.066,0.141,-0.711,1.315,0.0,-0.393,-0.047,0.137,0.03
1,0.957,0.0,0.558,0.042,0.58333,-0.155,0.381,0.0,0.253,-0.056,0.261,0.0,0.435,0.08,0.647,0.029,0.64,-0.146,0.376,-0.324,0.459,0.09,0.208,0.195,0.46,-0.098,0.45,-0.068,0.484,-0.08333,0.369,-0.269,0.254,-0.09
0,1.406,0.0,0.73,0.902,0.0,0.0,0,0.0,0.0,0.0,0.652,-1.281,-0.641,0.486,-0.626,0.364,0.577,1.342,0.0,0.0,0.0,0.0,0.539,0.111,-1.478,-0.536,1.334,-0.88,1.161,0.842,0,0.0,0.0,0.0
1,0.579,0.0,0.539,0.087,0.626,0.16,0.605,0.228,0.84881,-0.341,0.943,0.762,0.799,0.356,0.565,0.508,0.853,0.208,0.667,0.838,0.586,0.495,0.605,0.314,0.292,0.501,0.311,0.629,0.483,0.578,0.307,0.401,0.18632,0.419
0,1.131,0.0,0.703,0.339,0.97,0.637,0.815,0.658,0.84010,-0.133,1.29,0.118,1.165,-1.253,0.806,0.938,1.036,-0.044,0.472,0.138,1.296,-0.981,0.752,-1.052,0.18,-0.287,0.944,0.15,0.639,0.257,0.809,0.807,1.082,0.68822
1,1,0.0,0.537,0.075,0.636,-0.015,0.572,0.036,1.155,-0.053,0.729,-0.036,0.499,-0.027,0.731,-0.047,1.07,-0.035,0.488,0.018,1.245,-0.114,1.289,-0.077,1.31,-0.099,0.851,-0.074,0.6,0.012,1.185,-0.078,0.489,-0.06888
0,1.387,0.0,0.0,0.0,-0.254,0.824,0.0,0,0.437,-0.994,0.824,0.315,-0.223,-0.669,-0.453,0.621,0.825,0.23,0.0,0.0,0.0,0.0,-0.13,-0.576,0.0,0.0,1.214,-1.355,0.0,0.0,0.048,0.87,0,0.0
1,1.168,0.0,0.859,0.011,1.394,0.007,1.008,-0.009,0.621,-0.037,1.071,-0.022,1.367,-0.008,1.122,-0.031,0.822,-0.018,0.819,0.0,0.889,-0.033,0.584,-0.036,0.96019,-0.053,0.832,-0.028,1.381,-0.033,1.412,-0.053,0.926,-0.04112
0,0.892,0.0,0.0,0.0,0.842,-0.219,0.224,-0.063,0.0,0.0,1.236,0.08,1.343,-0.198,0.819,0.043,0.532,-0.121,0.0,0.0,0.518,-0.137,0.709,-0.41622,0.0,0.0,0.583,-0.19,0.0,0.0,1.09,-0.356,0.173,-0.15676
1,1.27,0.0,0.902,0.018,0.2,-0.021,0.654,0.019,0.19512,0.088,0.317,0.063,0.195,0.028,0.216,0.0,0.257,0.0,0.21,0.096,0.281,0.175,0.278,0.069,0.253,0.055,0.099,0.067,0.196,0.073,0.236,0.0,0.123,0.07317
0,1,0.0,0.5,1.181,0.694,-1.493,0.0,0.0,0.0,0.0,0.996,0.876,0.904,-1,0.575,1.392,0.55,-0.858,0.0,0.0,0.0,0.0,1.494,-0.397,0.0,0.0,1.349,-0.513,0.559,0.519,1.036,-1.347,0.0,0.0
1,1,0.0,0.33,0.105,0.355,0.246,0.602,0.282,0.253,0.545,0.177,0.735,0.144,0.74,0.0,0.569,-0.058,0.392,-0.111,0.543,-0.372,0.537,-0.286,0.461,-0.365,0.294,-0.383,0.159,-0.59184,0.203,-0.314,0.0,-0.155,-0.226
0,0.946,0.0,0.0,0.0,0.521,-1.163,0.0,0.0,0.0,0.0,0.697,1.097,0.951,-0.303,0.948,0.153,1.215,-1.194,0.0,0.0,0.0,0.0,0.96,1,0.0,0.0,1.302,-0.632,0.0,0.0,1.359,-1.339,0.0,0
1,0.804,0.0,1.069,0.26,0.769,0.21,0.664,0.67647,0.471,1.065,0.285,1.013,-0.033,0.86029,-0.169,0.822,-0.547,0.918,-0.408,0.452,-0.764,0.513,-0.855,0.044,-0.841,-0.114,-0.858,-0.36,-0.612,-0.366,-0.48,-0.583,-0.173,-0.657
0,1.455,0.0,-1.241,0.265,0.27,0.15033,-1.103,-0.934,-0.263,1.012,-0.842,0.86,-0.836,0.274,-0.465,-0.037,-0.811,-0.736,-0.438,-0.54248,-0.049,-0.69,0.637,-1.091,-1.355,-0.577,0.465,0.051,-0.918,0.064,0.213,0.018,-0.289,-0.329
1,1.347,0.0,0.388,-0.118,0.451,0.0,0.286,-0.16,0.506,0.128,0.62,0.021,0.854,0.043,0.667,-0.096,0.694,0.206,0.613,-0.02,0.434,0.201,0.497,0.0,0.276,0.079,0.465,0.054,0.51,0.049,0.577,0.033,0.41667,-0.05000
0,0.654,0.0,-0.393,0.411,-0.178,0.154,-0.21,-0.056,0.072,-0.086,0.03,0.033,-0.012,0.02726,-0.015,-0.001,-0.001,-0.005,0.007,-0.001,0.002,0.00238,-0.001,0.001,-0.001,-0.0,0.0,-0.0,0.0,0.0,0.0,0.0,-0.0,0.0
1,1,0.0,0.644,-0.243,0.525,0.211,0.356,-0.153,0.803,0.231,1.193,-0.397,0.387,0.0,0.548,-0.037,0.327,-0.202,0.564,-0.148,0.699,0.046,0.75676,0.093,0.335,-0.34,0.343,-0.186,0.763,-0.3,0.622,-0.355,0.639,-0.258
0,1.381,0.0,0.499,-0.026,-0.619,-0.174,-0.823,-0.018,0.97266,0.008,0.94,-0.019,-0.976,0.184,-1.424,-0.004,0.527,-0.028,0.92188,-0.03,-0.864,0.168,-1.362,0.416,0.591,-0.006,0.464,0.127,1.07,-0.055,-1.086,-0.279,-0.759,-0.466
1,0.818,0.0,0.837,0.016,1.253,-0.018,0.478,0.017,1.227,-0.016,1.32,0.003,0.866,-0.036,1.005,-0.004,1.106,-0.037,0.571,0.023,0.628,-0.036,1.244,-0.015,1.164,-0.041,1.341,-0.01647,0.942,0.01908,0.612,-0.04,0.501,0.004
0,1.084,0.0,0.762,-0.032,0.779,-1.053,0.295,-0.084,0.511,-0.306,0.822,-0.266,0.16667,-0.119,1.023,-0.405,0.76,-0.347,0.633,-0.596,0.0,-0.159,1.366,-0.539,0.565,-0.231,0.703,-0.524,0.699,-0.146,0.599,-0.63156,1.377,-0.788
1,1.163,0.0,0.277,-0.09,0.172,-0.055,0.24,-0.098,0.09,-0.058,0.039,-0.053,0.016,-0.036,0.011,-0.021,0.002,-0.009,0.0,-0.006,-0.0,-0.003,-0.0,-0.002,-0.0,-0.001,-0.0,-0.00048,-0.0,-0.00024,-0.0,-0.0,-0.0,-0.0
0,0.643,0.0,0.927,-0.061,0.753,0.0,0.535,-0.086,0.635,-0.11765,0.459,-0.106,0.756,-0.187,0.868,-0.095,0.719,-0.063,0.732,-0.136,0.616,-0.241,0.86,-0.314,0.509,-0.319,0.754,-0.277,0.56863,-0.364,0.301,-0.308,0.659,-0.201
1,0.533,0.0,0.18,0.22,0.422,0.161,0.13,0.19,0.08,0.19939,0.006,0.21,-0.031,0.095,-0.049,0.06317,-0.025,0.043,-0.038,0.023,-0.027,0.003,-0.018,-0.004,-0.008,-0.006,-0.005,-0.006,-0.004,-0.006,-0.001,-0.005,0.0,-0.002
0,1,0.0,-0.586,0.189,0.074,0.0,0.0,0.054,0.529,0.089,0.23,0.0,-0.041,0.12,0.041,0.0,0.156,-0.116,0.223,-0.397,0,-0.064,0.0,0.0,0.033,-0.294,0.037,0.0,-0.605,0.016,-0.041,0.0,0.0,0.088
1,0.565,0.0,0.965,-0.011,1,-0.017,0.831,-0.065,1.426,-0.009,1.482,-0.038,0.723,0.086,0.799,-0.034,1.377,0.09189,1.202,-0.003,0.859,0.077,0.718,0.034,0.629,0.121,0.864,0.017,0.636,-0.026,1.347,0.039,0.848,-0.099
0,1,0.0,1.144,0.065,1.073,0.068,0.857,1.169,1.034,-0.011,1.093,0.037,1.073,0.382,0.799,0.728,0.562,0.068,1.229,0.11628,1.209,0.378,0.831,-0.655,1.02,0.053,0.889,0.454,1.155,0.05,0.753,0.662,0.584,0.635
1,1.43,0.0,0.961,-0.015,0.805,0.108,1.394,0.008,1.121,0.003,1.332,-0.013,0.611,0.0,1.371,0.096,1.192,0.056,0.648,0.041,0.818,0.026,0.77,-0.016,0.791,0.06,0.96974,0.052,0.896,0.006,0.886,0.099,0.97861,0.059
0,1,0.0,-0.243,0.311,0.131,0.053,0.363,0.27,0.319,0.446,0.212,-0.307,0.137,0.178,-0.111,0.278,-0.103,0.138,-0.419,0.452,-0.337,-0.057,0.441,0.386,-0.816,-0.305,0.354,-0.373,-0.505,0.099,-0.27104,-0.161,0.423,0.022
1,0.519,0,0.81,0.039,0.839,0.09,0.403,0.049,0.811,0.0,0.656,0.0,0.991,0.0,0.889,0.0,0.827,0.127,0.382,0.118,0.376,-0.019,1.067,0.0,0.913,0.183,0.596,0.137,0.514,0.104,0.439,0.188,0.333,0.16667
0,1.116,0.0,0.083,-0.005,0.066,0.008,0.0,-0.017,0.007,-0.054,0.02,-0.106,-0.006,0.073,0.049,-0.03,0.0,0.057,-0.063,0.075,-0.027,0.036,0.039,-0.003,0.008,0.005,0.104,-0.005,0.031,-0.002,0.039,0.0,0.04749,-0.03352
1,1.241,0.0,0.508,0.349,0.945,0.637,0.47564,0.807,0.01267,0.986,-0.225,1.246,-0.569,0.324,-0.479,0.215,-0.63,0.051,-0.538,-0.102,-0.381,-0.581,-0.285,-0.62,-0.027,-0.614,0.152,-0.537,0.494,-0.549,0.25,-0.157,0.625,-0.088
0,1.484,0.0,0.059,0.015,-0.035,0.055,0.014,0.06,-0.069,0.012,0.019,-0.066,-0.036,0.04310,-0.091,-0.042,-0.068,0.068,-0.06,0.06,0.024,0.02299,-0.039,-0.013,0.029,-0.004,0.005,0.021,0.031,0.008,0.014,0.009,-0.062,-0.005
1,0.86,0,0.972,-0.01,0.498,0.009,1.148,0.002,0.635,0.007,0.888,-0.012,1.053,0.037,1.268,0.014,0.871,-0.008,1.059,-0.017,0.785,0.023,0.621,0.064,0.842,-0.008,0.78041,0.009,1.004,-0.069,0.605,0.024,0.719,0.007
0,0.709,0.0,0.05,0.038,0.003,0.0,0.01997,-0.021,0.012,-0.04,-0.054,-0.015,0.014,-0.02,0.0,-0.029,-0.04708,-0.042,-0.023,0.034,0.031,0.006,0.052,-0.015,0.063,0.015,0.027,0.022,0.028,0.004,-0.028,-0.023,-0.017,0.022
1,0.668,0.0,0.468,0.268,0.363,0.415,0.171,0.591,0.016,0.253,-0.025,0.515,-0.413,0.186,-0.489,0.384,-0.51587,0.094,-0.579,-0.156,-0.136,-0.199,-0.095,-0.513,-0.338,0.002,0.023,-0.421,0.233,-0.274,0.356,-0.293,0.263,0.04233
0,0.859,0.0,0.057,0.008,0.078,-0.025,0.075,-0.094,0.12586,-0.047,0.209,-0.012,0.09,0.068,0.081,-0.132,0.299,-0.032,0.214,0.065,0.172,0.0,0.131,-0.001,0.15103,-0.083,0.075,0.009,0.094,-0.085,0.057,-0.066,0.148,-0.086
1,0.785,0.0,1.108,0.336,0.265,0.842,0.134,1.121,-0.36,0.947,-0.407,0.524,-0.398,0.0,-0.599,-0.404,-0.421,-0.591,-0.136,-0.69287,0.411,-0.431,0.664,-0.423,0.619,-0.051,0.882,0.436,0.494,0.9,0.017,0.664,-0.184,0.50457
0,1,0.0,0.015,0.007,0.049,-0.01,0.03,0.015,0.006,0.04,0.002,0.001,0.015,-0.018,-0.022,0.083,-0.048,0.017,-0.017,-0.003,0.062,-0.013,0.024,0.0,0.0,-0.016,0.018,-0.011,0.006,-0.012,-0.023,-0.016,0.01,0
1,0.879,0.0,0.448,0.001,0.55,-0.067,0.905,-0.049,0.888,0.089,0.86258,0.163,0.946,-0.036,0.551,0.03510,0.537,-0.053,1.099,-0.108,0.639,0.007,0.97,0.031,1.098,-0.018,1.169,-0.033,0.498,-0.033,0.608,-0.014,1.1,-0.095
0,1,0.0,1.043,-1.275,0.918,1.195,-0.638,0.957,0.672,-0.762,0.893,-1,-1.084,-1.492,-1.49,0.633,1.015,1.377,0.83,1.163,-0.962,0.525,1.062,-1.443,0.607,-0.58,0.764,0.545,1.023,1.416,-1.161,0.759,-1.462,0.859
1,0.655,0.0,0.717,0.564,0.208,0.886,0.108,1.41,-0.455,0.559,-0.664,0.625,-0.651,0.093,-0.885,-0.417,-0.928,-0.534,-0.167,-0.768,0.42,-1.074,0.46,-0.31,0.568,-0.318,0.914,0.21343,0.471,0.58310,0.108,0.598,-0.072,0.754
0,1,0.0,1.047,1.4,1.31,0.463,0.688,-0.665,1.189,0.705,0.028,0.024,0.508,0.578,0.0,0.0,0.535,-1,0.699,1.29,0.683,1.128,0.181,1.294,1.338,1.455,0.721,1.122,1.229,1.012,-1.238,1.242,0.0,0.0
1,1.462,0.0,1.216,0.506,0.826,0.931,0.026,1.482,-0.413,0.88,-0.82353,0.51,-1.227,0.103,-0.579,-0.404,-0.491,-0.684,-0.276,-0.937,0.333,-0.894,0.843,-0.778,0.811,-0.183,1.309,0.21876,0.77,0.357,0.125,0.916,-0.138,1.195
0,0.74,0.0,0.0,0.0,-1.431,-1.276,-1,0.882,0.0,0.0,-0.525,0.52,1.229,0.643,1.157,-0.636,0.0,0.0,0.0,0.0,-1.059,-0.565,-1,0.68,1.185,0.316,0.56,-1.317,0.0,0.0,-0.66,-1.316,-0.634,0.891
1,0.655,0.0,0.355,0.381,0.785,1.223,-0.162,0.994,-0.239,0.723,-0.947,0.277,-1,-0.156,-0.69,-0.128,-0.584,-0.558,0.554,-0.635,-0.267,-0.879,0.66,-0.166,0.405,0.0,0.925,0.625,0.861,1.184,0.22222,0.753,-0.833,1.073
0,0.0,0.0,0.0,0.0,0.0,0.0,0.0,0,0.0,0.0,0.0,0.0,0.0,0.0,0.0,0.0,0.0,0.0,0.0,0.0,0.0,0.0,0.0,0.0,0.0,0.0,1.122,0.0,0.0,0.0,0.0,0,0.0,0.0
1,0.532,0.0,0.598,0.0,1.098,0,0.738,0.635,0.742,0.0,0.592,0.132,0.462,0.14210,0.941,0.149,0.903,0.336,0.918,0.482,0.798,0.0,0.709,-0.146,0.486,0.663,1.014,0.216,0.634,0.153,1.029,0.248,0.797,0.27
0,0.0,0.0,-0.719,1.438,1,1.27,0.0,0.0,1.047,-1.311,0.856,-0.732,0.888,-1.173,-0.739,-1.186,0.0,0.0,-1.181,-1.325,0.0,0.0,0.0,0.0,-1,-0.515,0.663,-0.568,0.701,1.344,-0.526,-1.212,0.0,0.0
1,0.5,0.0,1.404,0.0,1.371,0.0,0.346,0.1,1.181,-0.16,1.262,-0.159,1.494,-0.124,0.436,0.0,0.775,0.0,1.159,-0.057,0.668,-0.061,0.584,-0.15,0.928,0.0,1.09,-0.049,1.019,0.11111,1.327,-0.153,1.036,0
0,0.0,0.0,0,0.0,0.0,0.0,0.0,0.0,0.0,0.0,0.0,0.0,-1.178,-0.565,0.0,0.0,0.823,0.75000,0.0,0.0,0.0,0.0,-0.922,1.106,0.0,0.0,1.412,-1.066,-0.585,-1.383,1.31,0.949,0.0,0.0
1,1,0.0,0.926,0.431,1.359,-0.432,0.726,0.092,1.126,-0.074,0.96,0.0,1.215,-0.172,1.242,-0.127,1.339,0.06,0.521,0.0,1.463,-0.344,0.948,0.109,0.923,-0.049,1.097,-0.059,1.32,0.3,1.302,-0.152,1.163,-0.18182
0,1.16,0.0,0.849,-0.732,0.0,0.0,0.0,0.0,0.295,0.262,0.42803,0.409,-0.082,0.438,0.361,0.281,-0.802,0.341,0.144,-0.083,0.01,-0.438,-0.574,0.225,0.33,-0.197,0.21,-0.782,0.492,0.165,0.18182,-0.025,0.253,-0.394
1,1,0.0,0.553,0.095,0.682,0.254,1.221,0.257,0.831,0.052,1.165,0.273,0.588,0.101,0.677,0.445,1.023,-0.049,1.215,-0.155,1.429,0.254,0.676,0.6,1.355,-0.099,1.455,0.271,0.729,0.054,1.435,0.303,1.241,0.23529
0,1,0.0,0.0,0.0,-1,-0.373,1.476,0.7,0.116,-0.335,-1.03,-0.444,0.158,-0.646,0.952,-0.857,0.0,0.0,0.916,-0.088,-0.325,1.347,0.189,-0.833,0.0,0.0,-0.107,-0.461,-0.222,-0.347,0.888,1.087,-0.839,0.387
1,1,0.0,1.178,0.211,0.724,-0.109,0.578,0.335,0.564,-0.091,1.151,0.053,0.555,0.112,0.829,0.0,0.523,0.04,1.471,0.056,0.595,-0.096,0.888,0.16667,0.857,-0.122,0.989,0.051,1.325,0.263,0.511,0.0,1.045,0.028
0,0.928,0.0,0.222,-0.105,0.0,0.0,0.0,0.0,0.0,0.0,0.0,0.0,0.15,-0.237,0.0,0.0,0.0,0.0,0.0,0.0,0.0,0,-0.058,-0.096,0.07853,0.075,0.136,-0.061,0.086,0.068,0.019,-0.041,0.16,0.186
1,0.976,0.0,0.921,-0.12,1.098,-0.108,0.548,-0.246,0.871,-0.457,1.398,-0.492,1.164,-0.292,0.756,-0.566,0.516,-0.952,1.014,-0.393,0.432,-0.879,0.58829,-0.812,0.525,-0.509,0.37,-0.87,0.45,-1.195,0.181,-0.88846,0.349,-0.507
0,1,0.0,0.922,1.055,-0.968,1.326,-1.185,-1.17,0.22,0.12,0.232,0.098,0.146,0.037,0.344,0.455,0.596,-0.05,0.254,0.481,0.0,0.0,-0.358,-0.189,0.672,-0.66667,0.929,-1.362,1.394,-0.216,0.469,0.145,1.054,0.04
1,0.759,0.0,0.599,0.281,0.821,0.003,0.959,-0.192,0.89919,-0.179,0.73,-0.142,0.791,-0.238,1.012,-0.204,0.65,-0.387,0.603,-0.563,0.56,-0.423,0.732,-0.292,0.167,-0.274,0.169,-0.402,0.12777,-0.412,0.105,-0.701,0.199,-0.648
0,0.0,0,-1.274,1.161,1.159,-0.712,0.0,0.0,0.0,0.0,0.655,-0.842,1.068,1.443,0.0,0.0,1.244,-0.871,0.0,0.0,0.0,0.0,1.462,0.699,-0.869,1,0.607,-0.547,-0.957,1.492,-1.406,-1.22,0.0,0.0
1,1.478,0,1.015,-0.226,0.976,-0.252,1.069,-0.255,0.415,-0.181,1.058,-0.405,0.789,-0.563,0.829,-0.321,0.26,-0.622,0.17,-0.527,0.553,-0.54172,0.419,-0.619,0.198,-0.498,0.05,-0.512,-0.075,-0.709,-0.026,-0.721,-0.072,-0.432
0,0.683,0.0,-0.705,-0.881,-0.305,1.482,1.216,-1.073,1.32,0.514,0.0,0.0,0.31,-1.026,1.409,0.759,0.0,0.0,1.189,1,0.791,1,0.0,0.0,-0.476,0.931,0.485,-1.086,1.312,-0.566,0.631,-0.721,0.253,1.171
1,0.868,0.0,0.623,0.533,0.445,0.645,0.141,0.689,-0.249,0.88186,-0.923,0.719,-0.93882,0.255,-0.626,-0.227,-0.673,-0.794,-0.33,-0.721,0.238,-0.763,0.513,-0.42,0.669,-0.266,0.826,0.105,0.651,0.218,0.164,0.424,-0.005,0.827
0,1.214,0.0,0.636,1.499,0.0,0.0,0.565,-1.404,-0.582,-1.185,1.317,0.965,1.431,-1.498,0.0,0.0,1.157,-0.799,0.56,0.731,0,0.0,1.347,-1.229,-0.525,-0.994,1.447,0.859,-1.387,0.831,-1,0.643,0.0,0.0
1,1.306,0.0,1.341,0.366,1.355,0.799,0.584,1.362,-0.456,0.753,-0.857,0.889,0.0,1.13,-1.265,1,-0.634,0.0,-0.584,-0.716,-1.073,-0.588,-1,-0.468,-0.23,-1.209,0.272,-0.747,0.728,-1.202,0.0,-0.839,0.831,-0.974
0,0.0,0.0,-1.122,1.168,-1.09,-0.964,0.0,0.0,-1.496,1.064,0.819,-0.778,-1.192,-0.599,-1.394,0.611,0.0,0,-0.709,-0.917,-1.43,1.424,0.0,0.0,1.343,-1.204,0.518,1,1.371,-0.941,0.971,0.845,0.0,0.0
1,1,0.0,1.186,0.084,0.649,0.121,1.271,0.239,1.476,-0.185,1.163,0.463,1.181,0.278,1.407,0.314,-0.263,0.515,0.989,0.0,1.098,0.92001,1.438,1.325,1.284,0.587,1.311,1.073,0.888,0.262,0.719,0.536,1.326,0.722
0,0.0,0.0,-1.212,-0.663,0.0,0.0,0.0,0.0,0.0,0.0,0.0,0.0,0.0,0.0,1.181,-0.513,0.0,0.0,-1.154,-0.783,0.0,0.0,1.392,0.739,1.371,-1,0.732,-0.526,0.0,0.0,0,0.0,0.0,0.0
1,1.428,0.0,0.639,-0.045,0.594,-0.143,-0.13129,-0.203,0.272,0.031,0.383,-0.362,0.29,-0.187,0.034,-0.229,0.18,-0.159,0.076,-0.173,0.106,-0.238,0.093,-0.371,0.036,-0.353,-0.0,-0.221,-0.023,-0.298,-0.026,-0.106,0.012,-0.27201
0,0.537,0.0,0.0,0.0,0.0,0.0,0.0,0.0,0.0,0.0,1.126,-0.33333,0.185,0.228,0.0,0.0,0.0,0.0,0.0,0.0,-0.114,-0.198,-0.16667,1.217,-1.178,0.737,0.03,0.711,-0.335,-1.31,-0.118,-0.321,-0.219,-0.667
1,0.909,0.0,0.612,0.068,1.251,0.065,0.878,0.151,1.226,-0.144,0.393,0.745,0.80426,0.364,1.05,0.399,0.343,0.285,0.76,0.29304,0.665,0.367,0.681,0.183,0.572,0.185,0.306,0.278,0.317,0.224,0.287,0.281,0.265,0.146
0,1.309,0.0,1.008,-0.103,-1.214,-0.846,-0.927,-0.753,0.893,0.435,0.967,0.481,-0.73,-1,-1.002,1.415,0.542,0.647,1.332,0.808,0.726,-1.281,-0.662,-1,1.165,0.428,0.802,1.355,1.438,0.599,-0.621,-0.23,-0.771,0.384
1,1.174,0.0,0.93669,-0.002,0.771,0.593,1.197,-0.41,0.557,0.248,1.126,0.073,0.523,0.063,0.612,0.05097,0.948,-0.216,1.258,-0.092,0.917,0.31,0.763,-0.034,1.113,-0.018,0.963,-0.013,0.976,0.08,0.462,-0.067,0.648,-0.187
0,0.62,0.0,1,-0.95,1.036,1.191,0.782,0.589,1.094,-0.583,0.621,1.49,1.039,0.684,1,0.728,0.0,0.0,1.111,0.582,0.964,0.616,1.288,-0.96,1.102,0.837,1.012,0.727,1.224,-0.381,-0.802,0.859,0.784,1.462
1,0.746,0.0,0.979,0.116,1.0,-0.911,1.321,-0.101,0.963,0.122,1.396,0.254,1.031,-0.064,0.761,0.078,1.252,-0.22,1.087,-0.218,0.983,0.044,0.99624,0.061,0.896,-0.017,1.209,-0.036,0.52,0.041,0.882,-0.106,0.674,-0.11717
0,1.403,0.0,0.532,-1.318,-0.732,-0.777,-0.052,0.594,1.237,1.145,0.874,-0.464,-0.703,-0.931,-0.09677,1.157,0.525,0.441,0.187,-0.361,-0.206,-0.139,-0.126,0.093,0.025,0.062,0.029,-0.014,-0.003,-0.018,-0.00761,0.001,0.0,0.003
1,0.774,0,0.558,0.327,0.759,-0.158,1.372,-0.08,1.039,-0.059,0.973,0.174,0.911,0.018,0.5,0.026,1.179,-0.098,1.015,0.09,0.965,0.002,0.61,0.415,0.774,-0.18,1,-0.003,0.397,0.047,0.556,-0.124,1.405,-0.075
0,0.0,0.0,0.0,0.0,0.0,0.0,0.0,0.0,0.0,0.0,0.0,0.0,1.216,0.706,1,1.436,1.141,-1,0.0,0.0,1.352,0.964,0.662,-1.417,1.11,1.093,1.443,0.0,0.608,0.742,1.268,-0.598,0.0,0.0
1,1,0.0,0.877,-0.162,0.504,-0.358,1.404,-0.51,0.632,-0.383,1.303,-0.606,0.9,-0.267,0.47,-0.414,0.92,-0.694,0.434,-0.512,0.646,-1.005,0.592,-0.71,0.447,-0.396,0.209,-0.927,0.387,-0.78239,0.17,-0.455,0.199,-0.664
0,1.212,0.0,0.0,0.0,0.0,0,0.0,0.0,-0.907,-0.773,0.0,0.0,0.839,-0.808,0.0,0,-0.929,-1.194,-0.734,-1.338,1.43,-1.147,-0.702,-0.885,0.927,1.393,-0.894,-0.281,0.749,-0.879,0.0,1.304,0.0,0.0
1,1.151,0.0,1.303,0.051,1.165,-0.091,1.008,0.0,1.321,0.0,0.794,0,0.741,0.061,1.142,-0.026,1.242,0.0,1.401,0.0,1.126,0.133,0.419,0.09091,0.921,0.057,0.577,0.037,1.004,0.046,1.049,-0.115,0.551,0.024
0,0.0,0.0,0.0,0.0,-0.922,0.828,1.112,0.813,-1.138,-0.739,0.0,0.0,-0.637,-0.519,-1.253,-0.331,-0.972,-1.254,1,-0.549,1.256,-1.452,0.0,0.0,1.068,-1.007,-0.544,-0.806,0.0,0.0,1.172,-1.223,0.0,0
1,0.582,0.0,0.555,-0.096,0.97059,0.209,0.789,0.093,1.084,-0.02941,1.325,-0.113,1.195,0.195,1.325,0.033,0.861,0.0,1.063,0.0,0.888,0.101,0.712,0.017,0.92,0.033,0.996,0.028,1.044,-0.151,1.137,0.08,0.471,0.046
0,1,0,-0.995,0.511,-0.653,0.184,0.277,0.618,-1.499,1.257,-0.585,-0.925,1.023,1.333,-1.439,-0.26,0.341,-1.363,0.539,0.801,-0.317,-1.155,-0.745,-0.803,0.919,-0.549,-1.429,-0.04,1.246,-0.535,-0.947,-0.239,0.108,1.271
1,1.322,0.0,0.334,-0.059,0.986,0.01,0.667,0.027,0.982,-0.054,0.361,0.0,0.736,0.041,0.841,0.06,1.066,0.517,0.877,0.034,0.773,0.089,0.657,0.098,0.42105,0.217,0.524,0.129,0.518,-0.206,0.607,0.122,0.486,0.09719
0,0.547,0.0,-0.004,-0.431,0.0,0.0,-0.021,1.319,0.0,0.0,0.0,0.0,0.0,0.0,0.0,0.0,0.0,0.0,0.31410,1.176,-0.402,0.818,-0.322,-0.829,0.0,0.0,-0.525,-0.352,0.0,0.0,0.0,0.0,0.0,0
1,1.086,0.0,0.803,0.54,1.483,0.405,0.645,0.699,1.102,-0.073,1.3,0.0,1.095,-0.564,0.88,0.173,1,-0.63636,1.228,-0.198,0.469,-0.271,1.097,0.075,0.787,-0.121,0.949,0.122,1.381,0.518,0.739,0.842,0.525,0.22
0,0,0.0,-1.264,-0.535,1.219,-0.712,-0.534,0.638,0.0,0.0,1.156,-1.485,1.208,-0.784,0.0,0.0,0.0,0.0,0.0,0.0,-1.498,0.85,0.733,-1.426,-1.214,0.925,1.343,0.737,0,0.0,1.148,0.629,0.0,0.0
1,0.643,0.0,0.421,0.12,0.38,0.126,0.151,0.094,0.624,0,0.496,-0.06,0.45455,-0.076,0.564,-0.019,0.826,-0.163,0.657,0.0,0.29,-0.084,0.29,0.118,0.304,-0.056,0.433,-0.011,0.275,0.0,0.383,0.0,0.347,-0.025
0,1,0.0,-1,-0.661,0.0,0.0,-1.316,0.949,-1.301,1.465,0.0,0.0,0.0,0.0,0.0,0.0,0.0,0.0,0.0,0.0,-1.149,-1.259,0.0,0.0,0.425,0.335,1.476,0.642,0.0,0.0,0.0,0.0,0.0,0.0
1,0.808,0.0,1.281,0.144,0.681,0.71429,0.766,0.521,1.456,-0.168,0.541,-0.128,1.002,0.013,1.423,0.0,0.391,-0.202,0.734,0.034,1.283,-0.292,0.753,0.0,0.337,-0.229,0.621,0.031,1.371,0.032,0.992,0.312,1.465,0
0,0,0.0,1,0.939,1.44,-1.055,0.807,0.851,0.527,1.477,1.189,1.355,0.846,-0.633,1.081,1.332,0.927,-1.103,1.077,-0.982,1.214,0.647,1.405,1.144,0.662,-1.121,1.188,1.309,0.713,0.771,0.755,0.708,0.662,0.99
1,1.164,0.0,1.104,0.477,0.33,0.878,0.135,0.95275,-0.445,1.207,-0.506,0.637,-1.081,0.161,-1.205,-0.237,-0.355,-0.424,-0.185,-1.215,0.212,-0.676,0.51557,-0.597,0.769,-0.154,0.805,0.138,0.582,0.235,0.335,0.322,-0.057,0.302
0,0.0,0.0,0.582,-0.972,0.62,1,1.393,-1.036,0.508,1.228,0.589,-0.616,1.16,-1.191,0.784,-0.728,0.792,0.964,1.063,0.782,0.761,0.698,0.896,-0.504,1.161,1.012,0.657,1.49,1.224,0.837,1.455,0.914,1.051,-1
1,1.172,0.0,0.999,0.055,0.614,0.139,0.808,0.139,1.035,0.365,0.783,0.578,0.769,0.40552,0.929,0.473,0.721,0.623,0.618,0.752,0.379,0.421,0.251,0.651,0.391,0.379,0.353,0.569,0.28,0.507,0.107,0.639,0.09,0.46571
0,0.0,0.0,1.318,0.594,0.855,-0.589,1,-0.932,0.844,1.343,0.0,0.0,1.111,-1.316,0.0,0.0,0.0,0.0,0.0,0.0,-0.796,1.179,1.051,1.372,0.0,0.0,1.405,0.938,0.0,0.0,-0.676,-1.167,0.0,0
1,0.706,0.0,0.619,0.106,0.88,0.217,1.188,0.292,0.485,0.636,0.433,0.635,0.596,0.638,0.73,0.84,0.544,0.695,0.247,0.638,0.13712,1.213,0.004,1.088,-0.057,0.535,-0.11,1.05,-0.33169,0.397,-0.522,0.534,-0.395,0.559
0,0.0,0.0,1.352,-0.847,-0.877,1.255,-1.233,1,1.425,1.333,0.703,0.781,-1.371,-1.443,-1.093,-1.022,1.32,1.268,0.873,-0.887,-1.405,-0.964,-0.608,-0.681,0.539,0,1.452,-0.588,1.484,-1.317,-0.569,1.11,-0.814,0.606
1,1.07,0.0,1.132,0.095,0.454,0.348,0.686,0.235,0.463,0.283,0.362,0.402,0.367,0.612,0.277,0.352,0.215,0.723,-0.131,0.57500,-0.031,0.39,-0.056,0.628,-0.112,0.377,-0.175,0.176,-0.326,0.321,-0.311,0.237,-0.184,0.31154
0,0,0.0,1,-1.194,0.637,0.835,0.953,-1.212,0.929,1.147,1.304,-1.304,1.151,0.885,1.133,-1.262,1.305,-0.894,0.638,0.591,0.927,0.839,1.321,-1.052,0.785,-1.261,1.242,-0.675,0.849,1.214,1.492,-0.705,0.527,1.221
1,1,0.0,1.223,0.145,0.478,0.102,0.643,0.252,0.89009,0.41,0.973,0.458,0.702,0.676,0.379,0.824,0.734,0.671,0.349,0.52,0.279,0.567,0.479,1.106,0.277,0.439,0.219,0.986,0.056,1.011,-0.024,0.994,-0.104,1.001
0,0,0.0,0.0,0.0,0.544,0.922,0.0,0.0,0.637,1.237,0.0,0.0,1.061,-0.806,0.0,0.0,0.0,0.0,0.0,0.0,0.0,0,0.0,0.0,0.0,0.0,0.828,-1.059,0.0,0.0,-1.015,0.944,0.0,0.0
1,1.023,0.0,1.066,0.15,1.027,0.329,0.858,0.499,0.565,0.334,0.415,0.4,0.372,0.9,0.254,0.74,0.098,0.9,0.027,1.015,-0.122,0.76969,-0.17,0.528,-0.422,0.709,-0.236,0.799,-0.503,0.327,-0.654,0.521,-0.533,0.35095
0,0,0.0,0.0,0.0,0.549,1.282,1.499,1.246,0.0,0.0,0.0,0.0,-1.106,-1.066,0.0,0.0,-1.266,-0.585,0.0,0.0,0.0,0.0,1,1.209,0.0,0.0,0.922,0.539,0.0,0.0,-0.935,0.745,0.0,0.0
1,1.319,0.0,1.18,0.38138,0.578,0.672,0.154,0.519,-0.063,0.985,-0.379,1.013,-0.817,0.645,-0.996,0.297,-1.044,-0.058,-0.503,-0.264,-0.471,-0.544,-0.194,-0.342,0.09562,-0.334,0.169,-0.695,0.366,-0.31,0.485,-0.118,0.433,0.148
0,0.0,0.0,0.861,-1,0.743,1.063,1.378,1.086,1.381,1.082,0.719,1.231,0.885,-0.787,1.099,0.767,0.803,1.383,1.372,-1.424,0.597,-1,0.558,-1.356,1.382,-1.451,1.323,1.041,1.099,-0.818,0.773,0.687,0.973,0.511
1,1,0.0,0.698,-0.531,1.061,0.113,1.181,0.189,0.703,0.042,0.737,0.252,0.457,0.386,0.831,0.363,0.256,0.225,0.706,-0.021,0.659,0.227,0.614,0.325,1.17,0.356,0.353,0.715,0.098,1,0.324,0.709,0.315,0.696
0,0,0.0,0.0,0.0,0.0,0.0,0.0,0.0,0.0,0.0,0.0,0.0,0.0,0,0.0,0.0,0.0,0.0,0.0,0.0,0.0,0.0,0.0,0.0,0.0,0.0,0.535,1.219,0.0,0.0,0.0,0.0,0.0,0.0
1,1,0.0,1.393,0.006,1.436,-0.003,1.338,0.004,1.101,0.023,1.301,0.021,0.786,0.051,0.967,0.023,1.287,0.102,0.603,-0.007,0.637,0.068,0.843,0.084,0.519,0.097,0.526,0.051,1.372,0.006,0.817,0.043,1,-0.003
0,0.0,0.0,1.456,1.494,-1.09,-0.992,-1.318,-0.542,0.0,0.0,0.0,0.0,-1.44,-0.641,0.0,0.0,0.0,0,0.0,0.0,-0.909,1.316,1,1.256,0.0,0.0,1.275,-1.283,0.0,0.0,-0.514,-1.279,-0.643,-0.546
1,1.002,0,0.613,-0.201,0.72,0.018,0.548,0.012,0.44,0.009,0.498,0.045,0.92,0.039,0.873,0.053,0.416,0.038,0.63403,-0.035,0.906,0.097,0.743,0.068,0.53,0.248,0.485,0.109,0.518,0.077,0.608,0.066,0.387,0.079
0,1,0.0,0.411,1.121,1.324,-0.503,1.199,0.043,1.002,0.158,0.957,0.435,0.444,0.104,0.508,0.188,0.95,-0.325,0.70736,0.238,0.609,0.266,0.715,0.552,1.022,-0.282,0.761,0.283,0.574,0.406,0.851,-0.076,0.435,0.281
1,0.621,0.0,0.725,-0.061,0.582,-0.327,1.036,-0.827,0.496,0.042,0.558,-0.475,1.191,-0.078,0.611,-0.699,0.634,0.02,0.9,-0.069,0.943,-0.19938,0.859,0.328,0.81,-0.156,0.932,-0.277,0.401,0.03,0.87492,-0.197,1.039,-0.446
0,1,0.0,0.536,0.183,0.288,0.098,0.369,0.314,0.23346,0.087,0.098,0.243,0.301,0.289,0.082,0.269,-0.039,0.483,0.059,0.22,0.265,0.095,0.059,0.348,-0.022,0.162,-0.045,0.276,-0.149,0.195,-0.074,0.305,-0.147,0.27
1,1.403,0.0,0.829,-0.03175,0.643,-0.032,0.433,-0.009,0.65,0.035,0.74,0.089,0.59127,-0.029,0.676,0.008,0.487,0.025,0.707,0.009,0.453,-0.036,0.794,0.046,0.342,0.037,0.808,-0.01,0.887,-0.127,0.906,-0.016,0.734,-0.033
0,0.774,0.0,0.053,-0.18,-0.061,0.073,0.057,-0.017,-0.016,0.104,0.06,0.0,0.063,-0.09,0.05,0.0,0.01970,-0.022,-0.106,-0.177,0.077,0.01478,0.053,0.031,0.063,0.096,0.395,-0.051,-0.069,-0.062,0.061,0.073,0.097,-0.057
1,1.352,0.0,0.415,0.145,0.617,-0.054,0.855,0.023,0.631,0.002,0.777,0.094,0.531,-0.002,0.983,0.095,1.186,-0.21,0.942,-0.077,0.902,-0.009,0.765,0.11745,0.813,-0.058,0.855,-0.01673,0.858,0.033,0.522,-0.05,0.396,-0.062
0,1,0.0,0.178,0.356,0.0,0.0,-0.322,-1.236,0.0,0.0,0.107,-0.065,0.0,0.0,0.0,0,0.0,0.0,0.0,0.0,0.005,0.4,-0.101,0.319,-0.106,0.518,0.079,-1.416,0.0,0.0,0.051,-0.728,0.0,0.0
1,1,0.0,0.88103,-0.008,1.284,-0.016,1.227,-0.026,1.221,-0.108,0.735,-0.146,0.826,0.013,0.804,-0.146,0.653,-0.067,0.762,-0.017,0.942,-0.114,0.67,-0.108,1.256,-0.207,1.013,-0.178,0.782,-0.099,1.034,-0.155,0.542,-0.204
0,1.462,0.0,0.53,-0.507,0.0,0.0,0.0,0.0,0.313,0.51042,0.743,0.027,0.0,0.0,0.0,0.0,0.207,-0.246,0.622,-0.239,0.0,0,0.0,0.0,1.263,-0.235,-0.741,-0.527,-0.369,-1.02,0.0,0.0,0.0,0.0
1,0.724,0.0,1.06,0.02,1.25,0.011,0.683,0.013,0.463,-0.10223,0.726,-0.096,1.138,-0.011,0.879,-0.082,1.08,-0.056,1.123,-0.031,1.109,-0.142,0.88907,-0.123,0.544,-0.151,0.87,-0.075,1.054,-0.189,0.458,-0.063,0.881,-0.067
0,0.974,0.0,0.0,0.0,1.161,0.067,0.951,-0.025,0.0,0.0,1.231,-0.597,1.11,0.168,0.638,-0.058,1.122,-0.699,0.0,0.0,1,-0.051,1.189,-0.196,0.0,0.0,1.417,-1.063,0.0,0,1.356,0.125,0.71,-0.112
1,1.155,0.0,0.475,0.049,0.941,-0.002,0.571,0.007,0.778,-0.061,0.701,0.0,0.863,-0.101,1.087,0.003,0.423,-0.05,0.436,-0.095,0.728,-0.052,0.779,-0.072,0.77000,-0.038,1.017,-0.118,0.539,-0.077,0.81429,-0.06,0.817,-0.113
0,1,0.0,0.0,0.0,0.0,0.0,0.0,0.0,0.0,0.0,0.0,0.0,-1.444,0.801,1.034,0.649,0.0,0.0,0.0,0.0,0,0.0,0.0,0.0,0.0,0.0,0.531,0.935,0.0,0.0,0.0,0.0,0.0,0.0
1,1.082,0.0,0.53,0.022,0.353,-0.099,0.668,-0.056,0.256,0.106,0.44675,0.072,0.306,-0.116,0.445,-0.032,0.664,-0.079,0.762,-0.012,0.554,-0.037,0.457,-0.015,0.616,0.0,0.454,-0.025,0.31,0.02,0.374,-0.03,0.746,-0.08571
0,0,0.0,0.0,0.0,0.0,0.0,0.0,0.0,0.0,0.0,0.0,0.0,0.0,0.0,0.0,0.0,0.0,0.0,0.0,0.0,0.0,0.0,0.0,0.0,0.0,0.0,1,-0.803,0.0,0.0,0.0,0.0,0.0,0.0
1,1.257,0.0,1.148,0.309,0.712,0.183,0.25000,0.618,0.204,1.207,-0.19,1.205,-0.473,0.703,-0.612,0.241,-0.541,0.125,-0.196,0.007,-0.275,-0.11,-0.197,-0.082,-0.057,-0.12744,-0.016,-0.095,0.006,-0.077,0.028,-0.062,0.03,-0.017
0,1.407,0.0,0.0,0.0,0.0,0.0,0.833,1.062,-1,-1.198,0.0,0.0,0.925,-0.088,0.0,0.0,0.0,0.0,-1,0.597,0.516,1.365,1.383,-0.981,0.0,0.0,0.652,-0.636,0.0,0.0,0.0,0.0,0.614,1.075
1,0.731,0.0,1.093,0.231,0.741,0.986,0.4,0.47,-0.053,1.335,-0.531,0.508,-0.70561,0.641,-0.753,0.28,-1.163,-0.165,-0.775,-0.308,-0.522,-0.921,-0.192,-0.619,0.093,-0.724,0.507,-0.66,0.666,-0.394,0.666,-0.066,0.315,0.16645
0,0.802,0.0,0.0,0.0,0.0,0.0,0,0.0,-1.44,0.734,0.0,0.0,0.992,0.281,-0.082,-0.097,0.0,0.0,-1.283,-0.631,0.0,0.0,0.766,-1.174,0.0,0.0,1.002,0.29,0.0,0.0,0.0,0.0,0.0,0
1,0.713,0.0,0.625,0.444,0.481,1.091,0.125,0.611,-0.237,1.233,-0.69,0.606,-0.801,0.177,-1.122,-0.056,-1.012,-0.531,-0.362,-0.789,-0.111,-0.544,0.296,-0.513,0.526,-0.55910,0.978,-0.24433,1.044,0.11,0.492,0.575,0.262,0.571
1,0.598,0.0,0.385,0.032,0.09,0.21278,0.093,0.495,-0.221,0.92324,-0.142,0.215,-0.79,0.248,-1.096,-0.033,-0.075,-0.11,-0.334,-0.519,-0.122,-0.936,0.035,-0.217,0.147,-0.074,0.38,-0.101,0.189,-0.167,0.191,0.138,0.161,0.299
1,1,0.0,0.491,0.241,0.787,0.758,0.072,0.624,-0.189,1.164,-0.51,0.453,-1.061,0.233,-0.854,-0.233,-0.628,-0.384,-0.188,-0.577,0.111,-0.452,0.467,-1.079,0.626,-0.217,0.86,0.073,0.521,0.603,0.37542,0.834,-0.046,0.401
1,1.078,0.0,0.629,-0.031,0.825,0.007,0.707,-0.09,0.911,0.00963,0.439,-0.073,0.842,0.076,0.433,-0.11,0.522,0.121,0.396,0.0,0.707,0.119,0.5,0.03,0.452,0.109,0.748,0.016,0.595,0.042,0.579,-0.013,0.458,-0.09146
1,1.167,0.0,1.046,-0.017,0.855,0.045,0.673,0.152,0.542,0.086,0.54,0.259,0.656,0.006,0.92,0.304,1.174,0.06066,0.515,0.069,0.633,0.034,0.265,-0.263,0.86,-0.168,0.527,0.07124,0.209,0.114,0.692,0.07,0.441,0.285
1,0.598,0.0,0.753,0.105,0.41,0.024,0.6,0.019,0.553,-0.103,0.476,0.067,1.062,0.034,0.661,0.048,0.586,-0.124,0.832,0.108,0.529,0.059,0.729,0.098,0.581,-0.054,0.443,0.08767,0.517,0.25692,0.698,0.13,0.536,0.126
1,0.877,0.0,0.578,0.08,0.741,0.002,0.686,0.004,0.48,0.118,1.025,0.054,0.998,0.004,1.165,0.004,0.63,-0.156,0.77935,-0.031,0.464,0.005,1.023,0.01,1.049,-0.052,0.774,0.011,0.904,0.11598,0.888,0.007,0.918,0.009
1,1,0.0,0.543,0.0,0.195,0.143,0.305,0.081,0.664,-0.055,0.313,-0.12609,0.653,0.051,0.437,0.02,0.338,0.144,0.588,0.198,0.529,-0.031,0.354,-0.091,0.671,-0.007,0.394,0.061,0.413,0.042,0.349,0.093,0.407,0.108
1,0.953,0.0,0.991,0.087,0.527,0.185,0.71628,0.179,0.828,0.434,0.465,0.418,0.864,0.477,0.641,0.737,0.197,0.886,0.359,0.776,0.117,0.859,0.024,0.381,-0.081,0.63183,-0.137,0.802,-0.101,0.73,-0.214,0.586,-0.174,0.361
1,1,0.0,1.462,0.128,0.507,0.186,1.235,0.414,1.01,0.715,0.554,0.607,0.728,0.901,0.46,0.958,0.15,1.032,0.296,0.808,0.097,0.518,-0.009,0.888,-0.15144,0.614,-0.244,0.493,-0.308,0.694,-0.416,0.314,-0.31,0.347
1,1.117,0,1.185,0.141,0.923,0.254,0.875,0.504,0.643,0.637,0.354,0.609,0.38,0.855,0.196,1.154,0.113,0.507,-0.097,0.91,-0.111,0.948,-0.237,0.881,-0.336,0.477,-0.565,0.211,-0.274,0.336,-0.619,0.177,-0.253,0.05972
1,0.801,0.0,1.353,0.207,1.05,0.211,0.858,0.401,0.888,0.866,0.808,0.984,0.284,0.427,0.225,1.062,0.17,1.008,-0.009,1.017,-0.224,0.769,-0.322,0.82492,-0.476,0.449,-0.383,0.713,-0.414,0.581,-1.084,0.544,-0.747,0.26092
1,0.801,0.0,0.751,0.188,0.794,0.452,0.908,0.245,0.872,0.73,0.336,0.732,0.36100,0.988,0.1,0.517,0.002,1.278,-0.181,0.83,-0.197,0.751,-0.545,0.891,-0.668,0.29,-0.60328,0.495,-0.75,0.255,-0.608,0.08,-0.477,0.054
1,1.245,0.0,0.742,0.21106,0.34,0.421,0.504,0.574,0.18,0.262,0.182,0.703,-0.076,0.263,0.0,0.502,-0.241,0.451,-0.523,0.205,-0.31,0.1,-0.535,0.073,-0.389,-0.037,-0.33942,-0.107,-0.151,-0.283,-0.16,-0.174,-0.158,-0.343
1,1.063,0.0,0.648,-0.843,0.66,0.411,0.583,0.064,0.768,0.117,0.268,0.144,0.544,0.162,0.883,0.102,0.577,0.238,0.667,0.109,0.635,0.191,0.593,0.08,0.398,0.38,0.49013,0.288,0.569,0.394,0.597,0.319,0.592,0.29942
1,1,0.0,1.188,0.108,0.433,-0.097,0.657,0.122,0.515,0.013,0.697,-0.042,0.958,0.138,0.762,0.029,0.391,-0.046,0.765,0.133,0.375,0.107,0.448,0.084,0.713,0.463,0.454,0.185,0.167,0.206,0.533,0.283,0.744,0.15180
1,0.85,0.0,0.506,0.035,0.704,-0.017,0.604,-0.018,0.727,-0.055,0.424,-0.114,0.621,-0.06,0.808,-0.04,0.25,0.042,0.766,0.02,0.446,-0.059,0.53430,-0.106,0.474,-0.242,0.632,-0.121,0.52613,-0.115,0.54,-0.061,0.513,-0.062
1,1.316,0.0,1.198,0.049,1.387,-0.005,1.192,-0.00722,1.253,-0.026,1.184,0.019,1.032,-0.018,0.53,-0.015,1.449,0.011,0.558,-0.122,0.932,-0.013,1.332,-0.036,0.794,0.027,0.841,-0.018,1.476,-0.05843,0.597,-0.04,0.77,-0.027
1,1.09,0.0,0.702,-0.112,0.537,-0.176,0.651,-0.534,0.397,0.091,0.346,-0.312,0.739,0.082,0.58,-0.156,0.231,0.09,0.32,-0.209,0.8,0.215,0.42268,0.105,0.906,0.2,0.318,-0.118,0.15464,-0.169,0.471,0.052,0.309,-0.471
1,1,0.0,0.755,-0.052,0.771,0.022,0.549,0.289,0.463,-0.007,0.677,0.052,0.736,-0.274,0.469,0.778,0.764,0.112,0.42,0.161,0.857,-0.25404,0.997,0.081,0.785,0.302,0.502,0.203,0.822,0.076,0.778,0.272,0.533,0.396
1,1.174,0.0,0.50112,-0.029,0.903,0.01,0.808,0.009,0.863,0.021,0.748,-0.006,0.71,-0.034,0.719,0.013,0.755,0.029,0.658,-0.042,0.627,0.107,0.339,-0.024,0.553,0.026,0.556,0.008,0.606,-0.024,0.708,0.09,0.384,-0.08090
1,1,0.0,0.921,-0.008,0.729,-0.046,0.46,-0.058,0.483,0.084,0.418,0.092,0.556,0.097,0.609,-0.028,0.522,-0.068,0.529,-0.12,0.329,0.182,0.306,0.181,0.305,-0.032,0.278,0.0,0.31392,-0.099,0.573,-0.114,0.208,-0.041
1,1,0.0,0.667,0.101,0.388,0.031,0.693,0.1,0.615,-0.00494,1.028,0.092,0.789,0.037,0.489,0.134,0.515,-0.206,1.031,-0.083,0.339,0.008,0.572,0.078,0.881,-0.073,0.801,-0.026,0.7,0.026,0.711,-0.064,0.671,-0.047
1,1.3,0.0,0.589,-0.019,0.522,0.03,0.446,-0.058,0.531,0.049,1.016,-0.07797,0.608,-0.025,0.316,0.067,0.602,0.139,0.659,-0.033,0.638,0.005,0.678,-0.032,0.71,-0.042,0.69,0.011,0.58644,-0.002,0.405,-0.024,0.296,0.08
1,1.179,0.0,0.478,0.131,0.311,0.065,0.34951,0.0,0.534,-0.026,0.438,0.016,0.464,0.067,0.406,0.004,0.662,-0.056,0.254,0.004,0.232,0.049,0.195,0.336,0.241,-0.077,0.203,0.027,0.39320,0.204,0.24,0.0,0.462,-0.016
1,1,0.0,1.24,0.015,1.253,0.229,1.105,0.275,0.495,0.427,0.805,0.51879,0.795,0.48,0.479,0.561,0.307,0.998,0.408,0.931,0.1,0.935,0.039,0.814,-0.112,0.853,-0.201,0.606,-0.2,0.334,-0.295,0.271,-0.248,0.514
1,0.889,0.0,1.421,0.1,0.8,0.334,1.162,0.609,1.008,0.369,0.346,1.043,0.40349,1.185,0.301,1.033,0.025,0.531,-0.086,0.483,-0.268,0.734,-0.555,1.063,-0.317,0.55,-0.469,0.335,-0.312,0.381,-0.65754,0.182,-0.563,0.032
1,1.404,0.0,1.067,0.23,1.199,0.345,0.604,0.44,0.604,1.088,0.342,0.741,0.087,0.707,-0.075,1.222,-0.249,0.874,-0.365,0.552,-0.652,0.575,-0.694,0.35534,-0.412,0.15908,-0.892,0.033,-0.502,-0.101,-0.323,-0.213,-0.542,-0.283
1,1.214,0.0,1.207,0.2,0.507,0.221,1.016,0.361,0.739,1.057,0.541,0.423,0.142,0.497,0.038,1.312,-0.156,0.883,-0.356,1.019,-0.358,0.786,-0.854,0.50428,-0.855,0.39,-1.127,0.09,-0.764,-0.054,-0.507,-0.206,-0.873,-0.34367
1,1.232,0.0,1.101,0.352,0.595,0.425,0.316,0.53,0.177,0.76,0.111,1.078,-0.228,0.946,-0.424,0.834,-0.854,0.412,-0.934,0.392,-0.81262,0.098,-1.104,-0.054,-0.943,-0.21,-0.636,-0.583,-0.428,-0.337,-0.293,-0.451,-0.074,-0.71273
1,1.417,0.0,1.264,0.412,0.714,0.698,0.43898,0.809,-0.021,0.869,-0.184,0.648,-0.31,0.533,-0.783,0.352,-0.746,0.118,-0.302,-0.074,-1.1,-0.035,-0.172,-0.631,-0.137,-0.53620,0.075,-0.603,0.237,-0.417,0.432,-0.235,0.46,0.081
1,0.585,0.0,0.436,0.134,0.152,0.177,0.048,0.254,0.133,0.262,0.059,0.265,-0.057,0.184,-0.039,0.08,-0.034,0.05,-0.06,0.007,-0.039,-0.004,-0.033,-0.006,-0.01755,-0.012,-0.009,-0.011,-0.002,-0.007,0.001,-0.007,0.004,-0.00647
1,0.528,0.0,0.58459,-0.367,0.985,0.345,0.503,-0.003,0.851,0.164,0.411,-0.35,0.579,0.045,0.726,0.188,0.791,-0.446,0.702,0.036,0.428,0.294,1.224,-0.437,0.382,-0.04699,0.531,-0.123,0.622,-0.143,0.189,-0.123,0.238,-0.083
1,1.259,0.0,1.058,0.108,0.741,0.047,0.65829,0.111,0.264,0.115,0.604,0.268,0.564,0.121,0.229,0.13507,0.251,0.016,0.578,0.093,0.236,0.141,0.363,0.161,0.228,0.08,0.256,0.149,0.181,0.201,0.272,0.185,0.155,0.14
1,1.097,0.0,1.291,0.096,0.942,0.006,0.684,0.011,1.141,-0.001,0.84459,0.155,0.811,0.042,1.025,0.047,0.589,0.015,0.983,0.018,0.647,0.031,0.872,0.071,0.571,0.021,0.939,0.048,0.947,0.128,1.038,0.092,0.558,0.07508
1,1.257,0.0,0.653,0.031,0.79946,0.274,1.251,0.181,0.928,-0.052,1.238,-0.013,0.996,-0.234,0.659,0.247,1.23,-0.061,0.717,-0.011,1.182,-0.415,0.578,-0.25101,0.463,-0.137,1.226,-0.023,0.81,-0.05,0.406,0.202,1.02,0.123
1,1,0.0,0.804,0.037,1.148,0.123,0.604,0.085,0.749,-0.056,1.018,0.026,0.545,-0.005,0.573,0.094,0.589,0.031,0.463,0.032,1.054,-0.074,0.636,0.0,0.781,-0.017,1.138,0.013,1.019,-0.01073,1.198,0.092,0.994,0.015
1,1.256,0.0,0.693,0.28,0.092,-0.235,0.768,0.006,0.524,-0.057,0.77,0.02,0.529,0.362,0.627,-0.052,0.701,0.164,0.41420,0.17,0.338,0.021,0.558,-0.065,0.716,-0.03,0.46514,0.026,0.29,0.291,0.455,-0.18,0.456,-0.002
1,0.808,0,0.545,0.113,0.382,-0.164,1.204,-0.198,0.827,0.02,0.344,0.015,0.616,-0.033,1.176,-0.188,0.331,-0.359,0.614,-0.169,0.9,-0.004,0.245,0.062,0.56121,-0.203,0.382,-0.15,0.677,-0.03,0.776,-0.315,0.669,-0.139
1,0.851,0.0,0.653,-0.024,0.953,-0.08493,0.883,0.0,1.088,-0.051,0.676,-0.165,0.566,-0.131,1.032,-0.158,0.824,-0.209,0.401,-0.121,0.784,-0.127,0.637,-0.022,0.562,-0.267,0.687,-0.316,0.349,-0.321,0.95,-0.449,0.711,-0.24841
1,1,0,1.027,-0.051,0.971,0.043,0.942,0.054,0.405,-0.025,0.844,-0.034,0.702,-0.071,0.875,-0.003,1.291,-0.201,1.219,0.035,1.186,-0.062,1.237,-0.171,0.864,-0.238,0.923,-0.07,0.816,-0.037,0.675,-0.141,0.608,-0.006
1,0.792,0.0,0.917,-0.137,0.624,0.202,0.736,0.059,0.69565,-0.065,0.439,-0.247,0.935,-0.15,0.71,0.021,0.939,-0.002,0.463,-0.173,0.92,-0.31,0.556,-0.2,0.648,-0.096,0.61847,-0.074,0.343,-0.164,0.523,0.04,0.465,-0.012
1,1.049,0.0,0.439,0.122,0.458,0.009,0.526,0.041,0.337,-0.123,0.655,0.019,0.83,-0.127,0.785,-0.04,0.638,-0.135,0.666,-0.062,0.37,-0.229,0.595,-0.13525,0.309,-0.266,0.369,-0.116,0.721,-0.02,0.53659,-0.114,0.551,-0.064
1,0.698,0.0,0.821,0.258,0.951,0.564,0.647,0.669,0.257,0.461,0.104,1.068,-0.243,0.61,-0.336,1.087,-0.846,0.73,-0.532,0.384,-0.81856,0.172,-0.863,-0.048,-1.075,-0.354,-0.67557,-0.27,-0.645,-0.753,-0.429,-0.778,-0.141,-0.602
1,1,0.0,1.256,0.334,0.846,0.559,0.368,0.673,0.138,1.256,0.062,0.718,-0.18,0.529,-0.55926,1.059,-0.439,0.413,-0.642,0.44,-0.619,0.05,-0.8,-0.165,-0.626,-0.429,-0.548,-0.964,-0.584,-0.828,-0.195,-0.75,0.122,-0.734
1,1,0.0,1.273,0.313,0.643,0.793,0.289,0.476,0.051,1.333,-0.116,0.628,-0.844,0.436,-0.98,0.176,-1.073,0.544,-0.569,-0.011,-0.974,-0.41085,-0.541,-0.66,-0.816,-0.824,-0.305,-0.481,-0.023,-0.528,0.322,-0.717,0.002,-0.907
1,1.062,0.0,0.723,0.213,0.753,0.598,0.447,0.553,0.235,1.227,-0.116,0.756,-0.522,1.04,-0.5,0.551,-0.445,0.31291,-0.937,0.039,-0.518,-0.115,-0.624,-0.55,-0.327,-0.52954,-0.198,-0.848,0.052,-0.476,0.277,-0.301,0.205,-0.5
1,0.556,0.0,1.109,0.402,0.93,0.718,0.49305,0.781,0.191,1.2,-0.117,0.894,-0.318,1.015,-0.633,0.855,-1.14,0.479,-0.91814,0.048,-0.634,-0.22,-0.919,-0.682,-0.398,-0.712,-0.253,-0.509,0.117,-1.0,0.229,-0.411,0.379,-0.796
1,1,0.0,1.078,0.306,0.484,0.595,0.201,0.711,0.217,0.401,-0.238,0.809,-0.523,0.74,-0.68421,0.354,-0.622,0.222,-0.515,-0.066,-0.504,-0.354,-0.356,-0.726,-0.207,-0.358,-0.021,-0.876,0.296,-0.942,0.551,-0.259,0.407,-0.321
1,0.884,0,1.465,-0.015,1.399,-0.022,0.967,-0.077,1.002,0.008,1.174,-0.014,0.93,-0.079,1.164,-0.041,0.506,-0.138,1.073,-0.098,1.325,-0.05252,1.202,-0.106,1.401,-0.055,1.028,-0.107,1.144,-0.08,0.619,-0.126,0.892,-0.138
1,1,0.0,0.51,-0.009,0.81,0.01,1.009,-0.016,1.369,-0.006,0.938,-0.047,0.862,-0.021,0.97055,-0.039,1.196,-0.058,1.042,-0.07,1.077,-0.013,1.319,-0.055,0.868,-0.045,1.239,-0.063,1.292,-0.093,1.314,-0.094,0.847,-0.07
1,0.94,0.0,1.426,-0.14384,1.004,-0.002,1.28,-0.142,0.551,0.242,0.91781,0.002,1.219,-0.104,0.722,-0.003,0.63,-0.096,1.123,-0.182,1.011,0.146,1.049,-0.07,1.325,0.059,1.14,-0.064,0.487,-0.173,0.884,-0.044,1.201,-0.177
1,1,0.0,0.511,-0.03390,1.269,0.059,0.27,-0.172,0.183,-0.024,0.567,-0.135,0.913,0.346,0.678,-0.272,0.63,0.017,0.816,0.041,0.332,0.289,0.651,0.052,0.221,0.124,0.673,-0.002,0.852,-0.038,0.464,-0.188,0.523,-0.144
1,0.748,0.0,0.423,-0.284,0.436,0.22222,0.291,0.123,0.612,0.089,0.344,-0.14,0.803,-0.067,0.412,0.41,0.323,0.03,0.349,-0.188,0.47222,-0.076,0.325,-0.032,0.451,0.114,0.31,-0.15,0.226,-0.076,0.468,-0.104,0.119,-0.624
1,1.125,0.0,0.417,0.524,1,0.559,1.054,0.413,0.573,0.359,0.24,1.198,0.238,0.632,-0.111,0.859,-0.394,1.397,-0.805,0.986,-0.507,0.519,-0.698,0.363,-0.893,0.184,-0.914,0.106,-1.296,-0.241,-1.197,-0.39,-0.888,-0.65557
1,1,0.0,0.629,0.661,0.649,0.295,0.411,0.64,0.317,0.502,0.121,0.937,-0.128,0.76,-0.335,0.752,-0.53,0.711,-0.715,0.877,-0.691,0.273,-0.783,0.031,-0.588,-0.392,-0.684,-0.409,-0.742,-0.207,-0.277,-0.454,-0.231,-0.62956
1,0.945,0.0,0.518,0.246,0.953,0.608,0.353,0.434,0.16470,1.016,-0.067,0.563,-0.506,0.552,-0.59435,0.269,-0.929,0.271,-1.168,0.02,-0.431,-0.314,-0.428,-0.659,-0.342,-0.96,-0.073,-0.671,0.135,-0.686,0.272,-0.201,0.256,-0.278
1,1.405,0.0,0.93658,0.24,0.975,0.473,0.301,0.917,0.138,1.309,-0.266,1.433,-0.663,0.752,-0.519,0.315,-0.613,0.338,-1.279,-0.062,-0.486,-0.491,-0.472,-0.804,-0.187,-1.135,-0.04578,-1.253,0.161,-0.696,0.413,-0.466,0.575,-0.61
1,0.854,0.0,0.92436,0.193,1.048,0.432,0.433,1.388,-0.162,0.742,-0.243,0.783,-0.6,0.883,-0.879,0.604,-1.107,0.128,-0.912,0.046,-0.957,-0.378,-0.382,-0.866,-0.138,-0.993,0.285,-1.091,0.319,-0.605,0.503,-0.46048,0.608,-0.196
1,1,0.0,1.429,0.1,1.408,-0.082,1.062,0.011,1,-0.132,0.527,-0.015,0.63,-0.02,1.01,-0.066,0.909,-0.093,1.235,0.081,0.752,-0.077,0.626,-0.032,1.081,-0.309,1.118,-0.089,0.904,0.124,1.335,-0.177,1.156,-0.1
1,0.698,0.0,1.325,-0.002,0.86421,-0.127,1.202,-0.003,1.041,-0.351,1.197,0.128,0.687,-0.139,0.896,-0.02542,1.321,-0.151,0.766,0.502,0.517,-0.187,0.775,-0.12,1.262,-0.021,1.2,-0.016,0.751,-0.027,0.58,-0.016,0.935,-0.029
1,1,0.0,0.408,0.186,0.743,0.643,0.362,0.732,0.175,0.582,-0.146,1.087,-0.5,0.452,-0.688,0.525,-1.032,0.178,-0.36,-0.094,-0.703,-0.333,-0.371,-0.238,-0.089,-0.447,0.013,-0.291,0.245,-0.339,0.428,-0.295,0.485,-0.08036
1,0.562,0.0,0.88085,0.19,0.422,0.518,0.177,0.504,0.084,0.932,-0.406,1.035,-0.86,0.965,-0.628,0.58,-0.972,0.074,-0.74,-0.307,-0.62,-0.275,-0.582,-0.486,-0.166,-0.963,0.178,-0.734,0.59,-0.406,0.56626,-0.187,0.879,-0.113
1,0.876,0.0,1.045,0.565,0.386,0.953,0.303,0.526,-0.052,1.013,-0.45725,0.956,-0.869,0.434,-0.845,0.15,-0.935,-0.119,-0.965,-0.641,-0.284,-0.441,-0.095,-0.696,0.173,-0.993,0.53229,-0.426,0.658,-0.442,0.704,-0.038,0.671,0.144
1,1.486,0.0,1.469,-0.157,0.688,-0.24,1.215,-0.12,0.88608,0.015,0.911,0.143,0.913,0.057,0.866,-0.05,0.8,-0.499,1.172,-0.015,1.349,0.087,1.453,0.314,0.62025,-0.376,0.815,-0.054,0.939,-0.047,0.385,0.022,0.463,-0.03
1,0.867,0.0,0.482,0.008,1.221,0.024,1.175,0.027,0.932,0.009,0.683,0.078,0.79093,0.055,1.045,0.056,0.969,0.263,0.901,0.036,0.931,0.06,0.433,0.042,0.586,0.045,0.825,0.055,0.53,0.02,0.434,0.102,0.371,0.08891
1,1.344,0.0,0.968,0.025,1.293,0.01456,0.683,0.025,0.486,0.117,1.247,0.138,1.295,0.03,1.013,0.029,0.546,0.032,0.617,0.0,0.94,0.048,0.728,0.05,1.152,0.098,0.86923,0.08,0.516,0.089,0.525,0.139,0.927,0.059
1,1,0.0,0.507,-0.016,1.035,-0.003,1.037,-0.017,0.569,-0.023,1.011,-0.019,1.354,-0.022,1.209,-0.045,1.207,-0.034,0.936,-0.048,1.47,-0.03881,1.171,-0.025,1.442,-0.052,1.266,-0.042,1.292,-0.088,0.502,-0.04,1.357,-0.07
1,1.182,0,0.619,-0.039,1.13,0.076,1.101,0.01,0.83,0.03,0.532,-0.005,0.565,-0.012,1.119,0.022,0.626,0.0,0.759,0.018,0.701,0.008,1.079,-0.017,0.6,0.031,0.593,0.012,0.474,0.003,0.451,0.03,0.766,0.02376
1,1.439,0,0.849,0.022,0.568,-0.02,0.901,0.008,0.456,0.034,0.92,0.02,1.396,0.009,0.865,0.019,1.43,-0.034,0.793,-0.017,0.933,0.111,0.735,0.089,1.137,0.069,0.547,0.033,1.352,0.033,1.014,0.01064,1.196,0.017
1,0.828,0.0,0.408,-0.232,0.759,0.007,0.603,0.114,0.829,0.112,0.274,-0.264,0.397,0.223,0.431,0.0,0.604,0.045,0.683,0.03030,0.975,0.091,0.405,-0.142,0.719,0.072,0.663,0.06142,0.434,-0.031,0.304,0.091,0.22,0.282
1,0.685,0.0,0.89,0.271,0.886,0.801,0.257,0.676,0.105,1.222,-0.352,0.481,-0.486,0.77,-0.795,0.339,-0.859,0.142,-0.389,-0.13652,-0.548,-0.598,-0.32537,-0.456,-0.024,-0.516,0.211,-0.428,0.355,-0.371,0.421,-0.169,0.288,0.024
1,1.416,0.0,1.315,0.516,0.661,0.561,0.393,1.107,-0.047,0.659,-0.543,0.645,-0.67274,0.337,-1.156,0.156,-1.061,-0.058,-0.549,-0.253,-0.652,-0.71,-0.228,-0.701,0.042,-0.518,0.335,-0.723,0.608,-0.577,0.62,-0.224,0.697,0.08660
1,0.981,0.0,1.149,0.318,0.516,0.642,0.185,0.717,-0.13342,1.282,-0.396,1.218,-0.771,0.616,-0.618,0.139,-1.107,-0.194,-0.797,-0.53,-0.256,-0.886,-0.014,-0.645,0.36318,-0.9,0.968,-0.505,0.449,-0.154,0.566,0.124,0.439,0.346
1,0.972,0.0,0.727,0.923,0.276,0.061,0.12993,0.834,-0.164,1.023,-0.425,0.406,-1.13,0.338,-1.34,-0.111,-0.38916,-0.401,-0.42,-0.973,-0.028,-0.927,0.185,-0.197,0.884,-0.681,0.464,-0.082,1.125,0.986,0.198,0.002,0.251,1.063
1,0.889,0.0,0.999,0.518,0.316,0.306,0.072,0.389,-0.352,0.722,-0.612,0.458,-0.57576,0.0,-0.577,-0.174,-0.216,-0.687,-0.126,-0.707,0.605,-0.356,0.408,-0.344,1.145,-0.202,0.567,0.161,0.991,0.295,0.135,0.469,0.068,0.33333
1,0.509,0.0,0.619,0.0,0.94817,-0.033,0.859,-0.017,1.108,0.025,0.478,0.013,0.677,0.007,0.641,0.002,0.587,0.028,0.539,-0.013,0.493,0.02439,0.664,0.075,1.218,0.069,1.225,0.015,1.358,0.012,0.903,0.028,0.945,-0.009
1,1.484,0,0.788,0.074,1.057,-0.046,0.733,-0.012,1.284,0.012,0.898,0.068,0.626,-0.009,1.106,0.0,0.954,0.262,0.561,-0.007,1.097,0.005,1.046,0.069,0.477,0.232,0.771,0.105,1.119,0.048,0.784,0.163,1.365,0
1,1.01,0.0,0.47,0.10638,1.294,0.00982,1.154,0.009,0.786,-0.021,0.823,0.118,1.294,0.03,0.569,0.049,0.747,0.065,1.237,0.024,0.451,0.064,0.725,0.047,0.975,0.071,0.886,0.081,1.1,-0.047,1.175,0.097,1.054,0.057
1,0.617,0.0,1.233,0.045,0.879,0.003,1.313,0.00510,1.242,0.0,1.177,0.111,0.989,0.011,0.446,0.011,0.969,-0.085,1.07,0.022,0.674,0.01,0.902,0.012,0.598,-0.03,0.746,0.028,1.012,0.124,0.614,0.029,0.80088,0.035
1,1,0.0,1.036,0.009,1.276,0.014,1,0.028,1.449,0.022,0.831,0.025,0.496,0.032,1.232,0.034,0.942,0.025,0.863,0.051,0.861,0.034,1.151,0.033,1.268,0.049,1.235,0.055,1.206,0.093,0.805,0.054,1.403,0.116
1,1,0.0,1,0.015,1.16,0.009,0.509,0.021,1.19,-0.014,0.619,-0.003,1.426,0.024,1.267,0.006,0.688,0.011,0.499,0.015,0.613,0.005,1.377,0.029,1.328,-0.003,1.205,0.01,0.504,0.012,0.7,0.012,1.397,0.026
1,0.875,0.0,1.088,-0.015,1.277,0.012,0.796,-0.001,1.434,0.039,0.89,0.028,1.273,0.04,0.639,0.06488,1.385,0.029,0.516,0.041,1.359,0.08,0.97,0.043,1,0.063,1.475,0.099,1.085,0.047,0.54,0.147,1.027,0.06
1,0.554,0.0,0.608,0.529,0.438,0.539,0.229,0.854,0.031,0.692,-0.454,0.453,-0.549,0.769,-0.78658,0.349,-0.987,-0.009,-0.514,-0.414,-0.515,-0.629,-0.241,-0.902,0.007,-0.748,0.291,-0.532,0.662,-0.43383,0.754,-0.169,0.81,0.016
1,1,0.0,1.282,0.482,0.403,0.779,0.203,0.84,-0.209,1.418,-0.402,0.81191,-0.707,0.74,-0.911,0.152,-0.881,-0.39,-0.947,-0.551,-0.178,-0.881,0.039,-0.815,0.613,-0.987,0.399,-0.656,1.131,-0.244,1.012,0.273,0.958,0.278
1,1.464,0.0,0.361,0.155,0.1,0.379,0.09,0.872,-0.188,0.91993,-0.167,0.239,-0.473,0.13,-0.804,-0.004,-0.152,-0.225,-0.27,-0.459,-0.155,-1.279,0.109,-0.322,0.385,-0.212,0.562,-0.16,0.31005,0.068,0.146,0.132,0.116,0.396
1,1,0.0,0.835,0.22,0.263,1.05,0.061,0.898,-0.324,0.937,-0.762,0.383,-1.198,0.041,-1.134,-0.26,-0.632,-0.398,-0.049,-0.904,0.315,-0.799,0.389,-0.264,0.966,-0.18645,0.399,0.326,0.262,0.405,0.157,0.473,-0.105,1.111
1,0.516,0.0,0.211,0.08,0.053,0.271,-0.093,0.248,-0.237,-0.251,-0.617,0.063,-0.45420,0.061,-0.199,-0.218,-0.149,-0.515,0.241,-0.17557,0.321,-0.147,0.191,-0.084,0.295,0.256,0.023,0.302,-0.04,0.319,-0.246,0.236,-0.353,-0.46
1,0.805,0.0,1.411,0.001,1,0.0,1.204,-0.0,0.569,0.017,1.338,0.028,0.556,0.021,0.686,0.017,0.93929,0.071,0.827,0.047,0.945,0.07,0.668,0.066,1.147,0.044,1.143,0.042,0.971,0.065,1.083,0.121,1.026,0.062
1,0.991,0.0,0.73,-0.108,0.769,0.003,1.096,-0.014,1.242,-0.075,0.395,-0.11734,1.255,0.053,0.784,-0.069,0.906,0.072,1.001,0.036,0.939,-0.022,0.78844,-0.036,0.749,-0.034,0.66,-0.034,1.058,-0.043,0.912,-0.053,1.12,0.016
1,1.433,0.0,0.473,-0.114,0.478,-0.019,0.905,-0.031,0.684,-0.049,0.798,-0.098,0.708,-0.068,0.773,-0.037,0.42271,-0.388,0.531,0.066,0.603,-0.044,0.658,-0.08989,0.317,-0.007,0.453,-0.078,0.258,-0.114,0.326,-0.095,0.398,-0.046
1,0.973,0.0,0.573,0.009,0.484,0.00258,0.441,0.005,0.434,0.027,0.815,0.115,1.178,0.009,1.144,0.009,0.463,-0.048,0.76531,0.027,0.629,0.009,0.902,0.016,0.782,-0.003,0.862,0.015,0.538,0.009,0.855,0.009,0.627,0.016
1,0.617,0.0,0.426,-0.015,0.97404,0.095,0.564,0.345,0.953,-0.003,0.401,-0.164,0.40164,-0.366,0.289,0.842,0.539,0.403,1.154,0.09,0.647,-0.336,1.463,0.008,0.832,0.081,0.724,0.168,1.111,0.043,0.391,0.184,0.081,0.558
1,1.197,0.0,0.868,0.074,0.387,-0.212,0.812,-0.04,0.874,-0.024,1.123,0.101,0.908,0.051,0.95,-0.077,0.914,-0.028,0.892,0.052,0.448,0.009,0.86,0.06618,1.413,-0.03,1.082,0.001,1.415,0.126,0.547,-0.10714,0.579,-0.048
1,1.078,0.0,0.856,0.002,0.793,-0.036,1.101,-0.026,1.18,0.008,1.055,0.034,0.94171,0.074,0.709,-0.017,0.787,0.00140,0.713,0.071,0.916,0.084,1.254,0.103,0.767,0.011,0.926,0.044,0.661,0.073,0.914,-0.0,0.543,0.043
1,0.572,0.0,1.251,-0.00034,1.393,-0.037,0.737,-0.046,0.494,0.027,0.943,0.016,0.651,0.026,0.552,-0.015,0.614,0.028,0.482,0.01,1.123,0.04,1.288,0.066,1.112,0.033,1.31,0.016,0.64,0.012,0.473,0.004,0.876,-0.00577
1,0.659,0.0,1.063,-0.023,0.58,-0.019,1.141,-0.05,1.114,0.001,0.809,-0.047,1.252,-0.01,1.238,-0.023,0.612,-0.009,0.987,-0.178,1.186,0.008,1.105,-0.02320,0.508,-0.017,0.647,-0.07,0.82983,-0.114,0.724,-0.056,1.133,-0.088
1,0.652,0.0,0.723,0.131,1.061,-0.051,0.676,0.106,0.561,-0.132,0.71,0.097,1.16,-0.00351,0.452,-0.009,0.686,-0.051,1.293,-0.041,1.206,-0.105,0.71002,0.038,0.622,-0.079,0.83,-0.065,0.746,-0.008,1.105,-0.095,0.782,-0.091
