1,1.156,0.0,1.47,-0.037,1.064,0.023,0.758,-0.491,1.344,0.054,0.641,-0.231,0.635,-0.479,0.379,-0.515,0.763,-0.464,0.307,-0.36,0.648,-0.321,0.52,-0.49,0.741,-0.517,0.312,-0.36,0.318,-0.211,0.577,-0.727,0.23,-0.45300
0,0.85,0.0,0.903,-0.153,1.29,-0.187,-0.099,-0.93597,1.495,-0.044,0.408,-0.877,0.236,-0.88,-0.614,-1.435,0.038,-0.608,0.319,-1.418,-0.15,-0.311,-0.261,-0.443,-0.185,-0.327,-0.299,-0.132,-0.262,-0.146,-0.237,-0.057,-0.174,-0.035
1,0.625,0.0,1.229,-0.017,1.288,0.004,0.511,-0.14,0.851,0.015,1.0,0.057,0.54,0.01,0.524,0.004,1.186,-0.124,0.881,-0.06,0.612,-0.38,0.629,-0.062,0.343,-0.367,0.512,-0.22145,0.268,-0.186,0.538,-0.295,0.774,-0.302
0,1.095,0.0,0.509,-0.626,0.875,1.362,0.506,-1.373,0.0,0.0,0.0,0.0,0.0,0.0,-1.274,0.151,0.555,-0.203,-1,-0.617,-0.385,0.767,0.0,0.0,0.796,0.56,0.279,0.814,1.197,-0.127,0.131,1.401,-0.414,1.013
1,1,0.0,1.324,-0.022,1.053,0.035,0.588,-0.136,0.653,-0.218,0.574,-0.277,0.514,-0.004,0.353,-0.204,0.598,-0.126,0.395,-0.103,0.047,-0.284,0.02,-0.293,0.024,-0.826,0.143,-0.621,0.021,-0.721,-0.074,-0.332,-0.068,-0.393
0,1.202,0.0,0.029,-0.004,-0.146,-0.165,-0.009,-0.117,0.144,0.09,0.02,-0.085,0.0,0.0,-0.04572,-0.196,-0.005,-0.148,-0.134,-0.064,0.024,0.02,0.021,0.008,0.044,-0.01,-0.022,0.06,-0.069,0.005,0.0,0.0,-0.0,0.113
1,0.939,0.0,1.385,-0.092,1.286,-0.237,1.211,-0.212,0.971,-0.27342,1.134,-0.561,0.676,-0.44,0.378,-0.659,0.487,-0.955,0.407,-0.475,0.544,-0.686,0.282,-1.076,0.155,-1.196,0.19,-0.73,0.055,-0.96,-0.027,-0.905,-0.142,-1.151
0,0.0,0.0,0.0,0.0,0.0,0.0,1.1,-1.404,0.0,0,-1.138,-1.376,0.0,0.0,0.0,0.0,1.369,0.742,-1.055,-1.141,0.0,0.0,0.0,0.0,0.589,0.685,0.616,1.464,0.0,0.0,0.823,0.524,0.0,0.0
1,1.467,0.0,1.038,-0.104,1.363,-0.185,1.212,-0.188,1.211,-0.532,0.539,-0.612,1.295,-0.422,1.059,-0.339,0.498,-0.182,0.896,-0.858,0.78,-0.82,0.903,-0.428,0.651,-0.846,0.328,-0.478,0.17,-0.955,0.425,-0.72779,0.544,-0.383
0,1.488,0.0,-0.015,-0.045,0.0,0.0,0.0,0.0,0.121,-0.18,-0.246,-0.264,0.0,0.0,-0.202,0.491,-0.2,0.109,0.468,0.279,0.0,0.0,0.0,0.0,-0.106,-0.01326,0.209,-0.027,0.0,0.0,0.161,0.296,-0.048,0.464
1,0.562,0.0,1.143,0.083,0.558,-0.203,0.956,-0.391,0.591,-0.345,1.428,-0.365,1.166,-0.742,0.78,-0.59017,0.976,-0.669,0.757,-0.947,0.707,-1.09,0.56,-1.029,0.594,-0.947,0.256,-0.815,0.371,-1.089,0.291,-1.113,0.285,-0.862
0,1.421,0.0,0.726,-0.797,1.326,-0.991,1.337,-1.244,1.422,0.182,1.302,-0.469,0.791,1.291,1.212,-1.157,0.912,-0.323,1,-0.523,1.164,0.86,0.857,1.036,1.107,-0.206,1.326,-0.862,0.69,-0.828,1.338,-1.011,1.483,-0.86
1,0.998,0.0,1.094,-0.089,1.119,-0.1,0.704,-0.185,1.013,-0.108,1.213,-0.392,1.396,-0.29785,0.642,-0.481,0.654,-0.274,1.291,-0.242,1.219,-0.243,0.83,-0.481,0.634,-0.385,0.723,-0.475,0.674,-0.526,0.974,-0.863,0.778,-0.542
0,1,0.0,1.259,-0.64,1.161,0.156,1.083,-0.498,1.161,-0.137,1.36,0.242,1.469,0.048,1.161,-0.11,0.807,-1.08,0.615,-0.968,0.372,0.118,1.231,0.871,1.371,-0.099,1.268,0.254,0.747,-0.953,0.79,0.565,0.547,-0.22
1,1,0.0,0.815,0.071,1.118,0.026,1.109,-0.028,0.986,0.069,1.296,0.103,0.64,0.106,0.757,0.125,0.632,0.119,0.893,0.209,1.311,0.385,1.197,0.403,0.914,0.297,1.19,0.52,0.695,0.352,1.198,0.408,1.039,0.431
0,1.006,0.0,0.276,-0.761,0.513,0.279,-0.032,-1.078,1.347,-1,0.4,-0.889,0.0,0.0,-0.812,-0.339,-0.47,0.022,1.171,-0.709,0.0,0.0,0.0,0.0,-0.146,0.942,0.298,0.261,0.0,0.0,0.999,0.207,0.0,0.0
1,1.228,0.0,1.386,0.036,1.347,-0.014,1.461,0.025,0.622,0.031,1.136,0.054,0.463,0.149,0.484,0.037,0.522,0.111,1.177,0.045,0.81633,0.063,0.648,0.106,0.847,0.127,0.492,0.078,0.726,0.139,0.913,0.17,0.363,0.17
0,0.0,0.0,0.0,0.0,-1.424,-0.754,1.192,0.726,-0.659,1.336,-1.035,1.199,0.847,-1.373,1.366,1,-0.902,-1.405,-0.721,0.659,0.558,-0.811,-0.661,0.769,-0.509,0.684,1.382,-0.901,-1.296,1.121,-1.173,-0.67,0.543,-1.299
1,1,0.0,0.383,0.022,0.635,0.036,0.361,0.277,0.099,0.491,0.852,0.173,0.325,0.138,0.677,0.147,0.597,0.213,0.213,0.376,0.486,0.236,0.468,0.29,0.702,0.155,0.673,0.189,0.361,0.365,0.325,0.376,1.484,0.208
0,0.0,0.0,1.137,-1.081,0.0,0.0,0,0.0,1.062,0.986,1.203,-1.429,-0.765,0.909,0.0,0.0,-1.156,1.302,0.626,0.976,-1.344,1.472,1.408,0.582,-1.497,1.235,1.304,1.118,1.365,-0.904,1.249,0.617,1.346,0.76
1,1,0.0,1.426,-0.003,1.418,-0.09,1.263,-0.053,1.495,-0.126,0.687,-0.108,1.294,-0.571,1.218,-0.225,0.748,-0.439,0.622,-0.315,0.813,-0.401,1.402,-0.423,0.936,-0.364,1.146,-0.406,0.939,-0.484,1.012,-0.345,0.511,-0.23
0,0.0,0.0,0.514,0.622,0.0,0.0,0.0,0.0,-1.381,-1.368,0.0,0.0,0.0,0.0,-0.515,-1.271,-1.062,-0.96,-0.875,0.597,-0.79,1.381,0.0,0.0,0.0,0.0,0.863,-0.632,-1.074,0.697,-1.403,1.16,-1.267,1
1,1,0.0,1.319,0.082,0.516,0.027,0.509,0.066,0.46,-0.056,1.238,0.021,0.678,-0.07,0.559,0.145,0.652,0.004,0.439,-0.054,0.668,-0.044,0.36,-0.046,0.301,-0.079,0.849,-0.028,0.696,-0.013,0.655,-0.0,0.322,-0.002
0,0.0,0.0,-1.369,1.438,0.0,0.0,0.0,0.0,-0.847,0.911,0.557,0.8,0.0,0.0,0.0,0.0,1.119,-0.879,-0.579,1.268,1.306,0.98,0.0,0.0,-1.13,-1.327,0.742,-0.579,1.293,1.073,-0.911,0.873,0.0,0
1,0.988,0.0,1.256,-0.06,1.391,0.043,1.469,-0.052,1.319,-0.023,0.538,-0.135,0.76,-0.035,0.877,-0.095,0.983,-0.085,0.575,-0.148,0.822,-0.206,0.972,-0.464,0.467,-0.467,0.861,-0.183,0.867,-0.488,0.538,-0.175,0.885,-0.39487
0,1,0.0,1.073,0.543,1.305,-1.165,1.129,-1.403,1.17,-1.35,1.076,-1.498,1.113,-1.294,0.643,-0.524,0.746,-0.625,0.823,-0.841,0.645,-0.542,0.681,-1.419,0.867,-1.142,0.896,-1.421,1.028,-0.883,0.506,-0.885,1.188,-1.393
1,1.1,0.0,1.423,-0.117,0.73,-0.242,0.568,-0.989,1.0,0.697,1.307,-0.435,0.897,-0.187,0.653,-0.13,0.496,-0.314,0.128,-0.685,1.349,0.1,0.384,-1.021,0.55389,-0.838,0.279,-1.191,0.217,-0.518,0.418,-1.029,-0.195,-0.507
0,0.0,0.0,-1.399,-0.582,0.0,0.0,-1.23,1.47,1.291,-0.527,0.0,0.0,0,0.0,0.0,0.0,0.667,-0.522,-1.297,-0.516,0.668,-0.765,0.0,0.0,0.686,-1.293,-0.569,1.467,-0.507,-1.06,0.0,0.0,-1.442,1.171
1,1.488,0.0,1.218,0.045,0.805,0.139,1.014,-0.142,1.036,0.347,0.538,0.358,0.668,0.409,0.893,0.836,1.262,1.134,0.672,0.737,0.601,1.217,0.569,1,1.137,1.427,0.602,1.369,0.811,1.439,0.859,0.724,0.51,0.735
0,0.0,0.0,-0.542,-1.164,1.006,0.591,1.421,-1.237,-1.083,1.252,1.337,-0.562,-1.001,-1.25,0.0,0.0,1,1.094,-1.43,-1.302,0.86,-1.076,1.43,-0.939,0.92,0.943,1.428,-1.103,1.278,-0.967,-0.887,0.558,0.884,-1.062
1,1,0.0,0.86,-0.134,0.704,-0.202,0.828,-0.216,0.857,-0.1,1.338,-0.358,1.011,-0.372,1.483,-0.266,0.559,-0.427,1.227,-0.612,1.157,-0.459,0.503,-0.513,0.791,-0.62,1.126,-0.361,0.69,-0.785,1.374,-0.38,1.47,-0.929
0,1.289,0.0,0.765,-1.013,0.601,0.543,1.416,-1.0,1.094,-1.161,0.692,-0.981,1.216,-0.015,1.202,-0.56,1.459,1.116,0.754,-1.197,1.119,0.513,0.949,-1.23,0.0,0.0,0.973,1.417,1.026,-0.442,1,0.685,0.998,0.807
1,1.08,0.0,0.854,-0.204,0.697,-0.139,0.65,-0.187,0.698,-0.199,0.653,-0.335,0.638,-0.194,1.011,-0.209,1.185,-0.461,0.873,-0.546,0.485,-0.642,0.464,-0.308,0.391,-0.609,0.721,-0.54629,0.626,-0.448,0.689,-0.563,0.231,-0.449
0,0.986,0.0,0.456,-0.029,0.211,-0.259,1.072,-0.072,0.99709,-0.074,1.19,-0.105,0.507,0.524,1.185,-0.99,1.188,-0.214,0.968,-0.419,-0.188,0.586,0.393,0.05,0.342,-0.182,0.851,-0.541,0.616,-0.284,0.956,-0.712,-0.291,-1.039
1,0.81,0.0,0.513,-0.212,0.643,0.231,0.764,-0.684,1.078,-0.219,0.945,-0.521,1.031,-0.113,0.767,0.13,0.9,0.491,1.347,0.347,0.683,-0.018,0.643,-0.741,1.179,0.151,0.594,-0.087,0.989,-0.11129,1.006,0.29,0.752,-0.569
0,0.734,0.0,0.389,-1.002,1.145,0.53,0.903,-0.416,0.825,-0.553,0.684,-1.391,0.918,-0.956,1.183,0.42,0.183,0.55,0.969,1.112,0.513,0.441,1,-0.703,0.512,1.209,0.555,-0.105,1.293,-0.479,0.647,0.338,0.917,0.519
1,0.969,0.0,0.769,0.002,0.659,-0.009,1.296,-0.035,1,-0.104,0.883,-0.051,0.509,-0.047,1.335,-0.094,1.237,-0.09,0.849,-0.078,0.588,-0.16,1.295,-0.098,0.592,-0.25,0.754,-0.185,1.046,-0.241,0.644,-0.135,1.179,-0.306
0,0,0.0,0.527,0.799,1.476,-1.459,0.0,0.0,0.0,0.0,-0.631,-1.023,0.0,0.0,0.0,0.0,-0.91,0.524,1.427,1.282,-0.954,0.652,-1.44,1.346,1.01,-1.118,0.571,1.437,-0.72,0.854,0.831,1.441,0.0,0.0
1,1.035,0.0,1.304,0.039,1.185,0.031,1.334,0.04,1.219,0.019,1.062,0.067,1.21,0.092,1.047,0.075,0.946,0.188,0.905,0.209,0.736,0.177,0.482,0.178,0.468,0.152,0.718,0.173,0.518,0.15300,0.641,0.069,0.806,0.113
0,1.218,0.0,1.294,0.031,1.422,0.033,0.504,0.069,0.743,-0.886,1.291,0.167,0.807,0.613,1.011,0.129,0.664,0.209,0.698,0.295,0.961,0.139,0.549,0.229,0.492,0.207,0.25,0.16019,0.539,0.222,0.455,0.143,0.812,1.074
1,1.368,0.0,0.509,0.053,0.956,0.159,1.166,0.279,0.478,0.445,1.118,0.48,1.059,0.634,0.503,0.474,0.394,0.772,0.504,0.87,0.246,0.644,0.588,0.544,0.412,0.642,0.412,0.453,0.12,0.614,0.132,0.757,0.049,0.71444
0,1.095,0.0,-0.639,-1.027,1.462,0.631,0.516,-0.206,0.0,0.0,-1.277,0.584,1.327,0.54,0.153,-0.847,-1.362,-0.551,0.045,-0.875,0.562,-1.133,-0.705,1.387,-1.013,-0.711,1.401,-1.025,-1.373,-0.796,0.779,0.873,0.0,0
1,0.9,0.0,0.795,0.051,1.184,0.091,1.088,0.186,0.55187,0.407,1.043,0.466,0.101,0.566,0.753,0.596,0.734,0.287,0.248,0.147,0.211,0.435,0.335,0.547,0.226,0.515,0.138,0.496,0.094,0.576,0.048,0.484,0.142,0.669
0,1.305,0.0,-0.404,-1.151,1.466,0.456,0.866,-1.358,0.506,-0.232,1.469,1.14,1.022,-0.506,0.841,-1.319,0.671,0.13,1,-0.725,0.667,-0.033,-1.001,1.422,0.68,1.245,0.652,1.44,1.202,-1.378,1.154,-1.391,1.256,-0.538
1,1.165,0.0,1.13,-0.054,1.495,-0.112,1.155,-0.264,1.093,-0.363,0.764,-0.42,0.596,-0.539,1.276,-0.52,0.84922,-0.355,0.987,-0.587,0.587,-0.644,0.832,-0.404,0.604,-0.605,0.789,-0.383,0.823,-0.562,0.353,-0.696,0.528,-1.077
0,0.0,0.0,0.0,0.0,0.0,0.0,0.0,0.0,1.464,0.612,0.569,1.268,0.0,0.0,0.0,0.0,-0.534,-1.344,-0.616,-1.116,0.0,0.0,0.0,0.0,-0.505,-0.765,-1.055,-1.376,-1,0.685,0.73,0.0,0.0,0.0
1,1.06,0.0,1.47,-0.05,0.686,-0.07383,1.206,-0.155,1.228,-0.052,1.427,-0.15,0.646,-0.126,0.635,-0.237,1.277,-0.444,1.098,-0.377,0.642,-0.509,0.91,-0.513,1.182,-0.556,0.422,-0.223,0.844,-0.552,0.688,-0.358,0.809,-0.638
0,1.103,0.0,0.549,-0.037,-0.884,0.265,-0.498,0.214,0.731,-0.567,0.724,-0.027,-0.201,-0.007,-0.732,0.103,0.978,-0.371,1.262,-0.626,-0.428,-0.226,-1.054,0.202,0.451,-0.251,0.505,-0.707,1,-0.451,-0.117,0.305,-0.047,0.281
1,1.006,0.0,0.548,0.009,1.073,-0.035,1.386,-0.061,0.567,-0.087,1.323,-0.056,0.84,-0.159,0.934,-0.183,1.097,-0.1,0.991,-0.181,0.829,-0.211,0.986,-0.18739,0.498,-0.256,1.045,-0.302,0.845,-0.295,0.417,-0.342,0.736,-0.229
0,0.704,0.0,0.0,0.0,1.107,0.357,0.0,0.0,0.147,-1.291,0.0,0.0,0,0.0,-0.828,-0.181,-0.404,-1.193,1.131,0.775,0.0,0.0,0.618,0.361,-1.094,0.584,0.502,-1.374,-0.857,0.767,0.0,0.0,0.0,0.0
1,0.807,0.0,0.84134,-0.26,0.619,0.02,1.085,-0.002,0.452,0.151,0.662,-0.023,1.089,0.535,0.929,-0.44,0.839,-0.431,0.851,-0.141,1.399,0.601,0.478,-0.163,0.489,-0.033,1.248,-0.006,0.422,-0.306,0.943,-0.194,0.931,-0.017
0,0.0,0.0,0.773,1.469,1.161,-0.747,0.0,0.0,0.0,0,1.463,1.168,1.055,1.231,-1.248,-1.311,0.688,-0.738,-1.268,1.434,0.0,0.0,1.267,-0.748,1.396,-1.36,0.706,0.968,-1.137,-0.547,0.0,0.0,0.0,0.0
1,0.788,0.0,1.198,0.752,1.109,0.759,0.832,1.039,-0.303,1.197,-0.678,0.724,-1.444,0.632,-0.966,0.94,-1.415,-0.726,-0.986,-0.388,-0.891,-0.511,-0.629,-1.179,0.891,-1.481,0.757,-0.727,1.093,-0.963,0.524,-0.31,0.523,0.34845
0,0.695,0.0,-0.915,-1.006,-0.709,1.416,1.305,0.571,0.027,-0.889,-1,-0.749,1.332,0.915,0.906,-0.972,-0.999,0.81,0.877,0.9,1.183,-0.812,-1.171,-0.833,-0.102,0.555,1.248,-0.985,-1.078,-0.513,-0.989,1.439,0.594,0.317
1,1.373,0.0,0.878,0.042,0.881,-0.029,1.309,-0.087,1.18,-0.034,1.038,0.009,0.956,-0.163,1.316,-0.258,0.516,-0.296,0.531,-0.232,0.612,-0.313,0.477,-0.184,1.069,-0.424,0.596,-0.268,1.376,-0.175,1.148,-0.274,1.17,-0.41173
0,0.721,0.0,0.075,-0.136,-0.901,0.847,-0.72,1.336,0.39,0.566,-0.459,-0.766,-1.174,-0.591,-1.382,0.754,-0.029,0.573,-0.547,-0.494,-0.541,-0.769,-1,-0.696,-1.121,0.157,0.862,-1.405,-0.811,-0.504,-0.661,-1.366,-0.769,0.907
1,1.477,0.0,0.527,-0.033,1.484,-0.058,1.427,-0.096,0.652,-0.097,0.524,0.354,0.571,-0.109,1.346,-0.147,1.023,0.295,0.912,-0.187,0.795,-0.158,0.99,-0.289,1,-1.232,0.984,-0.208,0.747,-0.322,1.051,-0.336,0.467,-0.257
0,0.0,0.0,-0.626,1.303,0.976,-1.137,-1.203,0.904,0.0,0.0,0.909,1.408,-1.497,-0.143,1,1.156,-1.429,-1.081,0.617,-1.365,-1.239,-1.447,1.472,0.752,1.302,-1.235,0.517,1.249,0.78,1.344,0.0,0.0,-0.801,-1.258
1,0.863,0.0,1,0.03,0.863,0.106,1.459,0.121,0.597,-0.017,1.018,0.048,1.212,0.178,1.307,0.077,0.966,0.242,1.106,0.114,1.228,0.121,1.078,0.148,1.37,0.219,0.851,0.334,0.72,0.162,0.694,0.259,1.082,0.394
0,0.906,0.0,0.235,-1.267,-0.509,0.632,0.0,0.0,0.0,0.0,-1,1.403,0.0,0.0,-0.847,-0.348,0.717,0.294,0.399,0.168,0.0,0.0,-0.711,-0.235,-0.67,1.003,1.197,0.51,-1.271,0.38,0.0,0.0,0.0,0.0
1,0.516,0.0,1.401,0.06,1.387,0.138,0.852,0.132,1.343,0.081,0.523,0.19211,0.594,0.281,0.916,0.406,0.867,0.16,1.11,0.422,1.22,0.277,0.465,0.335,1.046,0.443,0.545,0.438,0.396,0.679,0.4,0.254,0.423,0.464
0,1.324,0.0,0.015,-0.341,0.0,0.0,0.0,0.0,0.0,0.0,0.0,0.0,0.0,0.0,0.068,-0.377,0.328,0.448,0.579,-0.397,0.0,0.0,0.062,-1.162,-0.093,-0.124,0.879,-0.76667,-0.557,0.109,0.0,0.0,1.073,-0.218
1,0.738,0.0,0.588,0.116,0.732,0.188,0.764,0.487,1.309,0.22610,0.634,0.506,1.227,0.623,0.783,0.679,1.032,0.575,0.783,0.491,0.316,0.313,0.441,0.719,0.46,0.552,0.561,0.433,0.419,0.818,0.469,0.398,0.196,0.397
0,0.677,0.0,0.804,1.426,0.292,-0.881,0.869,0.949,1.215,0.242,-0.979,1.339,-0.052,0.806,0.017,0.026,-0.67,-1.019,0.156,-0.038,0.251,-0.378,-0.712,1.011,0.444,-0.503,0.658,-0.031,1,0.611,0.24,-1.034,0.617,0.56
1,0.903,0.0,1.151,-0.398,0.663,0.896,0.58,0.16,0.83,-0.103,1.013,0.612,0.574,-0.195,1.295,0.006,0.957,-0.73,0.888,-0.267,0.823,-0.169,1.224,-0.077,0.484,0.155,0.969,-0.052,0.64,-0.263,0.602,0.221,0.517,-0.05402
0,1.039,0.0,1.069,0.099,1.077,0.206,0.677,-0.827,1.004,0.067,0.808,0.153,1,0.593,1.114,0.49,0.512,0.024,0.437,-0.633,0.941,0.332,1.251,0.384,0.565,-0.442,0.617,0.151,0.417,-0.016,0.622,0.124,1.123,0.443
1,1.069,0.0,1.03,0.258,1.029,0.025,0.824,0.088,1.174,0.032,1.213,0.487,0.766,0.053,0.555,0.037,0.949,-0.308,0.762,-0.124,1.468,0.049,1.309,0.363,0.512,-0.52,0.635,-0.019,1.224,0.254,0.551,-0.247,0.674,-0.07329
0,0.0,0,0.569,-1.487,0.737,-1.015,1.372,-1.27,1.13,-1.469,0.704,0.89,0.519,1.382,1.391,-1.221,1.454,1.133,1.224,1.232,0.646,1.419,1.494,-1.473,1.049,-1.278,0.54,-0.803,0.653,0.882,0.0,0.0,1.137,-1.451
1,1.47,0.0,1.321,0.51,1.145,0.893,0.397,0.51,0.218,0.755,-0.597,0.787,-0.814,0.77092,-0.936,0.217,-0.368,-0.429,-0.969,-0.562,-0.407,-0.799,-0.378,-1.438,0.327,-0.993,0.495,-1.04,0.329,-0.731,1.114,-0.514,1.421,0.046
0,1.172,0.0,0.755,0.739,1.217,-1.487,1.124,-0.816,0.939,0.585,0.919,1.057,1.177,1,1.489,-1.204,1.48,0.564,0.565,0.637,1.293,1.251,1.076,1.225,1.154,1.111,1.164,0.688,0.0,0.0,1.447,-0.832,1.271,-0.877
1,1.206,0.0,0.645,0.024,0.613,0.25,0.856,0.289,1.058,0.309,0.749,0.219,1.112,0.562,0.59,0.329,1.472,0.7,1.377,0.332,0.902,0.61267,1.246,0.432,1.032,0.623,0.593,0.743,0.927,0.961,0.789,0.993,0.812,1.114
0,0.0,0.0,0.684,-0.663,0.8,0.588,-1,-1.056,0.974,-1.248,0.0,0.0,0.0,0.0,-1.034,1.394,1.42,-1.209,0.594,-1.47,-0.779,1.221,0.944,-1.033,0.761,-1.48,0.863,-1.259,-0.501,-1.422,0.0,0.0,0.711,-0.992
1,0.52,0.0,1.188,0.105,0.795,0.243,1.346,0.246,0.83,0.193,1.061,0.374,0.86,0.304,1.184,0.62,0.942,0.69065,0.998,0.555,0.407,0.88,0.438,0.618,0.582,1.055,0.341,0.833,0.13,0.617,0.133,1.179,0.093,0.608
0,1.011,0.0,0.978,0.38889,0.0,0.0,-0.174,0.57,0.0,0.0,0.0,0.0,0.0,0.0,0.239,-0.189,0.229,0.112,0.42,0.624,0.0,0.0,0.0,0.0,1.028,0.284,0.441,0.653,0.0,0.0,0.0,0.0,0.0,0.0
1,1.099,0.0,1.231,0.054,0.882,0.082,0.699,0.101,0.781,0.149,0.533,0.215,1.475,0.303,0.606,0.258,1.099,0.502,1.043,0.71,1.022,0.4,0.56,0.433,0.451,0.601,0.869,0.98,0.49538,0.572,0.675,0.417,0.451,0.784
0,0.0,0.0,0.84,1.268,0.0,0.0,0.581,-0.929,1.263,-1,1.195,1.041,1.014,0.903,0.605,-0.675,0.98,0.524,0.73,1.011,0.877,-0.589,-1.046,-0.753,1.079,-0.833,0.649,-0.791,1.317,1.104,0.0,0.0,0.941,-1.095
1,1,0.0,0.666,0.055,1.146,0.167,1.123,0.083,0.732,0.154,0.601,0.284,1.365,0.328,0.961,0.41,0.74,0.65,1.061,0.54,1.088,0.391,0.873,0.301,0.835,0.791,0.515,0.492,0.444,0.463,0.344,0.869,0.337,0.382
0,0.0,0.0,0.76,0.67,1.232,-0.787,0.841,0.902,1.441,0.876,1.131,0.869,0.52,1.158,1.34,1.337,1.086,-0.504,-0.553,0.704,-1.371,0.683,-1.115,0.92,0.513,-0.695,0.502,1.47,-1.484,1.132,-1.147,-1,-0.724,0.804
1,0.867,0.0,1.252,0.282,0.729,0.396,0.69,0.521,1.079,0.926,1,1.391,0.939,0.615,1.433,0.711,1.376,1.065,0.66,1.347,0.659,0.677,0.979,1.201,0.519,1.464,0.307,0.783,0.103,1.486,-0.126,0.86,-1.105,0.819
0,0.0,0.0,0.567,1.011,0.573,-0.59,1.484,0.581,-1.252,1.205,0.0,0.0,0.687,1.309,0.0,0.0,0.0,0.0,-0.963,1.462,-0.986,0.819,0.724,1.32,0.595,-0.656,1.49,1,1.185,0.726,1.217,-0.695,-1.331,0.729
1,0.958,0.0,1.143,-0.077,1.208,0.419,1.247,0.106,0.685,0.285,0.951,-1.423,1.177,-0.476,1,-0.109,1.008,0.03,0.547,-0.734,0.756,-0.283,0.815,-0.524,0.585,-0.545,0.883,-0.733,1.158,-0.941,0.568,-0.889,1.308,-0.663
0,0.0,0.0,0.738,-0.595,1.074,0.693,0.505,0.693,1.296,0.877,1.19,1.461,1.384,-1.203,1,-1.363,0.966,0.862,0.54,-1.328,0.998,1.316,1.456,0.807,0.793,-0.558,1.175,0.888,0.611,-0.737,1.149,0.588,1.427,-0.949
1,1,0.0,0.802,0.077,0.798,0.218,1.313,0.208,0.57,0.27,0.992,0.602,0.396,0.29,0.368,0.498,0.705,0.889,0.703,0.462,0.219,0.939,0.349,0.888,0.24,0.516,0.166,0.764,0.064,0.556,0.03,0.9,-0.051,0.349
0,1.37,0.0,0.452,-0.096,0.807,0.284,0.537,0.237,0.286,0.58304,0.629,-0.101,0.012,0.416,0.013,0.203,0.18,0.426,0.091,0.366,0.047,0.295,-0.001,0.178,-0.03,0.1,-0.053,0.21,-0.056,0.093,-0.029,0.059,-0.035,0.058
1,0.936,0.0,1.051,-0.031,0.906,-0.052,0.617,0.015,1.243,0.021,0.501,0.094,0.485,0.081,0.821,0.042,0.402,-0.272,0.782,-0.02,0.877,0.043,0.215,-0.175,0.489,0.041,0.577,-0.083,0.474,-0.317,0.334,-0.087,0.83,0.02959
0,1,0.0,0.331,-0.049,1.157,0.037,1.451,0.658,0.528,0.138,0.41,0.147,0.61,-1.088,0.574,0.653,0.943,-0.088,0.239,-0.152,0.364,0.22,0.856,0.469,0.528,0.175,0.656,0.215,0.463,-0.032,0.322,0.079,0.404,0.139
1,1.419,0.0,0.441,0.058,1.119,-0.13,0.418,0.03,0.535,-0.033,0.734,0.017,0.755,-0.142,0.72075,-0.026,0.984,0.079,0.92,-0.109,0.432,-0.312,0.776,-0.095,1.247,-0.134,1.021,-0.03,0.897,0.033,0.608,0.046,0.896,0.011
0,0.739,0.0,0.72727,-0.038,0.795,0.036,0.731,0.671,0.702,-0.087,0.571,-0.153,0.821,0.128,0.562,1.321,0.711,0.118,0.976,0.051,0.943,-0.314,1.074,-0.557,0.638,0.306,0.566,0.188,0.575,0.097,0.385,0.107,0.79,1.32
1,1.293,0.0,0.44,-0.02,0.47,0.0,0.314,0.139,0.423,-0.069,0.426,0.147,0.538,0.097,0.297,-0.052,0.37,0.009,0.558,0.0,0.402,0.096,0.738,0.123,0.606,0.005,0.322,0.149,0.46275,0.093,0.414,0.253,0.359,0.255
0,1.083,0.0,0.382,0.089,0.235,0.182,0.341,0.209,-0.022,0.273,0.041,0.376,-0.233,0.414,-0.184,0.234,0.029,0.428,-0.494,0.144,-0.274,0.033,-0.135,0.534,-0.13,-0.06,-0.059,-0.082,-1.072,-1.112,-0.031,-0.107,-0.00526,-0.076
1,0.52,0.0,1.307,-0.11,1.034,0.343,0.877,0.198,0.85086,0.044,0.724,-0.055,0.506,0.243,0.458,0.263,0.575,0.562,0.54,0.461,1.04,0.384,1.148,0.238,0.834,0.424,0.693,0.32,0.978,0.731,0.285,0.538,0.452,0.682
0,0.704,0.0,0.966,-0.123,-0.388,-0.427,-0.092,-0.464,0.443,0.065,0.723,-0.006,-0.264,0.459,-0.29,-0.694,0.525,-0.113,1.003,-0.15729,-0.056,0.507,-0.436,0.826,0.976,-0.037,0.895,-0.132,0.451,-0.126,-0.299,-0.825,-0.251,-0.447
1,1.054,0.0,0.997,-0.183,0.504,0.037,0.465,0.444,0.377,0.094,0.675,0.377,0.335,-0.119,0.622,0.195,0.391,-0.245,0.242,-0.242,0.296,0.094,0.584,-0.031,0.299,-0.125,0.589,-0.063,0.34,-0.063,0.81,-0.275,0.523,0.14783
0,0.791,0.0,-0.668,0.217,-0.428,0.577,0.714,-0.171,0.318,-0.086,0.138,-0.218,0.275,0.079,0.381,-0.081,0.099,0.667,0.407,0.035,0.322,0.056,-0.681,-0.481,0.582,0.421,0.559,-0.566,-0.15170,0.059,0.017,0.39,0.4,-0.084
1,1.048,0.0,0.315,0.082,0.486,0.123,0.523,-0.004,0.534,0.25,0.514,-0.112,0.398,-0.059,0.508,0.023,0.769,-0.149,0.444,-0.035,0.282,0.087,0.183,-0.217,0.653,-0.035,0.264,-0.03351,0.285,0.108,0.639,-0.013,0.298,-0.028
0,1.325,0.0,0.906,0.093,0.0,0.0,0.64,0.071,0.344,1.349,0.478,1.342,-0.036,0.598,0.145,0.107,-0.021,1.003,-0.446,0.436,-0.117,0.445,-0.221,0.331,-0.696,0.743,-0.466,1.21,-0.76,0.627,-0.517,0.078,0.0,0
1,0.76,0.0,0.703,0.115,0.541,0.406,0.368,0.455,0.48,1.085,0.638,0.682,0.272,1.287,0.075,0.975,-0.11,0.586,-0.252,0.865,-0.623,0.746,-0.704,0.573,-0.377,0.205,-0.36,0.346,-0.57,0.166,-0.658,-0.051,-0.477,-0.19904
1,0.729,0.0,0.928,0.156,0.573,0.579,0.576,0.842,0.646,1.234,0.343,0.755,0.081,1.014,-0.095,1.012,-0.441,1.07,-0.344,0.737,-0.592,0.659,-0.524,0.242,-0.525,0.143,-0.737,-0.009,-0.762,-0.262,-0.936,-0.492,-0.563,-0.49700
0,1.174,0.0,-1.484,-1.32,0.0,0.0,0.602,-0.643,0.44,0.396,-1,-0.271,0.0,0.0,0.0,0.0,0.724,-0.398,0.254,-0.767,0.708,-0.567,-1.132,-1.252,0.686,-0.725,-0.963,-0.669,-0.687,-1.011,0.531,-1.309,0.0,0.0
1,0.738,0.0,1.054,0.047,1.086,0.029,0.446,0.034,0.903,0.068,0.723,0.254,0.905,0.069,0.408,0.08442,0.672,-0.11,0.334,0.0,0.824,0.069,0.653,0.092,0.392,0.179,0.377,0.12,0.437,0.219,0.676,0.163,0.665,0.104
0,0.617,0.0,1.328,-1.074,0.0,0.0,1.075,-0.856,0.506,0.787,-0.29,-1.248,0.0,0.0,0.0,0.0,0.429,-0.733,1.074,-0.325,0,0.0,0.238,-0.558,-1.456,-1.149,-0.693,-1.203,0.998,-1.175,1.168,-0.966,0.0,0.0
1,1,0.0,0.712,0.009,1.049,-0.021,0.767,-0.048,0.509,-0.051,1.009,-0.092,1.025,-0.077,1.402,-0.183,1.464,-0.14,1.316,-0.103,0.52,-0.233,1.372,-0.264,1.411,-0.124,1.057,-0.178,0.798,-0.116,0.853,-0.148,0.437,-0.12
0,0.0,0.0,0.0,0.0,0.0,0.0,0.0,0.0,0.0,0.0,0.0,0.0,0.0,0.0,0.0,0.0,0.0,0.0,0,0.0,0.0,0.0,0.0,0.0,0.0,0.0,1.151,-0.713,0.0,0.0,0.0,0.0,0.0,0.0
1,0.567,0.0,1.066,-0.114,0.889,-0.065,0.507,-0.14,1.428,0.08,0.923,-0.01,0.899,-0.341,1.463,-0.235,1.032,-0.167,0.891,-0.176,1.499,-0.169,0.58,-0.386,1.107,-0.159,0.548,-0.374,0.81428,-0.267,1.117,-0.216,0.562,-0.412
0,1.33,0.0,0.148,-0.185,0.0,0.0,0.449,-0.845,0.346,0.95833,0.484,0.059,0.506,-0.954,0.0,0.0,0.642,-0.508,0.591,-1.199,0.0,0.0,0.0,0.0,0.285,0.091,0.824,-0.255,0.062,-0.575,0.184,-0.696,0.0,0.0
1,1.46,0.0,1.208,-0.733,1.004,-0.02,0.98898,-0.568,0.513,0.596,1.391,-0.092,1.372,-0.142,1.382,-0.097,0.704,-0.096,0.737,-0.301,1.454,-0.19,1.221,-0.377,1.015,-0.379,1.224,-0.377,1.475,-0.496,1.438,-0.427,1.313,-0.359
0,1.293,0.0,0,0.0,0.0,0.0,0.0,0.0,0.0,0.0,0.668,0.99,0.0,0.0,0.0,0.0,0.275,-0.853,0.611,-1.32,0.0,0.0,0.0,0.0,0.0,0.0,0.909,0.056,0.0,0.0,0.0,0.0,0.0,0.0
1,1.072,0.0,0.751,0.005,1.023,-0.13,1.214,-0.206,1.161,-0.07,1.123,-0.044,0.565,0.044,1.296,-0.302,1.083,-0.156,1.204,-0.096,1.33,0.0,0.67,-0.066,0.972,-0.183,0.768,-0.188,0.532,-0.135,0.945,-0.267,0.973,-0.27794
0,1.469,0.0,0.087,0.1,0.0,0.0,0.0,0.0,0.398,0.956,0.233,0.617,0.0,0.0,0.0,0.0,0.458,-1.431,0.404,-0.911,0.0,0.0,0.0,0.0,-0.251,-0.902,1.377,-1.066,0.629,-0.295,0.0,0.0,0,0.0
1,1.48,0.0,0.992,-0.34,1.272,-0.866,1.117,-0.488,0.831,-0.411,0.863,-0.219,0.477,-1.044,0.684,-0.595,0.746,-0.414,1.092,-0.947,0.64,-0.601,0.561,-0.441,0.911,-0.795,0.677,-0.756,0.789,-0.761,1.056,-1,0.214,-1.067
0,1,0.0,0.362,-0.778,0.0,0.0,0.0,0.0,0.699,1.055,1.432,-0.251,0.0,0.0,0.0,0.0,0.784,-0.139,0.437,-0.847,1.429,-1.223,0.0,0.0,0.0,0.0,1.029,-1.276,-0.128,-0.668,0.0,0.0,0.0,0.0
1,0.514,0.0,1.017,0.243,0.80920,0.609,0.779,0.816,0.316,0.361,0.341,1.006,0.202,1.263,-0.03,0.909,-0.176,0.833,-0.345,0.378,-0.385,0.791,-0.843,0.288,-0.614,0.246,-0.326,0.124,-0.492,-0.085,-0.317,-0.281,-0.471,-0.25
0,0.676,0.0,0.269,-0.751,0.0,0.0,1.352,-1.068,0.708,0.882,0.25,0.441,0.0,0.0,0.0,0.0,0.53,-0.193,0.758,-1.268,0.0,0.0,0.0,0.0,0.11,0.821,1.046,0.167,0.0,0.0,0,0.0,0.0,0.0
1,1.349,0.0,1.079,0.229,0.924,0.437,1.028,0.896,0.436,0.93,0.28,0.764,0.061,0.966,-0.129,0.91404,-0.275,0.661,-0.342,0.599,-0.452,0.385,-0.541,0.349,-0.583,0.034,-0.54,-0.124,-0.341,-0.295,-0.31,-0.359,-0.253,-0.673
0,1,0.0,0.826,0.935,-0.375,1.245,-0.523,0.513,0.04,0.181,-0.141,-0.108,-0.036,-0.045,0.007,-0.018,0.015,-0.004,0.002,0.001,0.001,0.001,-0.0,0.0,-0.0,0.0,-0.0,0.0,0.0,0.0,0.0,0.0,0.0,0.0
1,1.358,0.0,0.246,-0.117,0.261,0.037,0.176,0.165,0.166,0.075,0.44,0.033,0.345,-0.034,0.358,-0.033,0.158,-0.159,0.292,0.034,0.46,0.0,0.167,-0.09,0.35714,-0.043,0.235,-0.021,0.255,0.0,0.085,-0.016,0.159,-0.016
0,1.391,0.0,0.815,-0.142,0.69,0.044,0.57377,-0.011,0.607,0.018,0.739,-0.026,0.678,0.0,0.827,-0.12,0.246,-0.14,0.526,-0.106,0.455,0.027,1.433,-0.274,0.225,-0.504,0.565,-0.139,0.216,-0.023,0.325,-0.381,0.654,-0.046
1,0.729,0.0,0.571,0,1.11,0.022,1.049,0.033,0.472,0.0,0.462,0.065,0.802,0.048,0.929,0.108,0.514,0.336,0.495,0.152,0.925,0.072,0.805,0.088,1.111,0.121,0.582,0.224,0.762,0.032,0.733,0.162,0.623,0.102
0,1,0.0,0.297,0.308,-0.876,0.148,-0.237,-0.82,0.919,0.014,0.606,0.469,-0.368,0.289,-0.239,-0.794,0.243,0.211,0.515,0.069,-0.423,0.428,-0.67,-0.654,0.214,0.481,0.498,0.221,0.832,0.419,-0.485,-0.183,0.149,-0.666
1,1,0.0,0.485,-0.072,0.54,-0.022,0.793,-0.035,1.025,0.003,1.11,-0.084,0.737,-0.104,0.862,-0.123,1.202,0.033,0.879,-0.026,0.888,-0.08,1.464,-0.111,0.992,0.046,1.149,-0.17,0.78,-0.115,0.807,-0.098,1.19,-0.427
0,1.095,0.0,0.239,-0.156,0.414,-0.112,0.094,-0.567,0.463,-0.036,0.403,-0.031,0.398,0.257,0.397,-0.609,0.172,-0.01818,0.518,0.027,0.13,0.427,0.314,0.209,0.449,0.085,0.479,-0.062,0.357,-0.076,0.084,-0.458,0.197,-0.25
1,0.527,0.0,1.215,-0.512,0.935,0.503,0.709,-0.055,0.598,0.0,0.64,-0.001,0.657,0.054,0.717,-0.061,1.097,-0.001,0.666,0.0,0.684,0.084,0.986,-0.001,1,0.853,1.085,-0.001,0.852,-1.007,0.877,0.269,0.313,-0.15
0,1.187,0.0,0.822,0.689,-0.601,-0.178,0.369,-0.129,0.666,-0.12,-0.345,0.133,0.395,0.0,0.321,-0.099,-0.338,0.513,0.182,0.036,0.426,0.032,0.14,-0.26190,-0.567,-0.064,0.243,-0.747,0.945,0.0,-0.378,-0.029,0.212,0.02
1,1.015,0.0,0.255,0.059,0.324,-0.153,0.564,0.0,0.173,-0.05,0.541,0.0,0.423,0.069,0.521,0.02083,0.468,-0.228,0.305,-0.172,0.411,0.091,0.281,0.279,0.202,-0.193,0.584,-0.148,0.471,-0.086,0.776,-0.367,0.307,-0.08
0,1.46,0.0,0.938,1.454,0.0,0.0,0.0,0.0,0.0,0.0,0.701,-0.481,-0.692,0.294,-1.355,0.395,0.735,1.27,0.0,0.0,0.0,0.0,0.62030,0.303,-1.221,-0.653,0.569,-1.487,0.704,1.475,0.0,0.0,0.0,0.0
1,0.585,0.0,1.061,0.037,1.385,0.14,0.852,0.27,1.085,-0.496,0.711,0.448,0.735,0.251,1.046,0.345,0.973,0.308,0.999,0.552,0.272,0.6,0.368,0.588,0.299,0.591,0.34,0.36,1.193,1.191,0.241,0.353,0.241,0.37191
0,0.816,0.0,0.749,0.227,0.878,0.863,0.429,0.823,0.985,-0.135,0.735,0.097,0.95824,-0.964,0.972,0.564,0.991,-0.066,1.319,0.167,0.751,-1.036,1.0,-0.568,0.337,-0.32,1.076,0.178,0.758,0.374,0.824,1.11,0.944,0.947
1,0.711,0.0,0.591,0.139,1.083,-0.016,1.37,0.016,1.425,-0.137,1.047,-0.03,1.137,-0.028,1,-0.076,1.454,-0.031,1.146,0.023,1.177,-0.086,1.155,-0.032,1.128,-0.105,0.863,-0.087,0.741,0.015,0.645,-0.078,1.333,-0.072
0,1.034,0.0,0.0,0.0,-0.424,0.806,0.0,0.0,0.358,-1.209,1.034,0.251,-0.216,-0.877,-0.229,0.638,0.644,0.096,0.0,0.0,0.0,0.0,-0.108,-1.148,0.0,0.0,0.811,-1.283,0.0,0.0,0.046,0.31,0.0,0
1,0.808,0.0,0.868,0.011,0.612,0.009,0.811,-0.005,0.538,-0.041,1.22,-0.032,1.412,-0.016,0.747,-0.026,1.055,-0.01175,1.425,0.0,0.815,-0.018,1.432,-0.054,0.508,-0.046,0.516,-0.049,1.058,-0.031,1.349,-0.049,0.973,-0.037
0,1.037,0.0,0.0,0.0,1.221,-0.131,0.191,-0.064,0.0,0.0,1.316,0.102,1.099,-0.103,0.76,0.036,1.029,-0.167,0.0,0.0,1.16,-0.165,0.798,-0.616,0.0,0.0,0.929,-0.13,0.0,0.0,1.054,-0.15,0.415,-0.15676
1,0.903,0.0,0.774,0.017,0.267,-0.017,0.565,0.018,0.132,0.064,0.586,0.065,0.278,0.029,0.258,0.0,0.344,0,0.316,0.058,0.174,0.081,0.138,0.037,0.174,0.124,0.153,0.035,0.111,0.046,0.114,0.0,0.179,0.076
0,1,0.0,1.041,1.263,0.73,-0.929,0.0,0.0,0.0,0.0,1.241,0.822,0.807,-1.079,0.589,0.675,1.365,-0.875,0.0,0.0,0.0,0.0,0.806,-0.332,0.0,0.0,0.834,-0.877,1.014,0.916,1.095,-0.514,0.0,0.0
1,1.123,0.0,0.241,0.285,0.633,0.252,0.299,0.124,0.538,0.633,0.168,0.327,0.139,0.631,0.0,0.264,-0.053,0.756,-0.234,0.686,-0.31,0.341,-0.148,0.248,-0.839,0.22449,-0.535,0.1,-0.669,0.169,-0.511,0.0,-0.24,-0.258
0,0.922,0.0,0.0,0.0,1.34,-0.804,0.0,0.0,0.0,0.0,0.502,1.158,0.86,-0.25342,0.841,0.321,1.115,-0.869,0.0,0.0,0.0,0.0,0.695,0.787,0.0,0.0,0.92,-1.486,0.0,0.0,0.704,-0.783,0.0,0.0
1,0.926,0.0,0.624,0.368,0.857,0.307,1.086,0.586,0.332,1.037,0.19118,1.114,-0.03,0.568,-0.191,1.181,-0.305,0.809,-0.442,0.454,-0.504,0.532,-1.033,0.11,-0.867,-0.077,-0.742,-0.194,-0.38,-0.289,-0.537,-0.407,-0.205,-0.409
0,1.309,0.0,-0.656,0.205,0.319,0.103,-0.888,-0.668,-0.252,0.517,-1.308,1.008,-0.925,0.195,-0.799,-0.031,-0.655,-0.939,-0.75,-0.489,-0.06,-0.483,1.115,-0.682,-0.986,-0.256,0.64,0.052,-0.59,0.063,0.273,0.028,-0.596,-0.48241
1,0.693,0.0,0.178,-0.088,0.511,0.0,0.196,-0.187,0.5,0.125,0.656,0.01,0.542,0.068,0.409,-0.049,0.628,0.213,0.396,-0.019,0.437,0.114,0.996,0,0.298,0.194,0.635,0.064,0.584,0.023,0.255,0.039,0.285,-0.047
0,0.782,0.0,-0.215,0.351,-0.354,0.14,-0.208,-0.04444,0.038,-0.038,0.025,0.031,-0.012,0.04,-0.01,-0.002,-0.001,-0.007,0.002,-0.001,0.001,0.001,-0.001,0.001,-0.001,-0.001,0.0,-0.0,0.0,0.0,0.0,0.0,-0.0,0.0
1,1,0.0,1.426,-0.325,0.945,0.263,0.547,-0.265,1.051,0.104,0.982,-0.233,0.72,0.0,0.643,-0.041,0.434,-0.147,0.511,-0.193,0.783,0.074,0.771,0.141,0.238,-0.262,0.712,-0.282,0.302,-0.319,0.48,-0.728,0.703,-0.122
0,1.45,0.0,1.224,-0.038,-0.961,-0.206,-0.877,-0.015,0.694,0.008,0.915,-0.011,-1.151,0.086,-0.553,-0.006,0.987,-0.033,0.58,-0.021,-0.824,0.078,-1.177,0.387,0.612,-0.004,0.883,0.153,0.599,-0.078,-1.007,-0.099,-0.617,-0.34375
1,1.472,0.0,0.931,0.028,1.336,-0.007,0.899,0.011,0.781,-0.018,0.656,0.004,0.948,-0.025,1.061,-0.006,0.898,-0.017,1.307,0.02,1.314,-0.05,0.83,-0.02370,0.813,-0.034,1.327,-0.02,0.729,0.029,0.801,-0.032,1.061,0.006
0,1,0.0,1.412,-0.051,1.015,-1.33,0.736,-0.147,0.29,-0.156,1.468,-0.373,0.172,-0.065,1.228,-0.39,1.278,-0.422,0.512,-0.528,0.0,-0.267,0.86,-0.261,0.555,-0.235,1.13,-0.644,0.913,-0.15,0.752,-0.65,1.174,-0.655
1,1.469,0.0,0.441,-0.058,0.347,-0.154,0.305,-0.037,0.084,-0.075,0.045,-0.039,0.025,-0.015,0.01,-0.02,0.002,-0.009,0.001,-0.005,-0.0,-0.002,-0.0,-0.002,-0.0,-0.00090,-0.0,-0.001,-0.0,-0.0,-0.0,-0.0,-0.0,-0.0
0,1.076,0.0,0.747,-0.105,0.53,0,0.561,-0.083,0.495,-0.174,0.642,-0.086,0.88,-0.125,0.695,-0.127,0.702,-0.089,0.725,-0.312,0.489,-0.288,0.629,-0.12,0.635,-0.284,0.387,-0.292,0.448,-0.311,0.252,-0.27,0.466,-0.287
1,1,0.0,0.344,0.178,0.484,0.248,0.233,0.225,0.081,0.113,0.011,0.122,-0.028,0.078,-0.043,0.042,-0.021,0.03,-0.041,0.019,-0.028,0.003,-0.018,-0.004,-0.01,-0.006,-0.004,-0.007,-0.003,-0.006,-0.001,-0.003,0.0,-0.004
0,1.112,0.0,-0.65625,0.142,0.092,0.0,0.0,0.044,0.403,0.078,0.143,0.0,-0.043,0.08,0.089,0.0,0.117,-0.184,0.258,-0.435,0.0,-0.116,0.0,0.0,0.021,-0.573,0.025,0.0,-0.747,0.038,-0.045,0.0,0.0,0.058
1,0.974,0.0,0.758,-0.015,0.52,-0.018,1.033,-0.064,1.198,-0.011,0.803,-0.032,0.594,0.069,1.034,-0.068,1.408,0.076,0.566,-0.007,1.422,0.038,0.847,0.043,0.924,0.079,1.245,0.016,1.148,-0.016,1.065,0.02,0.97,-0.07027
0,0.529,0.0,0.85271,0.069,1.179,0.114,1.02,1.447,0.56,-0.01,0.625,0.02,1.091,0.219,0.717,1.16,1.098,0.057,0.925,0.096,1.029,0.579,0.55,-1.432,0.542,0.038,0.907,0.641,0.892,0.063,1.412,1.08,1.024,1.429
1,1.436,0.0,0.707,-0.017,1.054,0.113,1.475,0.018,0.687,0.006,0.538,-0.022,0.517,0.0,1.259,0.06417,1.463,0.025,0.472,0.03,0.899,0.022,0.851,-0.011,1.22,0.059,1.368,0.031,0.506,0.011,1.48,0.087,0.781,0.049
0,0.806,0.0,-0.108,0.3,0.159,0.068,0.224,0.383,0.303,0.366,0.46,-0.208,0.072,0.304,-0.13,0.209,-0.108,0.252,-0.182,0.247,-0.591,-0.072,0.236,0.205,-0.372,-0.156,0.32190,-0.208,-0.636,0.155,-0.173,-0.182,0.235,0.016
1,0.863,0.0,0.822,0.027,0.477,0.072,0.49,0.055,0.472,0.0,0.373,0.0,0.993,0.0,0.443,0.0,0.884,0.101,0.694,0.12,0.69,-0.031,0.712,0.0,0.528,0.131,0.868,0.077,0.609,0.146,0.4,0.146,0.664,0.16667
0,1.149,0.0,0.03,-0.005,0.09,0.005,0.0,-0.015,0.007,-0.027,0.008,-0.069,-0.006,0.073,0.039,-0.029,0.0,0.1,-0.066,0.07542,-0.059,0.018,0.032,-0.006,0.012,0.007,0.063,-0.006,0.035,-0.004,0.05,0.0,0.043,-0.017
1,1,0.0,1.027,0.252,0.571,0.578,0.413,0.644,0.019,1.07,-0.128,1.217,-0.362,0.388,-0.534,0.611,-0.599,0.066,-0.526,-0.262,-0.441,-0.647,-0.329,-0.818,-0.032,-0.892,0.218,-0.52,0.266,-0.21,0.513,-0.154,0.404,-0.053
0,0.815,0.0,0.039,0.02,-0.016,0.034,0.017,0.033,-0.054,0.012,0.011,-0.097,-0.035,0.035,-0.078,-0.05,-0.065,0.065,-0.027,0.05,0.027,0.029,-0.032,-0.011,0.022,-0.011,0.009,0.022,0.031,0.011,0.024,0.008,-0.056,-0.00575
1,1.308,0.0,0.995,-0.007,0.488,0.01,0.549,0.003,1.034,0.016,0.888,-0.015,0.943,0.039,0.85123,0.012,0.965,-0.005,0.648,-0.018,0.431,0.024,0.643,0.067,0.683,-0.015,0.461,0.004,0.978,-0.063,0.878,0.017,0.543,0.004
0,0.547,0.0,0.023,0.019,0.002,0.0,0.021,-0.016,0.02,-0.029,-0.056,-0.015,0.02,-0.025,0.0,-0.048,-0.042,-0.033,-0.024,0.043,0.015,0.005,0.049,-0.03,0.072,0.014,0.048,0.021,0.029,0.005,-0.02568,-0.022,-0.017,0.019
1,0.949,0.0,0.61,0.142,0.293,0.248,0.203,0.475,0.011,0.439,-0.027,0.473,-0.487,0.193,-0.231,0.194,-0.404,0.037,-0.584,-0.065,-0.143,-0.112,-0.075,-0.534,-0.235,0.003,0.037,-0.256,0.081,-0.285,0.216,-0.337,0.23,0.04233
0,0.96,0.0,0.106,0.006,0.073,-0.036,0.141,-0.097,0.085,-0.044,0.244,-0.016,0.062,0.098,0.099,-0.187,0.317,-0.045,0.233,0.063,0.077,0.0,0.058,-0.003,0.148,-0.113,0.121,0.015,0.131,-0.056,0.098,-0.07323,0.149,-0.061
1,0.765,0.0,1.016,0.416,0.464,0.583,0.155,0.488,-0.549,0.84,-0.525,0.372,-0.712,0.0,-0.347,-0.322,-0.426,-0.412,-0.185,-0.69287,0.333,-0.528,0.72,-0.241,0.931,-0.034,0.316,0.441,0.281,0.316,0.031,0.309,-0.189,0.669
0,0.991,0.0,0.01975,0.008,0.041,-0.011,0.017,0.007,0.016,0.036,0.004,0.001,0.018,-0.026,-0.015,0.063,-0.058,0.037,-0.019,-0.003,0.037,-0.021,0.018,0.0,0.0,-0.019,0.018,-0.011,0.007,-0.02,-0.019,-0.015,0.007,0.0
1,1.469,0.0,1.006,0.001,0.932,-0.082,0.828,-0.022,0.84317,0.059,0.466,0.178,0.906,-0.031,0.962,0.03,0.941,-0.077,0.464,-0.141,0.663,0.015,0.765,0.033,0.899,-0.024,0.849,-0.049,0.812,-0.065,0.984,-0.025,0.635,-0.084
0,0.569,0.0,1.344,-1.475,0.557,0.81,-1.419,1.004,1.438,-0.938,1.029,-1.313,-1.133,-0.54,-0.891,1.372,1.454,1.27,0.653,1.224,-1.382,0.737,1.46,-0.89,1.487,-1.494,1,1.391,0.646,1.088,-1.049,1.36,-1.058,1.321
1,0.832,0,0.435,0.39,0.359,0.577,0.13,0.979,-0.492,0.837,-0.954,0.365,-1.347,0.081,-0.958,-0.175,-0.783,-0.435,-0.246,-1.273,0.298,-1.041,0.684,-0.278,0.575,-0.312,0.947,0.2,0.344,0.627,0.115,0.79,-0.158,0.699
0,1.431,0.0,0.939,0.564,1.152,0.391,0.86,-1.066,1.204,1.06,0.022,0.037,1.489,0.637,0.0,0.0,1.041,-1.112,1.271,0.662,1.072,0.613,0.255,1.058,1.217,1.111,1.225,1.038,1,1.164,-1.061,0.902,0.0,0.0
1,1.135,0.0,1.394,0.756,0.912,1.472,0.014,1.209,-0.509,0.67,-1.169,0.733,-0.815,0.117,-1.412,-0.25,-0.59,-0.408,-0.161,-0.58,0.302,-0.617,0.898,-0.428,1.126,-0.254,1.006,0.254,0.72549,0.701,0.348,1.157,-0.076,1.326
0,1.034,0.0,0.0,0.0,-1.033,-1.263,-1,0.52,0.0,0.0,-0.97,0.831,0.601,0.579,0.588,-1.056,0.0,0.0,0.0,0.0,-0.758,-1.432,-1.402,0.994,0.997,0.353,1.422,-0.863,0.0,0.0,-0.944,-1.259,-1.148,0.704
1,1.179,0.0,0.328,0.643,0.548,1.282,-0.275,0.529,-0.45,0.462,-1.286,0.411,-0.955,-0.08,-1.024,-0.242,-0.448,-0.889,0.782,-1.019,-0.136,-0.581,0.634,-0.22222,0.183,0.0,1.317,0.408,0.519,0.834,0.234,0.896,-0.571,0.822
0,0.0,0.0,0.0,0.0,0.0,0.0,0.0,0.0,0.0,0.0,0.0,0.0,0.0,0.0,0.0,0.0,0.0,0.0,0.0,0.0,0.0,0.0,0.0,0.0,0.0,0.0,1.259,0.0,0,0.0,0.0,0.0,0.0,0.0
1,1.268,0.0,1.014,0.0,1.046,0.0,0.617,0.451,0.828,0.0,0.718,0.121,0.614,0.083,0.73,0.104,0.464,0.268,1.014,0.3,0.4,0.0,0.929,-0.159,0.396,0.687,0.43,0.206,0.507,0.25000,0.452,0.234,0.595,0.239
0,0.0,0.0,-0.514,1.241,0.916,0.589,0.0,0.0,0.822,-1,0.941,-1.317,0.807,-0.904,-0.7,-0.605,0.0,0.0,-1.079,-0.834,0.0,0.0,0.0,0.0,-1.048,-0.863,0.675,-0.732,1.371,0.76,-1.263,-0.98,0.0,0.0
1,1.394,0.0,0.778,0.0,0.517,0.0,0.406,0.077,0.871,-0.084,0.937,-0.154,0.943,-0.268,0.754,0.0,1.145,0.0,0.915,-0.15,0.802,-0.11111,0.94,-0.102,0.862,0.0,0.642,-0.052,1.087,0.068,0.489,-0.107,0.569,0.0
0,0,0.0,0.0,0.0,0.0,0.0,0.0,0.0,0.0,0.0,0.0,0.0,-1.249,-1.169,0.0,0.0,1.335,0.679,0.0,0.0,0.0,0.0,-1.266,0.528,0.0,0.0,1.259,-0.552,-0.911,-1.252,0.993,1.489,0.0,0.0
1,0.754,0.0,1.473,0.351,1.241,-0.45455,1.192,0.077,1.294,-0.101,1.373,0.0,1.157,-0.173,1.309,-0.136,1.104,0.135,1.379,0.0,1.008,-0.462,1.157,0.085,1.276,-0.046,0.695,-0.068,0.546,0.55,1.189,-0.234,0.718,-0.259
0,0.73,0.0,0.315,-0.738,0.0,0.0,0.0,0.0,0.508,0.28788,0.253,0.207,-0.083,0.382,0.234,0.42,-0.571,0.217,0.125,-0.095,0.01,-0.726,-0.366,0.094,0.246,-0.211,0.292,-0.717,0.414,0.215,0.173,-0.024,0.233,-0.544
1,1.003,0,0.883,0.112,1.275,0.265,1.107,0.282,0.634,0.066,0.97,0.241,0.87,0.119,0.774,0.625,1.433,-0.078,1.268,-0.139,1.472,0.245,0.591,0.491,1.345,-0.077,1.242,0.145,1.448,0.073,0.918,0.289,1.476,0.304
0,0.812,0.0,0.0,0.0,-0.713,-0.315,1.166,0.692,0.086,-0.18,-0.977,-0.328,0.093,-0.63,1.102,-1.012,0.0,0.0,0.57,-0.1,-0.206,1.011,0.093,-0.979,0,0.0,-0.101,-0.495,-0.236,-0.406,0.902,1.253,-0.688,0.382
1,1.05,0.0,0.742,0.295,0.763,-0.113,0.624,0.25000,1.002,-0.108,0.938,0.043,1.135,0.132,0.362,0.0,1.142,0.03,0.553,0.121,0.539,-0.108,1.025,0.237,0.745,-0.168,0.662,0.043,1.35,0.271,1.01,0.0,0.879,0.053
0,1.313,0.0,0.18590,-0.085,0.0,0.0,0.0,0.0,0.0,0.0,0.0,0.0,0.09,-0.188,0.0,0.0,0.0,0.0,0.0,0.0,0.0,0.0,-0.072,-0.078,0.052,0.11,0.228,-0.156,0.111,0.108,0.023,-0.06,0.136,0.236
1,1.057,0.0,1.037,-0.095,0.836,-0.107,0.644,-0.356,1.199,-0.219,1.009,-0.364,0.968,-0.491,0.91904,-0.457,0.642,-0.976,0.883,-0.722,0.418,-0.567,0.733,-0.567,0.582,-0.873,0.45,-0.468,0.326,-0.71,0.14,-0.964,0.162,-0.921
0,0.613,0.0,0.657,0.823,-0.969,1.05,-0.892,-0.555,0.24,0.286,0.29,0.083,0.22807,0.035,0.21,0.326,0.373,-0.038,0.195,0.419,0.0,0.0,-0.421,-0.209,1.196,-0.922,0.974,-1.221,0.524,-0.17,0.346,0.123,1.038,0.099
1,0.884,0.0,1.096,0.188,0.517,0.003,1.067,-0.303,0.912,-0.131,0.879,-0.166,0.631,-0.279,0.662,-0.342,0.596,-0.582,0.381,-0.805,0.826,-0.39328,0.505,-0.329,0.18,-0.446,0.38,-0.718,0.078,-0.572,0.13,-0.558,0.227,-0.311
0,0.0,0.0,-0.841,1.481,1.268,-0.984,0.0,0.0,0,0.0,1.247,-0.6,1.228,0.766,0.0,0.0,0.88,-1.18,0.0,0.0,0.0,0.0,0.914,1.118,-0.718,0.673,0.644,-0.918,-0.503,1.402,-0.807,-0.9,0.0,0.0
1,1.476,0.0,1.067,-0.207,1.185,-0.265,0.677,-0.252,0.731,-0.219,1.115,-0.41,0.854,-0.411,0.346,-0.738,0.35,-0.622,0.163,-1.006,0.574,-0.596,0.378,-0.842,0.183,-0.523,0.08,-0.392,-0.044,-0.675,-0.019,-0.788,-0.07457,-0.425
0,0.567,0.0,-0.987,-0.869,-0.718,1.262,1.09,-1.07,1.27,0.628,0.0,0.0,0.237,-1.38,1.112,1.481,0.0,0.0,1.226,0.867,0.641,1.2,0.0,0.0,-0.716,1.317,0.208,-0.696,1.024,-0.978,0.655,-0.741,0.428,1
1,0.873,0.0,0.553,0.405,0.68,1.116,0.09916,1.007,-0.303,0.722,-1.08,0.764,-1.171,0.257,-0.736,-0.181,-0.542,-0.859,-0.342,-0.525,0.082,-1.212,0.297,-0.818,0.734,-0.306,0.622,0.116,0.893,0.348,0.274,0.81,-0.004,0.391
0,1,0.0,0.687,1.214,0.0,0.0,1.382,-1.293,-0.847,-1.259,1.481,0.729,1.495,-1.005,0.0,0.0,0.557,-1.337,1.301,1.121,0.0,0.0,0.928,-0.618,-0.582,-0.762,0.516,1.302,-0.631,1.3,-0.992,1.146,0.0,0.0
1,0.948,0.0,0.506,0.511,1.399,1.082,1.153,0.515,-0.171,1.053,-0.69,0.915,0.0,1.355,-0.909,1.418,-0.754,0.0,-1.476,-0.416,-1.313,-1.12,-1.051,-0.345,-0.474,-1,0.24,-1.248,1.447,-1.281,0.0,-1.284,1.204,-0.537
0,0.0,0,-1.231,0.798,-0.518,-1.179,0.0,0.0,-0.664,0.52,1.201,-1.105,-0.924,-0.632,-0.97,0.951,0.0,0.0,-1.365,-0.947,-0.692,0.636,0.0,0.0,0.754,-0.918,0.849,1.352,1.198,-1.398,1.371,0.961,0.0,0.0
1,1.031,0.0,0.835,0.047,0.804,0.136,1.252,0.275,0.867,-0.123,1.319,0.332,0.734,0.566,0.505,0.462,-0.531,0.629,1.492,0.0,1,0.974,1.075,1.252,1.467,1.167,1.206,0.936,0.909,0.206,0.773,0.507,0.921,0.977
0,0.0,0.0,-0.895,-0.501,0.0,0.0,0.0,0.0,0.0,0.0,0.0,0.0,0.0,0.0,0.915,-0.619,0.0,0.0,-1.387,-0.778,0.0,0.0,0.963,0.549,0.845,-0.871,0.609,-1.087,0.0,0.0,0.0,0.0,0.0,0
1,1.335,0.0,0.852,-0.099,0.837,-0.089,-0.183,-0.267,0.375,0.051,0.567,-0.366,0.195,-0.31997,0.025,-0.263,0.301,-0.325,0.211,-0.265,0.114,-0.313,0.055,-0.374,0.03,-0.228,-0.0,-0.294,-0.031,-0.191,-0.033,-0.247,0.012,-0.288
0,0.845,0.0,0.0,0.0,0,0.0,0.0,0.0,0.0,0.0,1.189,-0.275,0.248,0.315,0.0,0.0,0.0,0.0,0.0,0.0,-0.282,-0.286,-0.229,0.7,-1.27,0.638,0.05,1.104,-0.215,-0.718,-0.162,-0.229,-0.285,-0.707
1,1,0.0,1.448,0.026,0.931,0.117,0.506,0.217,1.129,-0.184,0.391,0.681,0.434,0.184,0.763,0.26,0.424,0.222,0.632,0.26,0.551,0.188,0.349,0.273,0.509,0.328,0.384,0.28,0.374,0.124,0.255,0.286,0.135,0.123
0,0.87,0.0,1.117,-0.096,-0.62,-1.193,-0.955,-0.685,0.651,0.392,0.901,0.7,-0.634,-0.774,-1.472,0.823,0.46,1.329,1.268,0.718,0.774,-1.023,-1.003,-1.345,1.03,0.523,0.883,0.82,1.291,0.50794,-0.729,-0.415,-0.591,1.075
1,1.039,0.0,0.777,-0.002,0.33,0.523,0.837,-0.425,0.993,0.17,0.675,0.113,0.95,0.05,0.481,0.041,0.84628,-0.343,0.729,-0.153,0.426,0.186,0.577,-0.04,0.45,-0.028,1.208,-0.031,1.366,0.065,0.897,-0.119,0.94,-0.149
0,1,0.0,0.681,-1.366,1.343,0.81,0.881,1.282,1.207,-0.621,1.295,1.426,0.835,0.894,1.023,0.785,0.0,0.0,1.457,0.915,1.05,1.35,1.3,-0.511,1.422,0.553,1.197,0.493,1.059,-0.607,-0.538,1.012,0.713,0.797
1,1.249,0.0,1.41,0.205,0.71,-1.03,1.11,-0.148,1.221,0.175,0.894,0.367,1.171,-0.06861,1.125,0.093,0.751,-0.137,0.888,-0.154,0.567,0.025,0.916,0.138,1.313,-0.006,0.776,-0.066,0.791,0.02,0.963,-0.086,1.016,-0.119
0,1.044,0.0,0.187,-1.164,-1.128,-1.199,-0.071,1.037,0.879,0.95041,0.631,-0.333,-1.296,-0.441,-0.081,0.907,0.501,0.321,0.345,-0.208,-0.171,-0.252,-0.169,0.04,0.028,0.043,0.019,-0.013,-0.005,-0.018,-0.011,0.001,0.0,0.003
1,1,0.0,0.955,0.196,0.689,-0.178,1.251,-0.053,0.876,-0.073,0.68,0.259,1.287,0.029,1.335,0.015,0.673,-0.068,1.168,0.061,0.951,0.001,0.826,0.253,0.657,-0.124,0.974,-0.004,0.46,0.047,0.638,-0.176,0.955,-0.063
0,0.0,0.0,0.0,0.0,0.0,0.0,0.0,0.0,0.0,0.0,0.0,0.0,0.772,0.926,1.245,1.353,1.461,-0.817,0.0,0.0,0.666,0.78,0.831,-0.752,1,1.014,0.609,0.0,0.947,0.518,1.004,-1.329,0.0,0.0
1,1,0.0,0.926,-0.349,1.379,-0.223,1.163,-0.283,0.688,-0.301,0.721,-0.555,0.696,-0.321,0.43,-0.826,0.351,-0.355,0.501,-0.387,0.699,-0.838,0.5,-1.107,0.614,-0.44,0.287,-0.685,0.295,-0.562,0.222,-0.668,0.116,-0.684
0,0.879,0.0,0.0,0.0,0.0,0.0,0.0,0.0,-1.045,-0.823,0,0.0,0.778,-1.458,0.0,0.0,-1.101,-0.939,-1.419,-1.396,0.859,-1.128,-0.886,-0.99,1.157,0.81,-0.657,-0.178,1.244,-1.262,0.0,1.417,0.0,0.0
1,1.314,0.0,1.07,0.058,1.115,-0.112,0.508,0.0,1.2,0.0,1.424,0.0,0.567,0.051,1.347,-0.05,1.401,0.0,0.987,0.0,0.811,0.092,0.976,0.125,1.154,0.046,0.592,0.021,0.745,0.093,0.844,-0.063,1.059,0.04545
0,0.0,0.0,0.0,0.0,-0.932,0.818,0.873,1.077,-0.516,-0.862,0.0,0.0,-1.249,-0.872,-1,-0.377,-1.31,-1.297,1.361,-1.058,0.83,-1.224,0.0,0.0,0.849,-0.798,-1.323,-0.803,0.0,0.0,1.467,-0.506,0.0,0.0
1,1.248,0.0,0.695,-0.131,1.451,0.129,1.101,0.047,0.502,-0.019,0.963,-0.214,0.973,0.136,1.225,0.033,1.3,0.0,1.293,0.0,0.76471,0.153,0.607,0.041,0.577,0.039,0.516,0.013,1.079,-0.069,1.283,0.05,0.563,0.076
0,1.034,0.0,-0.624,1.198,-1.497,0.105,0.188,0.805,-1.495,1.447,-1.313,-1.284,1.399,1.201,-1.204,-0.154,0.268,-0.506,1.319,1.051,-0.31402,-0.754,-1.25,-1.053,0.909,-1.281,-0.915,-0.051,1.082,-1.476,-1.21,-0.26,0.077,1.355
1,0.961,0.0,0.301,-0.144,0.586,0.009,1.082,0.026,0.938,-0.051,0.581,0.0,0.941,0.029,0.719,0.078,0.982,0.553,1.398,0.05,0.547,0.06,0.866,0.051,0.215,0.146,0.605,0.047,0.273,-0.154,0.49,0.076,0.57418,0.107
0,1,0.0,-0.009,-0.651,0.0,0.0,-0.017,1.387,0.0,0.0,0.0,0.0,0.0,0.0,0.0,0.0,0.0,0.0,0.243,0.856,-0.283,0.625,-0.285,-1.011,0.0,0.0,-0.387,-0.765,0.0,0.0,0.0,0.0,0.0,0.0
1,0.915,0.0,0.569,0.398,0.549,0.279,0.506,0.388,1.278,-0.118,1,0.0,0.581,-0.588,0.613,0.265,0.674,-0.882,0.943,-0.267,1.098,-0.396,0.895,0.074,1.261,-0.098,0.878,0.069,0.891,0.307,1.383,0.4,0.791,0.38
0,0.0,0.0,-1.489,-1.157,1.335,-0.911,-1.312,0.622,0.0,0.0,0.905,-0.528,0.695,-1.252,0.0,0.0,0.0,0.0,0.0,0.0,-1.104,0.993,1.294,-1.177,-1.436,1.489,1.397,1.266,0.0,0.0,1.06,0.355,0.0,0
1,1,0.0,0.507,0.05,0.468,0.068,0.376,0.226,0.492,0.0,0.462,-0.085,0.55,-0.124,0.247,-0.016,0.833,-0.13,0.375,0.0,0.23,-0.134,0.234,0.154,0.517,-0.116,0.264,-0.009,0.374,0.0,0.274,0.0,0.304,-0.018
0,1.205,0.0,-0.507,-0.462,0.0,0.0,-0.73,0.64516,-0.561,1.061,0.0,0.0,0.0,0.0,0.0,0.0,0.0,0.0,0.0,0.0,-0.658,-0.592,0.0,0.0,0.286,0.16,0.635,0.61,0.0,0.0,0.0,0.0,0.0,0.0
1,0.823,0.0,1.012,0.184,0.883,0.798,1.125,0.949,0.87,-0.088,0.877,-0.156,1.234,0.037,0.718,0.0,0.253,-0.158,0.634,0.022,1,-0.273,0.729,0.0,0.186,-0.341,0.82,0.038,0.918,0.074,0.97,0.756,1.268,0.0
0,0.0,0.0,0.953,1.011,0.769,-0.532,1.012,1.166,0.713,1,0.502,1.362,1.211,-1.355,1.059,1.102,0.702,-1.055,0.834,-0.526,1.039,0.977,0.687,0.812,0.681,-1.018,0.544,1.084,1.251,1.058,0.718,1.145,0.83,1.384
1,1,0.0,1.131,0.493,0.552,1.123,0.148,1.221,-0.299,0.711,-0.584,0.471,-0.824,0.217,-0.834,-0.22,-0.709,-0.424,-0.298,-1.078,0.227,-0.942,0.431,-0.775,0.552,-0.334,0.632,0.054,0.292,0.579,0.369,0.738,-0.069,0.41
0,0.0,0.0,0.648,-1.11,1,1.137,0.508,-1.313,1.419,0.963,0.784,-1.497,0.71,-0.582,0.502,-0.986,1.063,1.431,0.724,0.887,0.627,0.657,0.985,-0.662,1.318,1.125,1.312,0.807,0.894,0.507,1.052,1.41,0.919,-1.408
1,1.194,0.0,0.554,0.059,1.015,0.162,0.47,0.23,1.252,0.321,0.674,0.468,0.914,0.343,0.604,0.502,0.678,0.613,0.53392,0.492,0.502,0.466,0.45,0.694,0.432,0.307,0.165,0.515,0.169,0.493,0.139,0.285,0.126,0.486
0,0.0,0.0,0.606,0.692,1.383,-0.56,0.524,-1.253,0.947,1.132,0.0,0.0,0.638,-0.986,0.0,0.0,0.0,0,0.0,0.0,-0.94,0.951,0.914,0.823,0.0,0.0,1.196,0.512,0.0,0.0,-0.629,-1.096,0.0,0.0
1,1.353,0.0,1.218,0.181,0.942,0.191,1.271,0.49,1.155,0.364,0.681,0.468,0.71,0.649,0.35,0.474,0.385,0.504,0.209,0.863,0.171,0.813,0.003,0.88869,-0.061,0.705,-0.192,0.967,-0.283,0.653,-0.563,0.502,-0.481,0.55
0,0,0.0,0.807,-0.88,-1.131,0.673,-1.379,1.228,0.718,0.807,1.396,0.766,-0.9,-1.336,-0.778,-1.402,0.926,1.118,0.503,-0.6,-1.229,-1.247,-1.064,-0.978,0.918,0.0,1.268,-0.841,0.728,-1.419,-1.481,0.612,-1.18,0.828
1,1,0.0,1.137,0.193,0.642,0.16,0.659,0.154,0.454,0.567,0.63,0.511,0.316,0.696,0.216,0.419,0.228,0.467,-0.054,0.838,-0.021,0.607,-0.099,0.55,-0.116,0.358,-0.231,0.259,-0.352,0.419,-0.264,0.197,-0.313,0.293
0,0.0,0.0,0.978,-0.567,1.401,1.263,1.481,-0.987,1.09,1.07,0.657,-0.78,0.577,0.624,0.867,-0.869,1.317,-0.696,1.168,1.314,1,0.647,1.024,-0.803,1.001,-0.632,1.492,-0.641,0.939,1.112,1.27,-1.38,1.012,1.226
1,1,0.0,1.326,0.066,0.486,0.163,0.956,0.341,0.582,0.48,0.737,0.361,0.811,0.456,0.61,0.763,0.546,0.876,0.485,0.533,0.314,0.384,0.491,0.477,0.228,1.04,0.203,0.769,0.094,0.658,-0.025,0.971,-0.126,0.982
0,0.0,0.0,0.0,0.0,1.301,0.557,0.0,0.0,0.582,0.618,0,0.0,0.847,-1.134,0.0,0.0,0.0,0.0,0.0,0.0,0.0,0.0,0.0,0.0,0.0,0.0,1.214,-1.399,0.0,0.0,-1.331,0.533,0.0,0.0
1,1.21,0.0,1.182,0.124,1.04,0.198,0.72582,0.499,0.648,0.292,0.755,0.751,0.41,0.897,0.198,1.014,0.225,1.089,0.049,0.498,-0.091,0.705,-0.094,0.492,-0.308,0.951,-0.552,0.605,-0.377,0.543,-0.664,0.609,-0.511,0.265
0,0.0,0.0,0.0,0.0,0.984,0.51,0.951,0.849,0.0,0.0,0.0,0.0,-1,-1.492,0.0,0.0,-0.505,-0.798,0.0,0.0,0.0,0.0,1.398,0.636,0.0,0.0,1.167,0.731,0.0,0.0,-0.947,0.507,0.0,0.0
1,0.864,0.0,1.112,0.26,0.544,0.51,0.268,1.094,-0.081,1.189,-0.254,0.732,-0.543,0.607,-1.174,0.311,-0.779,-0.087,-0.818,-0.429,-0.375,-0.484,-0.241,-0.806,0.133,-0.472,0.291,-0.473,0.375,-0.251,0.296,-0.079,0.231,0.12556
0,0.0,0.0,0.993,-0.878,0.71,1.383,1.278,1.393,0.511,1.087,0.895,0.979,0.778,-1.266,0.609,0.569,1.261,1.436,0.619,-0.97,0.943,-0.552,0.501,-0.891,1.079,-0.674,0.963,1.208,1,-0.877,0.915,0.845,0.628,1.294
1,0.695,0.0,0.67,-0.347,0.961,0.129,0.697,0.108,0.589,0.044,1.169,0.265,0.833,0.402,0.363,0.364,0.69,0.193,0.859,-0.04,0.853,0.351,0.33,0.407,1.408,0.828,0.579,0.67,0.157,1.177,0.49,0.644,0.30588,0.742
0,0.0,0.0,0.0,0.0,0.0,0.0,0.0,0.0,0.0,0.0,0.0,0.0,0.0,0.0,0.0,0.0,0.0,0.0,0.0,0.0,0.0,0.0,0.0,0.0,0.0,0.0,1.36,0.754,0.0,0.0,0.0,0.0,0.0,0
1,1.472,0.0,1.004,0.009,0.976,-0.002,1.123,0.002,0.699,0.012,0.902,0.027,1.066,0.07,1.217,0.022,0.478,0.074,0.923,-0.007,0.898,0.029,0.96358,0.103,0.503,0.052,1.109,0.051,0.642,0.011,1.219,0.045,1.366,-0.002
0,0.0,0.0,0.62,1.476,-1.125,-1.268,-1.117,-1.095,0.0,0.0,0.0,0.0,-1.012,-1.275,0.0,0,0.0,0.0,0.0,0.0,-0.883,1.433,1.242,1.107,0.0,0.0,1.329,-0.687,0.0,0.0,-0.823,-0.591,-1.023,-1.322
1,1.011,0.0,0.631,-0.171,0.916,0.01,0.577,0.029,0.478,0.01,0.184,0.065,0.703,0.022,0.92,0.036,0.608,0.078,0.726,-0.025,0.67,0.065,0.343,0.078,1.163,0.18065,0.5,0.081,0.463,0.072,0.469,0.065,0.576,0.1
0,1.018,0.0,0.615,1.301,1.208,-0.918,0.731,0.062,0.616,0.087,0.685,0.579,1.021,0.101,0.777,0.13712,1.277,-0.21,0.361,0.229,0.681,0.225,0.718,0.518,1.295,-0.545,1.108,0.158,0.924,0.723,0.881,-0.093,0.677,0.191
1,0.868,0.0,0.953,-0.039,1.199,-0.417,1.419,-0.844,0.91,0.036,0.6,-0.379,0.986,-0.14,0.648,-1.096,0.397,0.012,0.417,-0.057,1.172,-0.285,1.063,0.112,0.69630,-0.174,1.037,-0.178,0.618,0.03,0.921,-0.18,0.859,-0.804
0,0.836,0.0,0.356,0.202,0.582,0.045,0.28,0.281,0.22,0.137,0.108,0.151,0.306,0.351,0.052,0.208,-0.054,0.325,0.028,0.211,0.295,0.11,0.08,0.292,-0.019,0.197,-0.09,0.285,-0.155,0.09,-0.109,0.323,-0.217,0.28794
1,1.263,0.0,0.454,-0.026,0.718,-0.049,0.769,-0.016,0.328,0.017,0.323,0.096,0.563,-0.026,0.471,0.008,0.632,0.024,0.338,0.016,0.314,-0.031,0.557,0.046,0.428,0.038,0.386,-0.01237,0.738,-0.115,0.888,-0.009,0.433,-0.04
0,0.78,0.0,0.043,-0.118,-0.03,0.08,0.111,-0.017,-0.016,0.173,0.065,0.0,0.062,-0.144,0.088,0.0,0.017,-0.037,-0.129,-0.208,0.07,0.014,0.044,0.039,0.078,0.149,0.159,-0.043,-0.073,-0.078,0.027,0.05,0.063,-0.10837
1,1.396,0.0,0.481,0.15,0.487,-0.053,0.831,0.024,0.599,0.003,0.794,0.224,0.81,-0.002,0.738,0.074,0.703,-0.162,0.68680,-0.121,0.574,-0.012,0.366,0.146,0.875,-0.069,0.885,-0.014,0.455,0.029,0.839,-0.06,0.587,-0.058
0,1.07,0.0,0.374,0.296,0.0,0.0,-0.366,-0.657,0.0,0.0,0.114,-0.096,0.0,0,0.0,0.0,0.0,0.0,0.0,0.0,0.008,0.552,-0.282,0.25,-0.098,0.505,0.057,-0.546,0.0,0.0,0.078,-0.9,0.0,0.0
1,1.226,0.0,0.557,-0.005,0.59,-0.016,1.394,-0.009,1.175,-0.089,0.641,-0.108,1.038,0.016,1.264,-0.134,1.087,-0.086,0.919,-0.014,0.549,-0.217,0.665,-0.072,0.782,-0.213,0.982,-0.13,1.071,-0.162,1.162,-0.12,0.861,-0.16827
0,1.121,0.0,0.554,-0.415,0.0,0.0,0.0,0.0,0.681,0.345,0.386,0.026,0.0,0.0,0.0,0.0,0.224,-0.45417,0.472,-0.224,0.0,0.0,0.0,0.0,0.967,-0.432,-0.516,-0.818,-0.211,-1.001,0.0,0.0,0.0,0.0
1,0.654,0.0,0.677,0.009,1.196,0.016,0.538,0.01359,1.333,-0.128,0.48,-0.052,0.64,-0.012,1.204,-0.132,0.798,-0.037,1.077,-0.052,1.114,-0.157,1.229,-0.119,1.097,-0.189,1.209,-0.174,0.97,-0.067,0.707,-0.125,1.155,-0.161
0,0.754,0.0,0.0,0.0,1.21,0.122,1.254,-0.019,0.0,0.0,0.624,-0.5,1.034,0.235,1.495,-0.077,0.804,-1.105,0.0,0.0,1.053,-0.04000,0.513,-0.124,0.0,0.0,0.69,-0.754,0.0,0.0,1.198,0.107,1.161,-0.103
1,1.059,0.0,0.81143,0.019,0.993,-0.001,0.778,0.006,0.785,-0.022,0.454,0.0,0.592,-0.034,0.69,0.002,0.854,-0.034,1.106,-0.154,0.399,-0.104,0.81,-0.068,0.712,-0.085,0.519,-0.068,1.132,-0.101,1.215,-0.058,0.601,-0.087
0,1,0.0,0.0,0.0,0.0,0.0,0.0,0.0,0.0,0.0,0.0,0.0,-0.84,0.835,0.936,0.691,0.0,0.0,0.0,0.0,0.0,0.0,0.0,0.0,0.0,0.0,1.206,0.629,0.0,0.0,0.0,0.0,0.0,0.0
1,1.302,0.0,0.336,0.013,0.422,-0.084,0.655,-0.058,0.698,0.075,0.254,0.065,0.772,-0.119,0.32,-0.018,0.269,-0.056,0.55325,-0.007,0.587,-0.019,0.437,-0.011,0.75,0.0,0.476,-0.029,0.544,0.032,0.499,-0.033,0.568,-0.123
0,0.0,0.0,0.0,0.0,0.0,0.0,0.0,0.0,0.0,0.0,0.0,0.0,0.0,0.0,0.0,0.0,0.0,0.0,0.0,0.0,0.0,0.0,0.0,0.0,0.0,0.0,1.388,-1.389,0.0,0.0,0.0,0,0.0,0.0
1,0.754,0.0,0.886,0.621,0.847,0.345,0.319,1,0.126,1.055,-0.114,0.844,-0.433,0.757,-0.282,0.29,-0.594,0.141,-0.437,0.009,-0.139,-0.046,-0.192,-0.093,-0.057,-0.181,-0.011,-0.134,0.01,-0.085,0.012,-0.044,0.016,-0.013
0,1.096,0.0,0.0,0.0,0.0,0.0,0.87,1.182,-1.135,-1.366,0.0,0.0,0.658,-0.137,0.0,0.0,0.0,0.0,-0.539,0.918,0.695,0.592,0.749,-0.635,0.0,0.0,1.472,-1.034,0.0,0.0,0.0,0.0,1.448,1
1,0.955,0.0,0.538,0.425,0.678,1.021,0.422,0.939,-0.027,1.3,-0.474,0.503,-0.895,0.565,-0.667,0.29,-0.592,-0.156,-0.871,-0.274,-0.519,-0.871,-0.085,-0.716,0.164,-0.878,0.228,-0.423,0.538,-0.349,0.671,-0.037,0.454,0.16645
0,1.05,0.0,0.0,0.0,0.0,0.0,0.0,0.0,-1.012,1.011,0.0,0.0,1.039,0.487,-0.097,-0.082,0.0,0.0,-0.907,-1.251,0.0,0.0,1.295,-0.544,0.0,0.0,0.83,0.174,0.0,0.0,0.0,0.0,0.0,0
1,1,0.0,0.714,0.62,0.782,0.948,0.1,1.377,-0.244,1.149,-0.711,0.508,-0.682,0.406,-1.313,-0.043,-0.923,-0.6,-0.42,-0.877,-0.073,-1.069,0.242,-0.429,0.57,-0.493,0.584,-0.218,0.742,0.08,0.794,0.506,0.232,0.336
1,1.194,0.0,0.463,0.027,0.19,0.141,0.197,1.059,-0.161,1.025,-0.075,0.254,-0.61352,0.237,-0.893,-0.035,-0.148,-0.127,-0.152,-0.469,-0.089,-0.691,0.028,-0.225,0.394,-0.032,0.479,-0.114,0.24,-0.075,0.226,0.131,0.105,0.245
1,1,0.0,0.787,0.374,0.323,0.931,0.143,1.159,-0.278,1.042,-0.727,0.612,-0.899,0.133,-0.49,-0.219,-0.452,-0.856,-0.164,-0.607,0.141,-0.495,0.54,-1.084,0.921,-0.244,0.808,0.091,0.699,0.268,0.23,0.903,-0.037,0.522
1,1.253,0.0,0.62335,-0.035,0.331,0.003,0.722,-0.048,0.79,0.008,0.587,-0.045,0.735,0.05,0.596,-0.044,0.764,0.087,0.599,0.0,0.539,0.083,0.68,0.024,0.603,0.111,0.407,0.011,0.751,0.054,0.581,-0.008,0.314,-0.116
1,1.005,0.0,0.97,-0.023,0.605,0.019,1.071,0.141,0.796,0.071,0.496,0.343,0.863,0.005,0.77,0.145,0.866,0.047,0.411,0.035,0.664,0.037,0.531,-0.351,0.596,-0.102,0.902,0.049,0.379,0.067,0.55916,0.093,0.747,0.288
1,0.778,0.0,0.756,0.223,0.688,0.023,0.728,0.022,0.693,-0.144,0.698,0.089,1.05,0.057,0.434,0.086,0.526,-0.101,0.443,0.203,0.885,0.1,0.516,0.049,0.829,-0.067,0.428,0.074,0.444,0.25692,0.291,0.09,0.465,0.082
1,0.78,0.0,0.506,0.076,0.945,0.003,0.508,0.004,0.683,0.144,0.498,0.051,0.637,0.005,0.758,0.01,1.19,-0.149,0.958,-0.035,0.945,0.011,0.942,0.011,0.797,-0.038,0.722,0.01096,0.557,0.163,0.713,0.012,0.964,0.01
1,0.803,0.0,0.603,0.0,0.539,0.059,0.497,0.042,0.617,-0.058,0.234,-0.082,0.508,0.061,0.438,0.027,0.18,0.16,0.533,0.207,0.412,-0.018,0.351,-0.156,0.624,-0.011,0.488,0.103,0.507,0.03913,0.22,0.093,0.388,0.107
1,0.932,0.0,1.039,0.064,0.511,0.268,0.948,0.158,0.358,0.329,0.71,0.652,0.788,0.60814,0.521,0.496,0.489,0.761,0.224,0.63,0.078,0.397,0.018,0.884,-0.062,0.551,-0.075,0.504,-0.267,0.764,-0.319,0.445,-0.268,0.635
1,0.729,0.0,1.481,0.126,1.331,0.347,1.298,0.216,0.911,0.53020,0.4,0.416,0.313,0.495,0.75,0.743,0.355,1.035,0.118,0.995,0.09,0.942,-0.015,0.411,-0.115,0.918,-0.296,0.427,-0.406,0.788,-0.405,0.805,-0.557,0.596
1,0.805,0.0,1.074,0.176,0.578,0.394,0.405,0.628,0.395,0.649,0.434,0.859,0.418,1.044,0.22,0.756,0.096,0.79598,-0.064,0.575,-0.152,1.0,-0.287,0.738,-0.205,0.464,-0.423,0.208,-0.716,0.386,-0.739,0.198,-0.463,0.072
1,1.059,0.0,0.755,0.091,0.665,0.27,0.85096,0.318,0.577,0.322,0.569,0.627,0.253,0.703,0.454,0.894,0.113,1.09,-0.007,1.147,-0.131,1.043,-0.19,1.073,-0.635,0.707,-0.647,0.826,-0.961,0.439,-0.741,0.216,-1.098,0.269
1,0.871,0.0,1.173,0.228,0.632,0.35543,0.612,0.573,0.728,0.591,0.582,0.701,0.388,1.2,0.217,0.526,0.005,0.427,-0.112,0.673,-0.499,0.612,-0.386,0.411,-0.483,0.467,-0.555,0.225,-0.63,0.175,-0.508,0.113,-0.835,0.068
1,1.079,0.0,0.474,0.15,0.585,0.547,0.474,0.521,0.083,0.196,0.086,0.572,-0.047,0.58,0.0,0.588,-0.265,0.585,-0.492,0.46,-0.473,0.096,-0.288,0.059,-0.259,-0.03229,-0.329,-0.146,-0.382,-0.186,-0.114,-0.312,-0.106,-0.405
1,1.157,0.0,0.537,-0.513,1.272,0.55298,0.687,0.091,0.814,0.147,0.307,0.199,0.651,0.161,0.804,0.24,0.793,0.226,0.639,0.097,0.871,0.276,0.957,0.102,0.458,0.282,0.588,0.279,0.252,0.421,0.395,0.407,0.607,0.334
1,1.205,0.0,0.526,0.121,0.869,-0.116,0.944,0.112,1.012,0.016,0.474,-0.04,0.521,0.16,0.418,0.051,0.732,-0.026,0.69450,0.1,0.905,0.094,0.382,0.031,0.393,0.392,0.379,0.134,0.135,0.278,0.284,0.225,0.356,0.206
1,1.366,0.0,0.779,0.077,0.579,-0.031,0.496,-0.022,0.887,-0.066,0.558,-0.084,0.426,-0.075,0.749,-0.093,0.303,0.031,0.88,0.018,0.579,-0.051,0.508,-0.124,0.556,-0.221,0.333,-0.049,0.394,-0.062,0.652,-0.107,0.214,-0.09808
1,0.82,0.0,1.055,0.062,0.99,-0.006,1.201,-0.007,0.969,-0.04,1.095,0.014,0.791,-0.009,1.238,-0.019,0.98497,0.011,1.205,-0.078,1.287,-0.016,1.356,-0.017,0.607,0.024,0.992,-0.018,0.907,-0.065,1.176,-0.051,0.673,-0.043
1,0.83,0.0,0.4,-0.089,0.558,-0.161,0.748,-0.206,0.74,0.1,0.257,-0.21649,0.721,0.114,0.613,-0.124,0.23,0.059,0.406,-0.35,0.744,0.099,0.297,0.087,0.855,0.151,0.668,-0.161,0.156,-0.273,0.543,0.021,0.356,-0.64
1,0.508,0.0,0.775,-0.053,0.423,0.033,0.741,0.492,0.85,-0.005,0.536,0.118,0.643,-0.29,1.034,0.562,0.475,0.127,0.646,0.173,0.719,-0.18,0.625,0.11,0.33,0.31,0.97,0.162,0.551,0.068,0.66316,0.116,0.559,0.482
1,1,0.0,0.661,-0.023,0.861,0.013,0.835,0.017,0.506,0.037,0.439,-0.005,0.796,-0.038,0.655,0.006,0.687,0.032,0.36,-0.07,0.814,0.123,0.554,-0.043,0.236,0.047,0.638,0.009,0.595,-0.018,0.428,0.076,0.638,-0.051
1,0.581,0.0,0.927,-0.007,0.404,-0.038,0.717,-0.034,0.467,0.061,0.655,0.081,0.511,0.097,0.7,-0.021,0.633,-0.063,0.324,-0.096,0.68,0.1,0.344,0.118,0.544,-0.051,0.582,0.001,0.47,-0.085,0.513,-0.055,0.361,-0.05178
1,0.831,0.0,0.353,0.098,0.76,0.019,0.817,0.074,0.558,-0.003,0.801,0.101,0.873,0.034,0.685,0.093,0.644,-0.156,0.63,-0.13,0.608,0.009,0.574,0.121,0.425,-0.162,0.867,-0.015,0.482,0.027,0.61235,-0.081,0.269,-0.044
1,0.9,0.0,0.61,-0.024,0.523,0.028,0.452,-0.04407,0.468,0.046,0.653,-0.052,0.784,-0.021,0.534,0.071,0.608,0.147,0.392,-0.03,0.777,0.005,0.585,-0.029,0.741,-0.033,0.385,0.005,0.458,-0.005,0.521,-0.03,0.252,0.088
1,1,0.0,0.527,0.123,0.35,0.048,0.21,0.0,0.35,-0.022,0.651,0.018,0.26,0.064,0.732,0.006,0.39,-0.131,0.489,0.005,0.467,0.067,0.166,0.14,0.304,-0.121,0.541,0.032,0.317,0.212,0.246,0.0,0.286,-0.027
1,1,0.0,1.057,0.026,0.95,0.337,1.239,0.495,0.73,0.608,1.086,0.514,0.606,0.446,0.383,0.966,0.393,0.424,0.244,1.031,0.059,0.513,0.089,1.01,-0.094,0.458,-0.209,0.545,-0.199,0.452,-0.387,0.415,-0.261,0.375
1,0.71,0.0,1.363,0.129,0.724,0.22,0.503,0.497,0.454,0.809,0.549,0.64,0.504,1.232,0.375,1.114,0.03,1.048,-0.106,1.101,-0.332,1.02,-0.218,1.004,-0.596,0.58324,-0.583,0.502,-0.407,0.406,-0.861,0.119,-0.324,0.036
1,0.798,0.0,1.486,0.126,1.215,0.41,0.638,0.672,0.564,0.765,0.539,0.77,0.1,0.934,-0.046,0.916,-0.23,0.981,-0.246,0.816,-0.761,0.303,-0.953,0.461,-0.841,0.207,-0.574,0.028,-0.551,-0.088,-0.362,-0.22949,-0.244,-0.524
1,0.524,0,0.848,0.103,1.081,0.294,0.488,0.476,0.5,0.542,0.322,0.844,0.131,1.314,0.068,1.063,-0.205,0.434,-0.625,0.971,-0.677,0.752,-0.914,0.258,-1.02,0.285,-0.682,0.149,-0.774,-0.031,-0.939,-0.145,-0.997,-0.417
1,1.355,0.0,0.585,0.202,0.477,0.777,0.316,1.039,0.35,0.966,0.06,0.928,-0.123,1.045,-0.559,1.198,-0.58835,0.781,-0.553,0.422,-0.593,0.177,-1.094,-0.042,-1.059,-0.167,-0.616,-0.591,-0.494,-0.595,-0.387,-0.974,-0.052,-0.895
1,0.507,0.0,0.938,0.35157,0.716,0.648,0.396,0.726,-0.043,0.987,-0.123,0.586,-0.376,0.524,-0.76,0.272,-0.846,0.081,-0.334,-0.047,-0.68,-0.047,-0.329,-0.635,-0.074,-0.707,0.069,-0.281,0.127,-0.552,0.184,-0.249,0.577,0.074
1,1,0.0,0.402,0.112,0.118,0.2,0.03,0.302,0.154,0.355,0.078,0.253,-0.064,0.191,-0.092,0.057,-0.052,0.047,-0.076,0.021,-0.054,-0.001,-0.023,-0.017,-0.023,-0.018,-0.005,-0.017,-0.003,-0.015,0.001,-0.007,0.004,-0.004
1,1.404,0.0,0.62,-0.442,1.056,0.375,0.426,-0.005,1.037,0.151,0.3,-0.275,0.94,0.06391,0.95,0.22,0.896,-0.215,0.526,0.029,0.95,0.285,0.67,-0.535,0.593,-0.04,0.306,-0.069,0.415,-0.101,0.195,-0.177,0.48,-0.052
1,0.556,0.0,0.61,0.13215,0.525,0.086,0.656,0.074,0.142,0.153,0.285,0.14,0.616,0.074,0.664,0.132,0.321,0.031,0.601,0.188,0.372,0.147,0.222,0.088,0.335,0.217,0.187,0.211,0.257,0.2,0.096,0.135,0.202,0.142
1,0.678,0.0,1.129,0.178,0.864,0.01,1.079,0.015,0.407,-0.004,1.14,0.137,0.656,0.03,0.55,0.019,0.977,0.018,0.767,0.017,1.127,0.062,1.09,0.08,0.475,0.02220,1.133,0.086,1.272,0.107,0.776,0.061,1.134,0.098
1,1.251,0.0,1.273,0.049,0.924,0.18297,1.289,0.312,0.526,-0.052,0.928,-0.016,0.597,-0.208,0.896,0.144,1.074,-0.067,1.06,-0.008,1.255,-0.218,0.717,-0.269,1.153,-0.046,1.182,-0.016,0.652,-0.022,0.857,0.165,1.197,0.1
1,0.925,0.0,0.927,0.021,0.78,0.096,0.4,0.076,0.839,-0.1,1.18,0.013,1.268,-0.004,1.039,0.072,0.672,0.051,0.749,0.039,1.07,-0.058,1.087,0.0,0.408,-0.015,0.91,0.021,0.951,-0.01,0.90409,0.154,0.578,0.019
1,1,0.0,0.635,0.106,0.071,-0.173,0.447,0.01,0.475,-0.063,0.574,0.021,0.508,0.241,1.001,-0.053,0.394,0.135,0.536,0.111,0.267,0.023,0.542,-0.076,0.461,-0.025,0.308,0.042,0.727,0.189,0.212,-0.157,0.428,-0.004
1,0.973,0.0,0.401,0.184,0.543,-0.166,0.786,-0.201,0.485,0.018,0.443,0.015,0.588,-0.04,0.80791,-0.198,0.435,-0.166,1.089,-0.159,0.792,-0.002,0.198,0.081,0.385,-0.218,0.625,-0.141,0.427,-0.018,0.794,-0.436,1.006,-0.262
1,1.474,0.0,0.703,-0.025,0.962,-0.091,1.094,0.0,0.619,-0.095,0.741,-0.125,0.503,-0.163,0.421,-0.103,0.5,-0.116,0.766,-0.106,0.562,-0.08,1.079,-0.035,0.584,-0.26115,0.931,-0.305,0.883,-0.291,0.95,-0.307,0.366,-0.298
1,1.424,0,1.043,-0.059,1.164,0.07,0.612,0.02,0.45,-0.022,0.894,-0.045,0.532,-0.155,0.971,-0.004,0.594,-0.234,0.488,0.02,1.19,-0.04,1.317,-0.209,0.76,-0.229,0.461,-0.063,0.65,-0.044,0.567,-0.098,0.749,-0.004
1,1,0.0,0.733,-0.082,0.333,0.206,0.759,0.063,0.855,-0.109,0.675,-0.279,1.096,-0.195,1.069,0.041,0.863,-0.003,0.772,-0.109,0.406,-0.297,0.504,-0.411,0.812,-0.064,0.469,-0.107,0.448,-0.276,0.192,0.036,0.515,-0.009
1,1.125,0.0,0.565,0.148,0.501,0.006,0.623,0.084,0.427,-0.071,0.725,0.017,0.363,-0.13,0.768,-0.022,0.344,-0.087,0.724,-0.031,0.453,-0.237,0.503,-0.123,0.367,-0.259,0.53930,-0.145,0.413,-0.015,0.718,-0.096,0.63,-0.038
1,1,0.0,1.072,0.345,0.505,0.518,0.862,0.921,0.309,0.5,0.114,1.318,-0.14,1.092,-0.271,0.496,-0.91,0.72,-0.729,0.517,-0.606,0.155,-0.767,-0.082,-0.963,-0.166,-0.822,-0.599,-0.462,-0.68,-0.434,-0.772,-0.173,-1.119
1,0.634,0.0,1.204,0.416,0.754,0.616,0.871,0.861,0.391,1.353,0.052,0.545,-0.287,1.041,-0.441,1.035,-0.423,0.864,-0.828,0.248,-0.481,0.036,-0.681,-0.112,-0.737,-0.519,-0.542,-0.397,-0.538,-0.6,-0.116,-1.231,0.086,-0.94823
1,1,0.0,1.03,0.378,0.737,0.348,0.478,0.631,0.079,1.386,-0.122,1.163,-0.83,0.926,-0.671,0.351,-0.463,0.484,-0.744,-0.006,-0.508,-0.605,-0.623,-0.389,-0.581,-0.398,-0.432,-0.467,-0.024,-1.033,0.227,-0.514,0.002,-0.46
1,1.026,0.0,0.748,0.169,0.782,0.484,0.322,0.598,0.312,1.048,-0.115,0.83,-0.188,1.088,-0.357,0.302,-0.444,0.4,-0.725,0.035,-0.451,-0.084,-0.725,-0.385,-0.19,-0.404,-0.204,-0.647,0.11,-0.493,0.223,-0.552,0.605,-0.35339
1,1.027,0.0,0.715,0.268,1.134,0.701,0.355,1.083,0.285,0.802,-0.107,1.36,-0.244,0.438,-0.879,0.743,-0.832,0.495,-0.65,0.067,-1.312,-0.327,-1.032,-0.498,-0.744,-0.661,-0.135,-0.759,0.068,-1.291,0.324,-0.647,0.873,-0.60270
1,1.041,0.0,0.783,0.335,0.478,0.793,0.349,0.685,0.233,0.923,-0.116,1.175,-0.608,0.478,-0.405,0.297,-0.418,0.234,-0.523,-0.052,-0.779,-0.282,-0.691,-0.521,-0.154,-0.84,-0.01,-0.729,0.222,-0.661,0.584,-0.728,0.351,-0.30075
1,1.334,0.0,1.305,-0.016,0.884,-0.04104,0.554,-0.097,1.137,0.011,1.425,-0.014,0.944,-0.038,0.773,-0.071,1.162,-0.08,0.805,-0.15,0.499,-0.04,0.78,-0.068,1.283,-0.125,1.225,-0.174,0.709,-0.16,1.015,-0.085,0.524,-0.133
1,1.295,0.0,1.048,-0.022,1.169,0.014,0.731,-0.018,0.931,-0.006,1.39,-0.052,0.493,-0.023,1.313,-0.057,1.222,-0.04064,0.76,-0.063,1.089,-0.026,1.199,-0.033,0.464,-0.053,0.669,-0.065,1.071,-0.038,0.808,-0.057,0.567,-0.048
1,1.362,0.0,0.983,-0.181,0.598,-0.002,1.261,-0.135,0.59,0.119,1.332,0.002,0.933,-0.118,0.631,-0.002,0.86758,-0.092,1.454,-0.139,1.06,0.058,1.306,-0.027,0.991,0.063,1.177,-0.078,0.755,-0.25,1.066,-0.066,0.486,-0.308
1,0.727,0.0,0.317,-0.047,0.94915,0.082,0.416,-0.17,0.359,-0.018,0.755,-0.148,0.443,0.168,0.822,-0.403,0.568,0.017,0.835,0.043,0.446,0.366,0.861,0.063,0.486,0.135,0.374,-0.003,0.482,-0.036,0.811,-0.215,1.123,-0.126
1,0.54,0.0,0.407,-0.166,0.516,0.203,0.358,0.247,0.544,0.176,0.339,-0.106,0.29,-0.084,0.802,0.453,0.438,0.039,0.328,-0.12,0.236,-0.056,0.739,-0.041,0.488,0.083,0.245,-0.212,0.279,-0.12,0.552,-0.104,0.105,-0.5
1,1,0.0,0.414,1.155,0.828,0.355,0.947,0.647,0.594,0.563,0.352,1.44,0.136,0.777,-0.218,1.092,-0.301,1.056,-0.474,0.754,-0.31,0.38,-1.009,0.502,-0.565,0.219,-0.723,0.13,-1.128,-0.219,-1.002,-0.53,-1.343,-0.811
1,1.005,0.0,0.805,0.484,0.575,0.431,0.724,0.598,0.4,0.799,0.166,0.538,-0.104,0.494,-0.267,0.889,-0.354,0.692,-0.743,0.604,-0.763,0.197,-0.414,0.033,-0.727,-0.406,-0.8,-0.479,-0.856,-0.139,-0.442,-0.60454,-0.248,-0.373
1,1,0.0,0.593,0.531,0.694,0.418,0.565,1.071,0.136,0.623,-0.138,0.623,-0.645,0.395,-0.561,0.529,-1.052,0.287,-0.557,0.043,-0.629,-0.159,-0.65,-0.51,-0.326,-0.878,-0.065,-0.851,0.124,-0.442,0.523,-0.463,0.32,-0.177
1,0.678,0.0,0.786,0.524,0.902,0.875,0.671,1.153,0.083,0.657,-0.246,0.96301,-0.672,0.42,-0.695,0.345,-0.623,0.363,-0.777,-0.056,-1.254,-0.488,-0.936,-0.687,-0.286,-1.061,-0.037,-1.218,0.18,-0.953,0.534,-0.417,0.667,-0.385
1,1.0,0.0,1.149,0.239,0.904,0.47,0.163,0.549,-0.071,0.416,-0.29,0.986,-0.889,0.434,-1.205,0.42314,-0.633,0.061,-1.043,0.042,-0.471,-0.557,-0.252,-0.813,-0.131,-0.715,0.1,-1.255,0.682,-0.782,0.843,-0.569,0.549,-0.136
1,1.464,0.0,0.783,0.181,1.158,-0.04,1.188,0.007,0.753,-0.117,0.722,-0.008,1.378,-0.021,1.43,-0.037,0.748,-0.069,1.435,0.039,0.599,-0.137,1,-0.024,1.395,-0.313,1.319,-0.052,0.613,0.061,0.787,-0.096,0.893,-0.108
1,1.228,0.0,0.589,-0.001,0.873,-0.088,0.828,-0.002,0.971,-0.51171,1.266,0.102,1.211,-0.13,1.2,-0.027,0.855,-0.079,0.514,0.759,1.247,-0.084,0.858,-0.053,0.844,-0.013,0.998,-0.015,0.821,-0.013,0.601,-0.02,0.956,-0.015
1,1.118,0.0,1.019,0.279,0.567,0.339,0.409,0.767,0.089,0.576,-0.225,0.895,-0.586,0.582,-0.782,0.501,-0.382,0.153,-0.356,-0.12,-0.515,-0.219,-0.516,-0.435,-0.227,-0.478,0.013,-0.48707,0.17,-0.328,0.348,-0.155,0.282,-0.091
1,1,0.0,1.072,0.408,1.012,0.801,0.347,0.44,0.052,0.571,-0.364,0.701,-0.579,0.989,-0.892,0.539,-0.598,0.102,-0.522,-0.182,-0.373,-0.628,-0.461,-0.69,-0.064,-0.601,0.144,-0.799,0.285,-0.759,0.419,-0.514,0.879,-0.162
1,0.634,0.0,1.158,0.205,0.863,0.407,0.279,0.993,-0.058,1.379,-0.505,0.936,-1.017,0.722,-1.353,0.172,-0.52,-0.107,-0.692,-0.597,-0.436,-0.601,-0.212,-0.533,0.257,-0.96,0.53229,-0.876,0.623,-0.563,1.106,-0.105,0.659,0.406
1,0.982,0.0,1.208,-0.279,1.079,-0.114,0.696,-0.065,1.224,0.016,0.917,0.069,0.729,0.086,0.958,-0.053,0.361,-0.36709,1.027,-0.011,0.951,0.064,0.588,0.296,0.503,-0.48,1.114,-0.077,0.569,-0.068,0.511,0.037,0.747,-0.016
1,1,0.0,0.474,0.004,0.886,0.01,0.63,0.022,0.889,0.017,0.788,0.06,0.536,0.033,1.154,0.047,0.331,0.22,0.741,0.052,0.999,0.091,0.552,0.108,0.434,0.046,0.623,0.1,0.586,0.009,0.826,0.077,0.367,0.132
1,0.921,0.0,1.202,0.014,0.673,0.008,0.704,0.032,1.363,0.1,1.053,0.166,1.171,0.038,1.02,0.07,0.991,0.042,1.41,0,0.642,0.063,0.773,0.073,0.738,0.135,1.267,0.121,0.738,0.053,1.033,0.053,0.698,0.141
1,1.041,0.0,1.406,-0.016,1.027,-0.004,0.543,-0.01565,0.706,-0.019,1.345,-0.016,0.999,-0.017,0.724,-0.016,1.059,-0.019,0.962,-0.035,0.623,-0.055,0.613,-0.036,1.272,-0.069,1.044,-0.054,0.618,-0.079,0.554,-0.061,1.341,-0.065
1,1.175,0.0,0.469,-0.024,0.716,0.053,1.135,0.011,1.138,0.033,0.765,-0.015,0.723,-0.009,0.986,0.045,0.577,0.0,0.508,0.021,1.193,0.004,0.8,-0.01782,0.697,0.024,0.853,0.009,1.188,0.002,0.912,0.055,1.101,0.027
1,0.722,0.0,1.182,0.009,1.072,-0.014,1.213,0.007,0.744,0.082,1.28,0.052,1.212,0.012,1.157,0.04,1.186,-0.047,0.456,-0.017,0.836,0.06,1.306,0.059,1.078,0.051,0.753,0.044,0.94681,0.034,0.504,0.015,1.162,0.028
1,1,0.0,0.59,-0.222,0.784,0.013,0.482,0.129,0.38,0.046,0.109,-0.225,0.608,0.189,0.258,0.0,0.536,0.064,0.717,0.02,1.17,0.141,0.239,-0.172,0.381,0.084,0.303,0.035,0.416,-0.044,0.289,0.087,0.334,0.215
1,1.241,0.0,1.036,0.35,0.913,0.664,0.548,1.034,0.068,0.923,-0.242,0.627,-0.504,0.669,-0.415,0.62,-0.416,0.074,-0.841,-0.15,-0.341,-0.573,-0.34,-0.343,-0.017,-0.628,0.15360,-0.519,0.18,-0.523,0.544,-0.144,0.392,0.025
1,0.665,0.0,0.817,0.295,0.473,0.6,0.417,0.469,-0.028,1.389,-0.306,1.176,-0.456,0.919,-1.237,0.417,-0.859,-0.075,-0.96,-0.374,-0.476,-0.369,-0.296,-0.744,0.093,-1.084,0.206,-0.761,0.687,-0.534,0.61217,-0.087,0.754,0.124
1,1.238,0.0,0.969,0.431,0.955,1.011,0.363,0.723,-0.079,1.274,-0.709,0.886,-0.643,0.622,-0.619,0.152,-1.163,-0.232,-0.406,-0.761,-0.236,-1.227,-0.028,-0.552,0.36318,-0.453,0.886,-0.448,0.688,-0.321,0.734,0.13,0.583,0.288
1,1.107,0.0,1.087,1.135,0.536,0.051,0.141,1.243,-0.314,1.304,-0.336,0.272,-0.64,0.455,-0.903,-0.08867,-0.205,-0.386,-0.503,-1.043,-0.037,-0.832,0.237,-0.286,0.586,-0.485,0.674,-0.067,0.753,0.711,0.202,0.002,0.119,1.033
1,1,0.0,1.042,0.706,0.461,0.361,0.075,0.218,-0.281,0.619,-0.429,0.628,-0.475,0.0,-0.413,-0.08,-0.361,-0.573,-0.061,-1.195,0.264,-0.554,0.382,-0.215,1.058,-0.279,0.702,0.169,1.199,0.737,0.329,0.265,0.092,0.229
1,0.547,0.0,0.897,0.0,1.185,-0.04,1.113,-0.006,1.203,0.021,0.804,0.012,1.126,0.012,0.775,0.002,0.84,0.04,0.822,-0.007,0.54,0.035,0.91463,0.046,1.108,0.026,1.167,0.028,0.802,0.014,0.678,0.053,0.857,-0.015
1,0.783,0.0,0.53,0.052,0.544,-0.045,0.502,-0.023,0.92908,0.007,1.07,0.072,1.19,-0.008,0.633,0.0,0.856,0.202,1.242,-0.008,0.975,0.004,1.054,0.06,0.532,0.166,0.869,0.061,0.96,0.099,0.668,0.186,1.291,0.0
1,0.722,0.0,0.446,0.078,1.268,0.006,1.052,0.021,0.827,-0.011,0.964,0.059,0.58,0.026,0.736,0.046,0.691,0.078,0.912,0.038,1.241,0.032,0.52,0.071,1.277,0.162,0.511,0.047,0.831,-0.027,0.41,0.083,1.099,0.07173
1,1.173,0.0,0.443,0.045,0.784,0.002,0.599,0.003,0.872,0.0,0.487,0.068,0.887,0.007,1.047,0.014,0.742,-0.038,1.017,0.03,0.84182,0.008,1.025,0.013,0.406,-0.043,1.024,0.015,0.804,0.078,0.521,0.015,0.789,0.033
1,1.136,0.0,0.673,0.004,0.88,0.016,1.299,0.017,0.888,0.019,0.872,0.026,1.234,0.049,0.914,0.032,0.634,0.026,1.319,0.069,1.174,0.062,0.94494,0.051,0.803,0.04,1.335,0.085,1.067,0.091,1.113,0.062,1.211,0.066
1,1,0.0,0.74,0.014,1.217,0.01,0.811,0.013,0.881,-0.021,0.693,-0.003,1.374,0.016,1.01,0.007,0.972,0.01,0.741,0.01,1.137,0.004,0.56,0.03,0.621,-0.008,1.373,0.018,1.191,0.021,1.401,0.013,0.833,0.034
1,1.19,0.0,0.789,-0.013,1.305,0.009,1.293,-0.002,1.457,0.077,1.069,0.037,0.698,0.025,0.564,0.041,1.263,0.041,1.494,0.043,0.99776,0.123,0.67,0.063,1.421,0.134,1.104,0.084,1.111,0.077,1.461,0.146,0.894,0.118
1,0.982,0.0,0.599,0.207,0.575,0.851,0.349,1.272,0.034,0.583,-0.379,1.156,-0.476,0.378,-0.913,0.22,-0.763,-0.008,-0.747,-0.194,-0.391,-0.325,-0.156,-0.769,0.008,-0.843,0.364,-0.61,0.44569,-0.571,0.74,-0.268,0.662,0.023
1,1,0.0,0.472,0.429,0.575,0.662,0.432,0.929,-0.164,0.781,-0.631,0.419,-0.841,0.279,-0.74,0.153,-0.597,-0.3,-0.842,-0.853,-0.229,-0.561,0.03,-0.955,0.321,-0.874,1.054,-0.35,0.791,-0.109,1.232,0.26,1.051,0.29
1,1.458,0.0,0.287,0.11042,0.123,0.366,0.102,0.67,-0.285,0.763,-0.246,0.3,-0.623,0.129,-1.315,-0.005,-0.328,-0.27,-0.281,-0.608,-0.128,-1.156,0.079,-0.175,0.269,-0.273,0.552,-0.168,0.376,0.043,0.189,0.122,0.177,0.388
1,1.001,0.0,0.786,0.62,0.568,0.778,0.027,0.824,-0.375,0.595,-0.49,0.538,-0.896,0.044,-0.463,-0.345,-0.661,-0.552,-0.046,-1.209,0.248,-0.539,0.762,-0.303,0.403,-0.175,0.939,0.145,0.407,0.59,0.128,0.803,-0.255,0.74356
1,1.226,0.0,0.242,0.075,0.023,0.263,-0.057,0.41,-0.182,-0.105,-0.22,0.085,-0.488,0.137,-0.208,-0.25,-0.154,-0.328,0.094,-0.227,0.34012,-0.093,0.217,-0.125,0.274,0.152,0.045,0.372,-0.045,0.351,-0.093,0.223,-0.232,-0.322
1,1.056,0.0,1.05,0.001,1.013,0.0,0.637,-0.001,0.718,0.028,0.78,0.024,1.278,0.03,1.269,0.012,0.742,0.083,0.472,0.071,1.323,0.08,1.12,0.048,1.22,0.044,1.147,0.095,1.185,0.053,1.135,0.071,0.735,0.08616
1,0.688,0.0,0.82254,-0.108,0.455,0.002,0.523,-0.012,0.769,-0.069,1.014,-0.125,0.435,0.057,1.167,-0.111,0.591,0.095,0.513,0.061,0.735,-0.035,0.544,-0.076,0.741,-0.015,0.386,-0.034,0.924,-0.111,0.545,-0.053,1.068,0.014
1,0.604,0.0,0.424,-0.148,0.697,-0.03,0.938,-0.026,0.583,-0.061,0.344,-0.156,0.452,-0.086,0.578,-0.058,0.622,-0.258,0.822,0.062,0.296,-0.092,0.553,-0.091,0.431,-0.003,0.474,-0.112,0.268,-0.131,0.314,-0.08637,0.317,-0.113
1,0.501,0,0.7,0.009,1.21,0.004,1.12,0.006,1.184,0.034,0.947,0.12,1.05,0.007,1.104,0.011,0.551,-0.096,0.595,0.054,0.666,0.015,0.819,0.007,0.978,-0.002,0.468,0.009,0.465,0.009,0.987,0.008,0.637,0.016
1,1.081,0.0,0.825,-0.017,0.901,0.077,0.374,0.50137,0.611,-0.004,0.743,-0.206,0.428,-0.642,0.303,0.332,0.455,0.187,1.045,0.154,0.27,-0.608,0.641,0.006,0.608,0.056,0.364,0.246,1.012,0.056,0.344,0.309,0.127,0.702
1,1,0.0,0.613,0.094,0.955,-0.099,0.89,-0.038,0.804,-0.065,0.952,0.173,1.026,0.083,1.064,-0.097,0.753,-0.023,0.505,0.064,0.855,0.015,0.611,0.048,0.959,-0.059,0.663,0.001,1.138,0.145,0.942,-0.076,0.751,-0.031
1,1.183,0.0,0.915,0.003,1.305,-0.029,1.156,-0.021,0.801,0.013,1.31,0.047,0.89,0.074,0.477,-0.01,0.65,0.00140,1.3,0.053,0.469,0.05,1.312,0.088,0.669,0.013,0.509,0.033,1.193,0.083,1.163,-0.0,0.953,0.037
1,0.503,0.0,0.513,-0.0,1.3,-0.042,1.372,-0.023,1.276,0.029,1.405,0.018,1.364,0.056,0.789,-0.013,0.845,0.012,1.25,0.015,0.91406,0.062,0.487,0.074,0.78,0.017,1.209,0.032,1.039,0.02,0.9,0.002,0.629,-0.005
1,0.787,0.0,0.966,-0.022,0.824,-0.013,0.878,-0.024,1.122,0.001,1.127,-0.023,0.597,-0.02,1.21,-0.047,0.953,-0.01,0.832,-0.156,0.63,0.006,0.69,-0.012,0.584,-0.015,1.244,-0.114,0.83,-0.192,0.752,-0.021,0.709,-0.16243
1,1,0.0,0.764,0.165,0.658,-0.036,0.741,0.118,0.993,-0.056,1.066,0.06,1.111,-0.003,0.486,-0.008,1.197,-0.066,0.826,-0.051,0.619,-0.068,1.04,0.026,0.83,-0.1,0.605,-0.025,1.032,-0.005,0.417,-0.045,1.226,-0.044
