1,1.247,0.0,1.203,-0.071,0.84,0.021,0.555,-0.463,0.631,0.045,0.529,-0.181,0.453,-0.23,0.81,-0.193,0.83,-0.378,0.441,-0.441,0.576,-0.364,0.228,-0.413,0.323,-0.343,0.21,-0.412,0.222,-0.302,0.512,-0.54,0.219,-0.51
0,1.368,0.0,0.932,-0.211,1.181,-0.184,-0.141,-0.623,1.367,-0.036,0.439,-0.575,0.421,-0.792,-0.357,-0.631,0.062,-0.799,0.245,-0.947,-0.172,-0.547,-0.22,-0.517,-0.23,-0.214,-0.129,-0.15,-0.22,-0.104,-0.232,-0.057,-0.166,-0.022
1,1.48,0.0,1.385,-0.034,0.925,0.007,1.234,-0.068,1.22,0.017,0.553,0.065,0.851,0.01,0.315,0.003,0.679,-0.078,0.483,-0.099,0.792,-0.338,0.304,-0.084,0.493,-0.255,0.826,-0.122,0.567,-0.19,0.51,-0.304,0.292,-0.465
0,0.564,0.0,1.203,-0.577,0.81,0.832,0.672,-1.33,0.0,0.0,0.0,0.0,0.0,0.0,-0.728,0.087,0.683,-0.459,-1.104,-0.602,-1.022,1.494,0.0,0.0,0.789,0.977,0.462,1.233,0.7,-0.293,0.176,1.121,-0.182,0.961
1,0.634,0.0,0.885,-0.032,0.806,0.09,0.524,-0.133,0.832,-0.224,0.516,-0.298,0.725,-0.009,0.415,-0.172,0.622,-0.131,0.509,-0.249,0.083,-0.349,0.016,-0.34,0.038,-0.383,0.117,-0.419,0.016,-0.773,-0.061,-0.475,-0.065,-0.602
0,0.801,0.0,0.017,-0.006,-0.119,-0.114,-0.01,-0.135,0.132,0.098,0.056,-0.051,0.0,0.0,-0.029,-0.16,-0.003,-0.137,-0.173,-0.047,0.026,0.032,0.008,0.007,0.05,-0.01,-0.029,0.051,-0.066,0.004,0.0,0.0,-0.0,0.063
1,0.73,0.0,1.184,-0.12,0.728,-0.306,0.667,-0.399,1.069,-0.141,0.897,-0.668,0.474,-0.718,0.729,-0.343,0.606,-0.936,0.455,-0.564,0.345,-0.415,0.398,-1.025,0.301,-1.148,0.185,-0.728,0.042,-1.209,-0.061,-1.094,-0.082,-0.76
0,0.0,0.0,0.0,0.0,0.0,0.0,0.969,-0.507,0.0,0.0,-1.495,-0.706,0.0,0.0,0.0,0.0,1.2,0.622,-1.001,-1.17,0.0,0.0,0.0,0.0,0.999,1.064,1.073,1.348,0.0,0.0,1.256,0.769,0.0,0.0
1,0.722,0.0,1.079,-0.083,1.186,-0.208,1.469,-0.275,1.226,-0.433,0.888,-0.553,0.512,-0.573,0.696,-0.628,1.22,-0.179,0.429,-0.987,0.998,-0.795,0.544,-0.396,0.472,-0.329,0.759,-0.965,0.195,-0.335,0.369,-0.721,0.457,-0.848
0,0.758,0.0,-0.015,-0.115,0.0,0.0,0.0,0.0,0.075,-0.235,-0.482,-0.475,0.0,0.0,-0.357,0.504,-0.539,0.192,0.509,0.211,0.0,0.0,0.0,0.0,-0.216,-0.02,0.267,-0.025,0.0,0.0,0.168,0.286,-0.114,0.301
1,0.595,0.0,0.688,0.066,1.424,-0.168,1.404,-0.152,1.046,-0.382,1.048,-0.487,0.815,-0.568,0.904,-0.833,0.883,-0.459,0.872,-0.713,1.003,-0.392,0.942,-0.976,0.334,-0.58,0.374,-0.522,0.235,-0.611,0.241,-1.12,0.244,-1.01
0,0.958,0.0,1.376,-0.798,0.752,-1.311,0.912,-0.998,1.246,0.473,1.195,-0.414,0.865,1.267,1.268,-1.075,1.255,-0.214,0.54,-0.914,1.358,1.393,1.201,0.665,0.529,-0.508,1.264,-0.938,0.703,-1.433,0.974,-0.788,1.222,-0.973
1,1.33,0.0,0.621,-0.111,0.754,-0.146,1.488,-0.117,0.828,-0.118,1.092,-0.176,1.201,-0.382,0.862,-0.392,1.381,-0.412,0.984,-0.435,1.183,-0.251,0.936,-0.398,0.899,-0.47,0.45,-0.374,0.759,-0.454,0.404,-0.871,0.468,-0.704
0,0.688,0.0,0.711,-0.788,1.238,0.302,0.684,-0.524,0.83,-0.089,0.723,0.353,0.565,0.101,1.231,-0.2,1.251,-1.081,0.568,-0.925,0.323,0.205,0.889,0.869,1.087,-0.192,1.055,0.285,1.212,-0.708,0.808,1.118,0.593,-0.205
1,1.371,0.0,1.238,0.104,0.717,0.033,0.663,-0.053,1.295,0.095,0.945,0.213,0.788,0.178,0.708,0.158,1.341,0.087,0.717,0.204,0.962,0.495,0.672,0.211,1.318,0.275,1.065,0.373,1.088,0.552,0.972,0.177,1.058,0.246
0,0.878,0.0,0.444,-1.204,0.542,0.316,-0.052,-0.847,0.686,-0.924,0.521,-1.301,0.0,0.0,-0.504,-0.381,-0.511,0.024,0.669,-0.777,0.0,0.0,0.0,0.0,-0.097,0.464,0.573,0.18,0.0,0.0,1.014,0.31,0.0,0.0
1,1.335,0.0,1.195,0.054,0.973,-0.007,0.672,0.033,1.188,0.013,1.022,0.094,0.932,0.129,0.512,0.051,0.596,0.145,0.918,0.062,1.219,0.098,0.536,0.213,0.452,0.095,0.885,0.087,0.822,0.205,0.392,0.2,0.596,0.122
0,0.0,0.0,0.0,0.0,-0.918,-1.395,0.501,0.584,-1.424,1.188,-1.158,1.0,0.583,-0.662,1.22,0.748,-1.378,-1.309,-0.551,0.783,0.893,-0.948,-0.811,1.395,-0.613,0.721,0.787,-1.361,-1.43,0.675,-0.96,-0.599,1.116,-1.464
1,1.173,0.0,0.918,0.037,0.505,0.036,0.51,0.234,0.089,0.211,0.769,0.119,0.471,0.176,0.952,0.099,0.301,0.181,0.126,0.377,0.773,0.223,0.624,0.298,0.325,0.121,0.344,0.208,0.291,0.155,0.208,0.349,0.984,0.392
0,0.0,0.0,1.367,-0.617,0.0,0.0,0.0,0.0,1.208,1.123,0.892,-0.506,-0.922,1.299,0.0,0.0,-0.509,0.805,0.646,0.666,-1.338,0.991,1.132,0.684,-0.91,1.228,1.311,0.816,1.125,-0.863,0.569,1.27,0.631,1.368
1,1.371,0.0,1.158,-0.008,0.7,-0.063,1.01,-0.087,1.117,-0.095,1.256,-0.09,1.217,-0.361,0.996,-0.181,1.29,-0.39,1.229,-0.511,0.576,-0.536,0.811,-0.678,0.652,-0.299,0.765,-0.519,0.418,-0.442,0.56,-0.28,0.898,-0.341
0,0.0,0.0,1.453,0.728,0.0,0.0,0.0,0.0,-1.421,-1.293,0.0,0.0,0.0,0.0,-1.385,-0.91,-0.789,-0.602,-1.234,0.684,-0.522,1.461,0.0,0.0,0.0,0.0,1.106,-1.305,-1.31,0.886,-1.494,0.577,-0.7,1.19
1,1.317,0.0,0.546,0.057,1.33,0.025,1.168,0.137,0.972,-0.06,0.559,0.022,0.475,-0.072,0.652,0.121,0.925,0.004,1.042,-0.047,0.67,-0.072,0.617,-0.081,0.601,-0.097,0.813,-0.017,0.5,-0.016,0.409,-0.0,0.335,-0.001
0,0.0,0.0,-1.138,1.482,0.0,0.0,0.0,0.0,-0.885,1.42,1.027,1.278,0.0,0.0,0.0,0.0,1.303,-0.956,-0.678,1.49,0.896,1.401,0.0,0.0,-0.664,-0.528,1.014,-0.634,0.708,0.882,-0.517,0.653,0.0,0.0
1,1.471,0.0,1.322,-0.048,1.461,0.021,1.489,-0.049,1.213,-0.023,1.124,-0.151,1.195,-0.07,1.059,-0.061,0.864,-0.045,0.958,-0.105,1.392,-0.262,0.654,-0.285,1.184,-0.419,0.902,-0.257,0.559,-0.341,0.458,-0.192,0.561,-0.58
0,1.041,0.0,0.507,0.565,0.939,-0.581,0.999,-1.063,1.17,-0.613,1.046,-0.718,1.027,-1.421,1.345,-0.592,0.623,-0.543,1.272,-1.406,0.559,-0.754,0.901,-1.064,1.406,-1.375,0.725,-0.975,0.769,-1.256,0.969,-0.622,0.706,-1.348
1,0.959,0.0,1.268,-0.054,1.241,-0.229,1.156,-0.784,0.497,0.307,1.258,-0.535,0.95,-0.176,0.737,-0.28,1.212,-0.731,0.093,-0.778,0.705,0.085,0.356,-1.174,0.703,-0.678,0.554,-0.467,0.486,-0.937,0.327,-1.275,-0.164,-0.541
0,0.0,0.0,-1.393,-1.156,0.0,0.0,-0.758,0.654,0.77,-0.402,0.0,0.0,0.0,0.0,0.0,0.0,0.538,-0.508,-1.408,-0.878,1.28,-1.313,0.0,0.0,1.306,-0.507,-0.789,1.238,-1.013,-0.504,0.0,0.0,-1.45,1.114
1,1.362,0.0,0.595,0.05,1.42,0.137,1.132,-0.105,1.458,0.919,0.651,0.564,1.062,0.564,0.915,0.88,0.565,0.824,0.688,1.425,0.69,0.847,1.039,0.886,1.152,0.997,0.549,1.251,1.05,1.211,0.324,0.514,0.655,1.452
0,0.0,0.0,-0.604,-1.267,0.788,0.958,0.973,-0.727,-0.73,0.99,1.095,-1.201,-0.974,-1.358,0.0,0.0,1.046,0.556,-1.376,-0.582,1.472,-1.075,1.241,-0.976,1.493,0.792,1.311,-1.246,1.195,-1.268,-1.048,1.005,1.255,-1.222
1,1.462,0.0,0.678,-0.142,1.305,-0.108,0.92,-0.118,0.615,-0.082,1.488,-0.348,1.161,-0.375,0.865,-0.329,0.912,-0.387,0.998,-0.271,0.529,-0.521,1.35,-0.754,1.047,-0.705,0.584,-0.561,1.401,-0.972,1.375,-0.533,1.07,-0.558
0,1.005,0.0,0.621,-0.565,1.14,0.909,0.754,-1.295,1.33,-1.255,1.302,-1.155,1.312,-0.01,0.568,-0.723,0.828,1.44,1.352,-0.691,0.925,0.772,1.264,-1.129,0.0,0.0,1.064,0.593,0.641,-0.959,1.357,1.459,1.055,1.238
1,0.824,0.0,0.833,-0.106,0.741,-0.098,0.899,-0.229,1.005,-0.24,0.86,-0.166,0.464,-0.407,0.893,-0.241,0.877,-0.247,0.593,-0.334,0.486,-0.522,0.549,-0.359,0.664,-0.362,0.748,-0.288,0.701,-0.803,0.534,-0.706,0.406,-0.619
0,0.962,0.0,0.977,-0.031,0.418,-0.154,1.309,-0.117,1.367,-0.07,0.924,-0.055,0.755,0.506,0.873,-0.657,0.545,-0.156,0.82,-0.229,-0.201,0.981,0.282,0.049,0.555,-0.294,1.152,-0.594,0.557,-0.145,0.516,-1.186,-0.169,-1.082
1,1.199,0.0,1.243,-0.192,0.464,0.196,0.701,-0.396,0.544,-0.318,0.973,-0.343,1.115,-0.104,0.745,0.19,1.493,0.409,1.018,0.316,1.149,-0.025,0.507,-0.802,0.594,0.165,0.64,-0.145,0.883,-0.164,1.333,0.269,0.551,-0.726
0,0.729,0.0,0.662,-1.319,1.158,0.787,0.556,-0.452,1.129,-0.303,1.382,-0.84,0.811,-0.736,1.309,0.98,0.089,0.696,1.066,0.584,1.114,1.257,0.783,-0.646,1.308,0.603,1.043,-0.106,0.481,-0.333,1.03,0.583,0.583,0.418
1,0.86,0.0,0.642,0.005,0.523,-0.016,1.032,-0.044,1.017,-0.064,1.439,-0.083,1.152,-0.078,1.15,-0.111,1.24,-0.107,0.629,-0.2,0.661,-0.207,0.671,-0.137,0.677,-0.198,1.323,-0.254,0.43,-0.219,0.766,-0.137,1.151,-0.227
0,0.0,0.0,1.224,1.167,0.869,-0.697,0.0,0.0,0.0,0.0,-1.34,-1.443,0.0,0.0,0.0,0.0,-0.746,0.684,1.177,0.814,-1.433,1.05,-1.474,0.538,0.826,-1.466,0.755,1.379,-0.925,0.73,1.367,1.496,0.0,0.0
1,0.702,0.0,0.703,0.049,0.543,0.014,1.168,0.064,1.196,0.013,1.085,0.042,0.802,0.081,0.884,0.061,1.121,0.191,0.749,0.137,0.781,0.098,1.088,0.192,0.882,0.133,1.044,0.11,0.723,0.173,0.573,0.159,0.54,0.094
0,0.573,0.0,1.47,0.025,0.666,0.048,0.635,0.084,0.399,-0.695,1.066,0.066,1.055,0.48,0.622,0.126,0.875,0.115,1.024,0.52,0.398,0.167,0.696,0.104,0.409,0.146,0.525,0.223,0.564,0.147,0.207,0.111,0.9,0.999
1,1.48,0.0,0.86,0.044,0.701,0.106,1.007,0.192,1.307,0.477,0.597,0.433,0.608,0.671,0.662,0.742,0.559,0.607,0.465,0.892,0.487,0.467,0.296,0.345,0.259,0.447,0.177,1.008,0.128,0.601,0.094,0.809,0.095,0.815
0,0.523,0.0,-0.564,-1.332,1.202,0.979,0.673,-0.1,0.0,0.0,-1.264,0.657,1.063,0.544,0.245,-0.788,-0.595,-1.464,0.062,-0.803,0.754,-1.456,-1.206,0.746,-0.519,-1.379,1.375,-0.711,-1.234,-1.082,1.267,0.503,0.0,0.0
1,1.101,0.0,0.617,0.045,0.507,0.161,1.38,0.113,0.753,0.369,0.617,0.276,0.1,0.497,0.781,0.38,0.34,0.404,0.266,0.11,0.472,0.376,0.332,0.466,0.33,0.411,0.217,0.614,0.143,0.557,0.067,0.59,0.133,0.659
0,1.343,0.0,-0.849,-1.126,0.595,1.217,0.645,-1.037,1.18,-0.33,0.644,0.963,1.162,-0.534,1.106,-0.983,1.415,0.185,1.362,-1.456,1.089,-0.027,-0.752,0.506,0.39,0.695,1.037,0.662,0.78,-1.327,0.62,-0.868,1.142,-1.327
1,1.495,0.0,0.77,-0.041,1.178,-0.17,1.293,-0.103,1.194,-0.346,0.596,-0.345,1.354,-0.52,1.055,-0.552,0.74,-0.572,0.923,-0.386,1.018,-0.459,0.861,-0.63,0.77,-0.529,0.877,-0.815,0.577,-0.737,0.36,-0.859,0.249,-0.61
0,0.0,0.0,0.0,0.0,0.0,0.0,0.0,0.0,1.023,1.462,1.485,0.889,0.0,0.0,0.0,0.0,-0.554,-0.596,-0.793,-0.523,0.0,0.0,0.0,0.0,-1.443,-0.524,-0.524,-0.617,-1.455,1.303,0.95,0.0,0.0,0.0
1,1.235,0.0,0.981,-0.022,0.662,-0.092,0.852,-0.108,0.965,-0.088,1.151,-0.126,1.313,-0.222,0.514,-0.253,0.917,-0.285,0.719,-0.432,1.009,-0.216,1.261,-0.561,0.587,-0.293,0.738,-0.409,1.104,-0.446,0.675,-0.43,0.746,-0.591
0,1.188,0.0,0.788,-0.029,-1.03,0.283,-0.373,0.471,0.754,-0.428,1.44,-0.048,-0.241,-0.007,-0.285,0.18,0.774,-0.403,0.957,-0.679,-0.218,-0.184,-0.774,0.308,1.102,-0.514,0.447,-0.715,0.958,-0.489,-0.06,0.286,-0.084,0.397
1,0.585,0.0,1.371,0.009,1.222,-0.05,1.021,-0.033,0.678,-0.038,1.251,-0.055,1.324,-0.126,0.919,-0.107,0.986,-0.166,0.551,-0.2,0.798,-0.255,1.271,-0.118,1.202,-0.101,0.772,-0.295,0.723,-0.158,0.975,-0.31,0.899,-0.159
0,1.418,0.0,0.0,0.0,0.747,0.489,0.0,0.0,0.148,-1.418,0.0,0.0,0.0,0.0,-0.925,-0.213,-0.652,-0.813,0.926,0.798,0.0,0.0,0.415,0.244,-0.797,0.319,1.264,-1.356,-1.495,1.017,0.0,0.0,0.0,0.0
1,1.026,0.0,1.132,-0.14,0.51,0.032,1.152,-0.004,0.627,0.205,1.187,-0.024,1.282,0.71,1.18,-0.4,0.952,-0.433,0.473,-0.265,1.154,0.907,0.247,-0.207,0.517,-0.015,0.862,-0.008,0.837,-0.219,0.782,-0.34,1.19,-0.02
0,0.0,0.0,0.654,1.006,1.432,-1.194,0.0,0.0,0.0,0.0,1.365,0.643,1.214,1.254,-0.714,-1.198,0.834,-0.837,-0.72,1.376,0.0,0.0,0.904,-0.626,0.62,-0.597,1.22,0.627,-0.634,-1.066,0.0,0.0,0.0,0.0
1,0.756,0.0,0.798,1.157,1.214,1.48,0.795,1.324,-0.137,0.584,-0.476,0.777,-1.218,1.1,-1.122,0.957,-0.928,-0.73,-1.411,-0.272,-0.859,-1.434,-0.771,-0.621,0.601,-1.325,0.733,-1.439,1.365,-0.759,0.95,-0.31,1.189,0.485
0,1.243,0.0,-0.67,-0.616,-1.452,0.612,0.658,0.606,0.02,-0.566,-0.537,-1.4,0.707,0.678,0.931,-1.027,-1.105,1.317,0.61,0.599,1.294,-0.706,-1.245,-1.3,-0.157,1.013,0.803,-1.395,-0.947,-0.514,-0.809,1.475,0.9,0.191
1,0.949,0.0,0.689,0.12,0.665,-0.078,0.623,-0.093,1.017,-0.078,0.71,0.012,0.852,-0.171,1.248,-0.257,1.377,-0.266,1.26,-0.253,0.799,-0.365,1.039,-0.443,1.305,-0.288,0.456,-0.316,1.306,-0.203,1.217,-0.585,1.083,-0.495
0,1.34,0.0,0.1,-0.244,-1.433,0.746,-1.496,0.668,0.742,0.553,-0.828,-0.658,-0.574,-1.224,-0.884,0.814,-0.025,0.793,-0.294,-0.532,-0.587,-0.86,-0.502,-0.354,-1.167,0.332,0.914,-1.121,-1.397,-0.574,-1.177,-0.826,-0.869,0.449
1,1.181,0.0,1.247,-0.033,1.054,-0.067,0.827,-0.078,1.165,-0.13,0.619,0.657,1.261,-0.144,0.576,-0.112,0.671,0.387,0.684,-0.169,0.617,-0.189,0.722,-0.274,1.379,-1.05,0.859,-0.315,0.687,-0.318,1.003,-0.203,0.544,-0.283
0,0.0,0.0,-0.702,0.947,0.9,-0.758,-0.751,1.47,0.0,0.0,0.654,1.09,-0.606,-0.167,1.412,0.589,-0.829,-0.695,0.808,-1.138,-1.024,-1.001,0.604,0.894,1.158,-1.074,0.864,0.984,1.35,1.181,0.0,0.0,-0.82,-0.757
1,0.731,0.0,1.392,0.044,0.615,0.046,0.891,0.109,0.501,-0.027,0.804,0.1,1.355,0.102,1.111,0.091,1.219,0.298,0.923,0.206,1.019,0.095,0.463,0.196,0.669,0.224,0.566,0.331,0.762,0.14,0.539,0.252,0.851,0.179
0,1.063,0.0,0.089,-0.803,-0.869,1.264,0.0,0.0,0.0,0.0,-0.754,1.082,0.0,0.0,-0.369,-0.341,0.971,0.257,0.704,0.173,0.0,0.0,-0.979,-0.204,-0.478,0.758,0.806,0.832,-0.661,0.754,0.0,0.0,0.0,0.0
1,0.523,0.0,1.234,0.083,1.375,0.142,1.329,0.233,1.231,0.1,0.943,0.097,0.571,0.283,1.231,0.364,1.252,0.292,0.689,0.453,0.811,0.358,0.516,0.536,0.521,0.382,0.944,0.426,0.552,0.335,0.424,0.28,0.361,0.427
0,1.106,0.0,0.018,-0.34,0.0,0.0,0.0,0.0,0.0,0.0,0.0,0.0,0.0,0.0,0.103,-0.327,0.335,1.112,0.868,-0.248,0.0,0.0,0.111,-0.541,-0.07,-0.164,0.506,-1.086,-0.973,0.219,0.0,0.0,1.062,-0.243
1,1.071,0.0,1.338,0.089,1.485,0.154,1.377,0.363,1.229,0.235,0.601,0.372,1.1,0.362,1.143,0.51,0.899,0.622,0.858,0.838,0.63,0.294,0.635,0.887,0.377,0.73,0.511,0.978,0.468,0.837,0.391,0.582,0.249,0.992
0,1.485,0.0,0.624,0.613,0.109,-0.882,1.201,0.902,0.834,0.209,-0.899,0.536,-0.052,0.848,0.012,0.031,-0.475,-0.777,0.075,-0.017,0.334,-0.515,-1.478,0.853,0.789,-0.713,1.256,-0.047,0.642,1.303,0.218,-1.462,0.524,1.32
1,0.992,0.0,0.866,-0.258,0.974,0.677,1.18,0.165,0.563,-0.059,0.948,0.259,0.446,-0.231,0.933,0.007,0.808,-0.476,1.06,-0.329,0.922,-0.199,1.248,-0.093,1.088,0.124,1.095,-0.064,0.967,-0.398,0.402,0.288,0.576,-0.04
0,0.855,0.0,0.76,0.131,1.395,0.23,1.006,-0.981,0.901,0.053,1.491,0.269,1.099,0.815,0.824,0.364,0.842,0.023,0.387,-0.565,1.089,0.665,0.71,0.288,0.615,-0.48,1.231,0.133,0.411,-0.027,1.024,0.164,0.681,0.194
1,1.268,0.0,0.512,0.266,0.546,0.025,1.436,0.104,1.474,0.044,1.198,0.314,1.32,0.064,1.43,0.061,0.819,-0.144,0.881,-0.075,0.957,0.038,0.984,0.16,1.188,-0.494,0.799,-0.032,0.574,0.309,0.906,-0.231,1.123,-0.102
0,0.0,0.0,0.628,-1.123,1.246,-1.264,1.374,-0.882,0.677,-0.712,0.586,1.407,0.706,1.204,0.949,-0.776,0.92,0.83,0.685,1.418,1.209,0.835,1.223,-0.805,0.665,-0.692,1.046,-1.138,1.356,0.83,0.0,0.0,0.973,-0.747
1,1.344,0.0,1.286,0.662,0.619,0.759,0.64,1.463,0.292,1.092,-0.491,1.233,-0.812,0.699,-1.065,0.554,-0.526,-0.849,-1.146,-0.607,-0.844,-0.832,-0.216,-1.285,0.594,-0.679,0.531,-1.163,0.333,-0.945,1.272,-0.527,1.449,0.046
0,0.713,0.0,0.923,0.956,0.684,-1.044,0.654,-0.904,1.269,0.657,0.626,0.62,1.376,1.254,0.546,-1.275,0.643,0.687,1.066,0.53,0.738,1.178,0.763,0.544,1.169,1.309,1.432,0.417,0.0,0.0,0.926,-0.837,0.695,-0.597
1,1.1,0.0,1.157,0.052,1.194,0.139,0.634,0.387,1.439,0.332,0.859,0.351,1.214,0.348,0.894,0.301,0.647,0.497,1.392,0.68,1.122,0.616,0.584,0.34,0.561,0.501,0.639,0.663,0.683,0.917,0.67,1.071,0.883,1.004
0,0.0,0.0,0.9,-0.658,1.013,0.986,-1.218,-1.3,1.214,-0.707,0.0,0.0,0.0,0.0,-0.809,0.947,1.32,-0.777,0.667,-1.027,-0.892,0.803,1.459,-0.927,0.566,-1.411,1.452,-0.621,-1.4,-0.678,0.0,0.0,1.395,-0.576
1,1.45,0.0,0.547,0.119,0.949,0.254,0.592,0.362,0.692,0.306,0.983,0.657,0.609,0.775,0.602,0.708,0.376,1.026,0.725,0.438,0.449,0.899,0.348,1.12,0.557,0.56,0.298,0.917,0.17,1.134,0.192,0.532,0.087,0.954
0,0.914,0.0,0.464,0.395,0.0,0.0,-0.268,0.837,0.0,0.0,0.0,0.0,0.0,0.0,0.217,-0.362,0.177,0.287,0.622,1.032,0.0,0.0,0.0,0.0,0.899,0.276,0.854,0.421,0.0,0.0,0.0,0.0,0.0,0.0
1,0.829,0.0,1.397,0.06,0.62,0.149,0.869,0.246,1.496,0.323,0.77,0.335,0.746,0.513,0.659,0.324,0.514,0.271,0.558,0.843,0.746,0.706,1.088,0.734,0.977,0.749,0.406,1.002,0.41,0.6,0.496,0.835,0.207,0.938
0,0.0,0.0,0.671,0.695,0.0,0.0,0.894,-0.829,1.09,-0.9,0.734,1.138,0.998,1.233,0.82,-0.758,1.35,0.654,1.499,1.412,0.894,-1.181,-1.001,-0.985,0.964,-0.541,1.194,-0.702,0.864,1.476,0.0,0.0,0.606,-0.984
1,0.696,0.0,0.954,0.03,0.51,0.08,1.269,0.139,1.022,0.212,1.372,0.232,0.927,0.243,0.572,0.354,0.968,0.3,1.165,0.269,0.508,0.652,0.988,0.595,0.95,0.452,0.347,0.694,0.549,0.368,0.531,0.826,0.361,0.84
0,0.0,0.0,1.202,1.007,0.848,-0.85,0.754,0.674,0.806,0.731,0.621,0.754,0.701,0.625,0.803,1.108,0.694,-0.869,-1.392,0.832,-0.564,0.501,-1.082,1.418,1.14,-0.688,0.503,0.711,-0.822,1.48,-0.788,-1.113,-0.661,0.807
1,0.601,0.0,1.379,0.237,1.329,0.264,0.727,1.068,1.034,0.996,0.711,0.673,1.267,1.286,1.332,0.93,1.264,1.38,1.369,1.094,0.514,1.063,0.454,0.519,0.425,1.456,0.323,1.355,0.066,0.523,-0.169,0.595,-1.004,1.375
0,0.0,0.0,0.973,0.645,0.665,-1.343,1.469,0.662,-0.839,0.586,0.0,0.0,0.541,1.062,0.0,0.0,0.0,0.0,-0.683,1.072,-1.13,1.416,0.994,0.678,0.813,-1.101,1.18,0.955,0.811,1.249,0.835,-1.223,-1.085,1.163
1,1.495,0.0,1.146,-0.087,1.162,0.835,0.657,0.135,1.142,0.203,1.318,-1.338,1.327,-0.442,1.311,-0.102,0.595,0.067,0.868,-0.905,0.726,-0.387,1.181,-0.78,1.411,-0.549,0.983,-0.917,0.62,-0.772,1.037,-0.815,0.892,-0.256
0,0.0,0.0,1.071,-1.26,0.974,0.506,0.902,1.201,0.675,1.344,1.288,0.677,0.922,-1.306,0.522,-0.777,1.174,1.461,1.056,-1.023,1.114,1.152,0.871,0.733,0.524,-0.767,1.37,0.713,0.524,-1.34,1.099,1.303,0.642,-0.978
1,0.622,0.0,0.817,0.059,1.228,0.236,0.837,0.196,0.849,0.198,0.913,0.401,0.933,0.254,0.63,0.482,0.873,0.668,0.314,0.348,0.317,0.664,0.211,0.407,0.225,0.853,0.279,1.061,0.122,0.615,0.014,1.121,-0.035,1.028
0,1.006,0.0,0.508,-0.213,0.754,0.145,0.274,0.442,0.35,0.792,1.163,-0.204,0.016,0.326,0.01,0.265,0.269,0.365,0.108,0.361,0.029,0.335,-0.001,0.213,-0.025,0.261,-0.047,0.119,-0.047,0.086,-0.048,0.087,-0.036,0.048
1,0.984,0.0,0.717,-0.019,0.905,-0.041,0.879,0.016,0.777,0.024,0.33,0.075,0.597,0.109,0.96,0.06,0.993,-0.285,0.973,-0.015,0.824,0.043,0.292,-0.275,0.569,0.04,0.725,-0.063,0.444,-0.28,0.607,-0.154,0.308,0.039
0,0.665,0.0,0.538,-0.043,0.814,0.062,1.344,0.944,0.501,0.191,0.689,0.166,0.426,-0.481,0.408,0.449,0.808,-0.146,0.683,-0.068,0.603,0.093,0.871,0.402,0.535,0.201,0.688,0.199,0.457,-0.032,0.2,0.105,0.488,0.161
1,1.488,0.0,0.613,0.055,1.092,-0.142,1.094,0.055,0.987,-0.042,0.612,0.015,0.555,-0.08,0.927,-0.021,0.862,0.117,0.462,-0.099,0.888,-0.313,0.526,-0.112,1.219,-0.147,0.502,-0.08,0.75,0.015,1.265,0.04,0.589,0.007
0,0.763,0.0,1.067,-0.036,1.043,0.036,1.489,1.053,0.461,-0.074,0.612,-0.115,0.872,0.089,0.734,0.923,0.482,0.149,0.848,0.074,1.09,-0.271,0.635,-1.359,0.675,0.432,0.702,0.08,0.224,0.051,0.322,0.169,1.275,1.344
1,1.1,0.0,0.481,-0.023,0.453,0.0,0.346,0.155,0.546,-0.059,0.451,0.088,0.68,0.069,0.688,-0.073,0.708,0.012,0.318,0.0,0.3,0.07,0.418,0.102,0.623,0.004,0.278,0.149,0.351,0.118,0.428,0.146,0.524,0.123
0,1.32,0.0,0.522,0.092,0.455,0.158,0.144,0.158,-0.053,0.495,0.04,0.441,-0.164,0.471,-0.191,0.325,0.028,0.535,-0.203,0.18,-0.102,0.041,-0.232,0.337,-0.195,-0.056,-0.093,-0.062,-1.365,-0.667,-0.023,-0.097,-0.006,-0.057
1,0.893,0.0,0.636,-0.307,0.612,0.257,0.662,0.16,1.12,0.062,1.336,-0.047,0.438,0.182,0.768,0.334,0.679,0.33,0.657,0.234,0.881,0.195,0.616,0.482,0.305,0.527,0.661,0.465,0.548,0.386,0.248,0.679,0.691,0.406
0,1.182,0.0,1.2,-0.112,-0.273,-1.079,-0.098,-0.385,0.766,0.067,0.468,-0.009,-0.275,0.928,-0.101,-0.437,1.131,-0.134,0.712,-0.235,-0.08,0.464,-0.226,1.08,0.65,-0.026,0.99,-0.347,0.824,-0.143,-0.143,-1.091,-0.131,-0.618
1,1.379,0.0,0.747,-0.29,0.721,0.025,0.243,0.316,0.768,0.159,0.504,0.167,0.437,-0.269,0.368,0.542,0.315,-0.628,0.442,-0.192,0.212,0.176,0.664,-0.052,0.395,-0.166,0.524,-0.03,0.564,-0.062,0.569,-0.233,0.376,0.101
0,1.42,0.0,-0.354,0.175,-0.425,0.832,0.349,-0.172,0.197,-0.087,0.204,-0.227,0.393,0.102,0.462,-0.128,0.196,0.391,0.393,0.04,0.291,0.058,-0.57,-0.909,1.466,0.63,0.29,-0.333,-0.151,0.086,0.026,0.788,0.76,-0.085
1,1.35,0.0,0.287,0.139,0.454,0.109,0.494,-0.007,0.399,0.123,0.317,-0.104,0.658,-0.043,0.421,0.026,0.735,-0.241,0.491,-0.054,0.398,0.078,0.333,-0.135,0.46,-0.017,0.601,-0.049,0.21,0.101,0.406,-0.014,0.275,-0.024
0,0.661,0.0,1.173,0.249,0.0,0.0,0.397,0.093,0.34,0.832,0.383,1.41,-0.018,0.389,0.148,0.097,-0.024,0.768,-0.355,0.855,-0.102,0.33,-0.593,0.201,-0.586,0.555,-0.48,0.711,-0.822,0.706,-1.341,0.064,0.0,0.0
1,1.464,0.0,0.882,0.086,1.002,0.294,0.544,0.34,0.718,0.48,0.59,0.408,0.334,0.521,0.089,0.479,-0.16,0.659,-0.286,0.823,-0.254,0.713,-0.406,0.432,-0.841,0.424,-0.624,0.179,-0.995,0.135,-0.481,-0.08,-0.481,-0.12
1,0.75,0.0,0.711,0.222,0.804,0.509,0.769,0.401,0.467,0.741,0.433,1.231,0.054,0.55,-0.111,1.084,-0.221,1.25,-0.554,0.993,-0.796,0.304,-0.946,0.379,-0.432,0.17,-0.704,-0.013,-1.116,-0.128,-0.73,-0.281,-0.494,-0.337
0,1.471,0.0,-1.162,-1.037,0.0,0.0,0.499,-0.855,0.825,0.435,-0.811,-0.586,0.0,0.0,0.0,0.0,1.411,-0.145,0.531,-0.636,0.626,-0.662,-1.338,-0.506,1.343,-0.485,-1.469,-1.327,-1.037,-0.805,0.62,-0.595,0.0,0.0
1,0.945,0.0,0.487,0.036,0.847,0.018,0.875,0.05,0.782,0.115,0.854,0.455,0.856,0.11,0.581,0.111,0.947,-0.104,0.409,0.0,0.8,0.111,0.878,0.062,0.584,0.163,0.862,0.133,0.9,0.137,0.317,0.161,0.444,0.178
0,0.933,0.0,0.853,-0.524,0.0,0.0,0.678,-0.52,0.482,0.423,-0.373,-0.874,0.0,0.0,0.0,0.0,0.715,-0.403,0.97,-0.896,0.0,0.0,0.265,-0.95,-1.462,-0.617,-0.613,-1.023,1.449,-1.159,1.455,-0.882,0.0,0.0
1,0.681,0.0,0.886,0.015,0.967,-0.032,1.121,-0.042,0.588,-0.048,1.152,-0.065,0.788,-0.106,1.345,-0.152,0.974,-0.126,0.851,-0.124,1.356,-0.115,0.993,-0.128,1.014,-0.3,0.521,-0.253,0.705,-0.246,0.799,-0.299,0.905,-0.229
0,0.0,0.0,0.0,0.0,0.0,0.0,0.0,0.0,0.0,0.0,0.0,0.0,0.0,0.0,0.0,0.0,0.0,0.0,0.0,0.0,0.0,0.0,0.0,0.0,0.0,0.0,1.395,-1.048,0.0,0.0,0.0,0.0,0.0,0.0
1,1.046,0.0,1.002,-0.169,0.651,-0.181,0.913,-0.115,0.569,0.107,1.116,-0.016,0.822,-0.127,0.692,-0.463,1.387,-0.268,0.931,-0.14,0.546,-0.379,0.545,-0.492,1.32,-0.177,1.194,-0.263,0.85,-0.35,0.59,-0.433,0.491,-0.376
0,1.171,0.0,0.408,-0.226,0.0,0.0,0.644,-1.407,0.371,1.212,0.873,0.061,0.322,-1.262,0.0,0.0,0.577,-0.455,0.551,-1.144,0.0,0.0,0.0,0.0,0.276,0.199,0.747,-0.211,0.047,-0.472,0.131,-0.48,0.0,0.0
1,1.355,0.0,1.165,-0.634,1.269,-0.02,0.568,-1.277,1.225,0.713,1.154,-0.11,1.275,-0.165,1.489,-0.154,1.448,-0.234,0.679,-0.24,0.546,-0.303,0.762,-0.338,1.346,-0.401,0.713,-0.478,1.447,-0.196,1.463,-0.369,0.684,-0.414
0,0.738,0.0,0.0,0.0,0.0,0.0,0.0,0.0,0.0,0.0,0.475,0.643,0.0,0.0,0.0,0.0,0.503,-0.942,0.401,-1.194,0.0,0.0,0.0,0.0,0.0,0.0,0.634,0.069,0.0,0.0,0.0,0.0,0.0,0.0
1,1.411,0.0,1.431,0.007,0.522,-0.137,0.516,-0.153,1.187,-0.059,1.428,-0.05,1.125,0.036,0.779,-0.276,1.116,-0.15,0.784,-0.058,0.659,0.001,1.085,-0.078,0.866,-0.101,1.196,-0.196,1.352,-0.125,1.013,-0.375,0.86,-0.159
0,1.475,0.0,0.084,0.066,0.0,0.0,0.0,0.0,0.766,0.813,0.404,0.803,0.0,0.0,0.0,0.0,0.222,-1.395,0.191,-1.118,0.0,0.0,0.0,0.0,-0.219,-0.569,0.727,-0.9,0.391,-0.294,0.0,0.0,0.0,0.0
1,0.893,0.0,1.486,-0.785,0.658,-0.641,0.828,-1.36,0.72,-0.221,1.382,-0.149,0.839,-0.789,1.058,-0.834,1.094,-1.048,0.908,-0.607,0.682,-1.017,0.844,-0.617,0.879,-1.005,0.709,-0.899,0.608,-1.319,0.981,-1.47,0.456,-1.005
0,1.397,0.0,0.664,-0.705,0.0,0.0,0.0,0.0,0.516,1.433,0.949,-0.228,0.0,0.0,0.0,0.0,0.549,-0.114,0.637,-0.787,0.914,-1.032,0.0,0.0,0.0,0.0,1.167,-1.11,-0.173,-0.782,0.0,0.0,0.0,0.0
1,1.138,0.0,1.19,0.264,0.853,0.507,0.518,0.3,0.688,0.698,0.433,0.783,0.251,0.766,-0.06,0.713,-0.099,0.518,-0.425,0.772,-0.419,0.653,-0.889,0.301,-0.367,0.292,-0.737,0.073,-0.384,-0.048,-0.655,-0.299,-0.299,-0.461
0,1.158,0.0,0.478,-0.462,0.0,0.0,0.702,-1.001,0.747,0.89,0.607,0.517,0.0,0.0,0.0,0.0,0.791,-0.188,0.81,-0.9,0.0,0.0,0.0,0.0,0.226,0.741,1.47,0.208,0.0,0.0,0.0,0.0,0.0,0.0
1,0.651,0.0,1.269,0.134,0.934,0.42,0.642,0.734,0.296,0.725,0.276,1.094,0.084,1.227,-0.138,1.071,-0.235,0.98,-0.49,0.906,-0.449,0.298,-0.541,0.182,-0.537,0.051,-1.063,-0.076,-0.921,-0.141,-0.36,-0.378,-0.521,-0.272
0,0.711,0.0,0.6,0.692,-0.607,0.788,-0.526,0.484,0.036,0.44,-0.223,-0.077,-0.021,-0.095,0.014,-0.046,0.006,-0.007,0.002,0.001,0.0,0.001,-0.0,0.0,-0.0,0.0,-0.0,0.0,0.0,0.0,0.0,0.0,0.0,0.0
1,0.665,0.0,0.258,-0.095,0.282,0.069,0.262,0.16,0.125,0.104,0.403,0.014,0.184,-0.066,0.427,-0.039,0.145,-0.153,0.488,0.033,0.225,0.0,0.285,-0.161,0.404,-0.049,0.303,-0.027,0.235,0.0,0.116,-0.012,0.184,-0.022
0,1.327,0.0,0.892,-0.217,0.955,0.052,0.462,-0.016,0.548,0.013,0.619,-0.044,0.773,0.0,0.605,-0.111,0.16,-0.091,0.332,-0.231,0.4,0.045,1.223,-0.19,0.306,-0.258,0.347,-0.224,0.284,-0.045,0.329,-0.49,0.266,-0.038
1,1.152,0.0,1.282,0.0,0.47,0.036,1.217,0.047,0.756,0.0,0.759,0.052,0.582,0.111,1.153,0.107,0.887,0.167,1.003,0.099,0.357,0.126,0.81,0.118,1.085,0.293,0.853,0.175,0.887,0.031,0.812,0.171,0.454,0.215
0,1.443,0.0,0.241,0.373,-0.486,0.087,-0.142,-0.806,0.896,0.012,1.201,0.273,-0.921,0.197,-0.321,-0.83,0.243,0.081,0.813,0.064,-0.272,0.54,-0.466,-0.249,0.475,0.684,0.452,0.302,0.387,0.354,-0.802,-0.284,0.136,-0.493
1,0.681,0.0,1.259,-0.096,1.04,-0.02,0.745,-0.061,1.102,0.001,0.765,-0.067,0.622,-0.041,0.974,-0.224,1.007,0.078,0.821,-0.047,1.325,-0.165,0.886,-0.101,0.699,0.036,0.889,-0.134,0.712,-0.111,0.992,-0.124,1.32,-0.514
0,1.099,0.0,0.295,-0.084,0.396,-0.2,0.197,-0.492,0.407,-0.03,0.298,-0.045,0.298,0.293,0.49,-0.262,0.175,-0.02,0.507,0.074,0.075,0.661,0.492,0.201,0.325,0.244,0.431,-0.087,0.468,-0.079,0.114,-0.311,0.317,-0.285
1,1.188,0.0,0.829,-0.968,0.984,1.105,0.427,-0.059,0.918,0.0,1.03,-0.0,0.433,0.065,0.64,-0.048,1.42,-0.001,0.738,0.0,0.617,0.041,0.912,-0.001,0.944,1.133,1.239,-0.001,1.247,-1.213,0.52,0.573,0.606,-0.107
0,1.488,0.0,0.491,1.057,-0.636,-0.333,0.379,-0.203,0.31,-0.111,-0.479,0.155,0.449,0.0,0.213,-0.066,-0.518,0.3,0.324,0.017,0.399,0.045,0.115,-0.36,-0.713,-0.123,0.279,-0.734,1.407,0.0,-0.843,-0.05,0.32,0.016
1,1.467,0.0,0.545,0.061,0.54,-0.147,0.561,0.0,0.373,-0.061,0.561,0.0,0.377,0.086,0.734,0.03,0.477,-0.302,0.456,-0.332,0.459,0.063,0.318,0.252,0.589,-0.28,0.452,-0.095,0.239,-0.057,0.622,-0.385,0.483,-0.084
0,1.275,0.0,1.321,0.837,0.0,0.0,0.0,0.0,0.0,0.0,0.344,-1.216,-0.538,0.311,-0.664,0.358,0.942,0.738,0.0,0.0,0.0,0.0,0.388,0.131,-1.066,-0.62,1.376,-0.926,1.154,0.597,0.0,0.0,0.0,0.0
1,1.392,0.0,0.597,0.087,1.118,0.159,0.688,0.254,1.111,-0.549,1.291,0.389,0.67,0.196,1.035,0.342,0.742,0.292,0.96,0.388,0.39,0.335,0.434,0.423,0.468,0.654,0.495,0.253,1.233,0.798,0.211,0.481,0.233,0.459
0,0.986,0.0,0.727,0.509,0.768,0.703,1.06,0.881,0.475,-0.143,0.649,0.071,0.595,-1.2,1.214,1.1,1.135,-0.035,0.584,0.172,1.43,-1.015,0.441,-0.666,0.165,-0.366,1.013,0.191,0.888,0.355,1.136,0.729,0.659,0.707
1,1.05,0.0,0.887,0.149,0.72,-0.027,1.04,0.019,1.279,-0.066,1.358,-0.04,1.29,-0.034,0.599,-0.079,0.707,-0.032,0.482,0.009,1.287,-0.066,1.071,-0.046,0.56,-0.14,0.696,-0.067,1.257,0.016,1.307,-0.089,1.3,-0.068
0,0.914,0.0,0.0,0.0,-0.23,1.14,0.0,0.0,0.723,-1.167,0.987,0.18,-0.39,-0.611,-0.438,0.551,0.625,0.201,0.0,0.0,0.0,0.0,-0.208,-0.668,0.0,0.0,0.642,-0.502,0.0,0.0,0.038,0.732,0.0,0.0
1,1.134,0.0,1.208,0.007,1.397,0.007,0.76,-0.006,1.234,-0.036,1.493,-0.037,0.925,-0.009,0.814,-0.014,0.62,-0.008,0.568,0.0,1.466,-0.02,1.433,-0.029,0.669,-0.039,1.168,-0.04,1.326,-0.033,0.961,-0.045,1.153,-0.059
0,0.82,0.0,0.0,0.0,1.22,-0.158,0.169,-0.059,0.0,0.0,0.771,0.108,0.998,-0.3,0.829,0.061,0.829,-0.129,0.0,0.0,0.947,-0.148,0.734,-0.401,0.0,0.0,0.985,-0.158,0.0,0.0,0.894,-0.21,0.156,-0.157
1,1.193,0.0,0.657,0.011,0.238,-0.028,0.4,0.021,0.186,0.155,0.493,0.056,0.196,0.072,0.184,0.0,0.393,0.0,0.441,0.053,0.314,0.078,0.242,0.052,0.223,0.097,0.111,0.049,0.116,0.041,0.115,0.0,0.222,0.037
0,0.807,0.0,1.48,0.711,1.007,-1.113,0.0,0.0,0.0,0.0,1.341,0.625,1.392,-0.822,1.0,0.806,0.694,-0.848,0.0,0.0,0.0,0.0,0.754,-0.172,0.0,0.0,1.108,-0.661,0.701,1.404,1.355,-0.832,0.0,0.0
1,1.369,0.0,0.239,0.258,0.624,0.165,0.251,0.272,0.566,0.619,0.448,0.59,0.151,0.3,0.0,0.646,-0.046,0.747,-0.223,0.362,-0.295,0.235,-0.416,0.451,-0.445,0.177,-0.242,0.089,-0.356,0.221,-0.247,0.0,-0.26,-0.124
0,0.813,0.0,0.0,0.0,1.223,-0.955,0.0,0.0,0.0,0.0,0.541,0.805,1.062,-0.295,0.665,0.291,0.75,-0.879,0.0,0.0,0.0,0.0,0.645,0.839,0.0,0.0,0.662,-1.364,0.0,0.0,0.835,-0.683,0.0,0.0
1,1.311,0.0,1.222,0.451,0.587,0.498,1.091,0.359,0.271,0.781,0.254,0.841,-0.024,1.265,-0.271,0.957,-0.334,0.587,-0.329,0.373,-0.828,0.431,-0.846,0.125,-0.46,-0.13,-0.897,-0.276,-0.6,-0.57,-0.642,-0.368,-0.297,-0.437
0,0.978,0.0,-1.146,0.147,0.256,0.189,-0.738,-1.061,-0.324,1.041,-1.023,1.288,-0.525,0.466,-0.698,-0.018,-0.752,-0.889,-0.784,-0.708,-0.034,-0.912,1.048,-0.82,-0.713,-0.335,0.686,0.134,-0.506,0.07,0.124,0.031,-0.483,-0.253
1,1.435,0.0,0.232,-0.085,0.507,0.0,0.206,-0.192,0.225,0.093,0.657,0.017,0.403,0.074,0.555,-0.051,0.481,0.296,0.225,-0.01,0.42,0.187,1.018,0.0,0.237,0.118,0.242,0.068,0.58,0.035,0.586,0.017,0.413,-0.043
0,0.855,0.0,-0.273,0.235,-0.318,0.143,-0.146,-0.045,0.084,-0.057,0.067,0.025,-0.01,0.034,-0.021,-0.002,-0.001,-0.006,0.005,-0.002,0.002,0.002,-0.002,0.001,-0.001,-0.001,0.0,-0.0,0.0,0.0,0.0,0.0,-0.0,0.0
1,0.584,0.0,1.091,-0.315,0.668,0.425,0.852,-0.349,0.828,0.171,1.188,-0.148,0.321,0.0,0.595,-0.046,0.334,-0.222,0.68,-0.26,0.857,0.073,0.832,0.07,0.237,-0.376,0.851,-0.193,0.842,-0.191,0.581,-0.694,0.439,-0.255
0,1.407,0.0,1.359,-0.018,-1.359,-0.277,-1.264,-0.022,0.611,0.016,1.062,-0.024,-1.418,0.229,-0.677,-0.003,0.74,-0.043,1.35,-0.036,-0.582,0.149,-1.255,0.364,0.903,-0.003,0.807,0.166,0.6,-0.046,-1.223,-0.11,-1.044,-0.303
1,0.805,0.0,1.014,0.016,0.89,-0.019,1.285,0.008,1.244,-0.022,1.085,0.005,1.354,-0.044,0.791,-0.003,1.312,-0.036,0.943,0.025,1.269,-0.073,1.053,-0.021,1.136,-0.054,1.364,-0.012,1.214,0.015,0.929,-0.046,1.376,0.008
0,1.346,0.0,1.467,-0.068,1.321,-1.154,0.646,-0.112,0.377,-0.157,1.359,-0.184,0.162,-0.064,1.356,-0.239,1.203,-0.562,1.489,-0.545,0.0,-0.252,1.258,-0.495,1.105,-0.373,1.09,-0.292,0.861,-0.23,0.636,-0.53,0.849,-0.682
1,0.76,0.0,0.334,-0.099,0.159,-0.067,0.154,-0.085,0.065,-0.053,0.042,-0.047,0.01,-0.035,0.006,-0.022,0.004,-0.012,0.001,-0.004,-0.0,-0.004,-0.0,-0.001,-0.0,-0.001,-0.0,-0.0,-0.0,-0.0,-0.0,-0.0,-0.0,-0.0
0,0.689,0.0,0.878,-0.111,0.618,0.0,0.382,-0.089,0.762,-0.128,0.599,-0.069,0.377,-0.145,0.813,-0.082,0.284,-0.132,0.711,-0.197,0.65,-0.233,0.638,-0.162,0.629,-0.226,0.273,-0.191,0.398,-0.43,0.597,-0.122,0.365,-0.396
1,1.089,0.0,0.194,0.097,0.29,0.381,0.171,0.344,0.106,0.177,0.009,0.088,-0.028,0.084,-0.02,0.07,-0.053,0.044,-0.043,0.008,-0.021,0.005,-0.02,-0.002,-0.016,-0.003,-0.008,-0.008,-0.003,-0.003,-0.001,-0.005,0.0,-0.002
0,1.121,0.0,-0.518,0.084,0.044,0.0,0.0,0.042,0.805,0.088,0.232,0.0,-0.029,0.11,0.049,0.0,0.162,-0.222,0.636,-0.362,0.0,-0.108,0.0,0.0,0.025,-0.42,0.031,0.0,-0.845,0.04,-0.026,0.0,0.0,0.08
1,0.649,0.0,0.607,-0.01,1.476,-0.02,1.0,-0.071,0.933,-0.012,1.02,-0.042,0.891,0.084,0.844,-0.079,0.526,0.117,1.231,-0.005,1.394,0.077,0.755,0.064,0.556,0.121,1.334,0.016,1.409,-0.047,0.682,0.021,1.47,-0.061
0,0.808,0.0,1.03,0.078,0.864,0.072,1.068,0.522,0.738,-0.01,0.513,0.053,1.373,0.388,0.522,0.811,1.05,0.044,0.7,0.115,1.411,0.7,1.459,-0.638,0.725,0.052,0.73,0.94,0.829,0.038,1.155,0.894,1.349,0.843
1,0.832,0.0,0.905,-0.019,0.787,0.071,0.926,0.023,1.344,0.005,0.687,-0.02,1.294,0.0,1.111,0.047,1.338,0.053,0.656,0.034,0.495,0.02,0.72,-0.023,0.879,0.069,1.216,0.066,1.061,0.008,0.874,0.081,0.917,0.045
0,1.344,0.0,-0.124,0.372,0.333,0.12,0.155,0.374,0.237,0.392,0.3,-0.508,0.095,0.238,-0.092,0.253,-0.106,0.13,-0.39,0.36,-0.393,-0.083,0.171,0.242,-0.811,-0.347,0.371,-0.307,-0.589,0.187,-0.191,-0.45,0.489,0.041
1,0.929,0.0,0.618,0.03,0.681,0.061,0.971,0.054,0.879,0.0,0.48,0.0,0.726,0.0,0.514,0.0,0.962,0.097,0.43,0.054,0.648,-0.038,0.759,0.0,0.866,0.072,0.544,0.108,0.308,0.097,0.536,0.142,0.929,0.107
0,0.951,0.0,0.048,-0.008,0.07,0.007,0.0,-0.012,0.006,-0.038,0.024,-0.078,-0.006,0.044,0.086,-0.027,0.0,0.094,-0.037,0.064,-0.034,0.017,0.027,-0.006,0.012,0.004,0.154,-0.008,0.017,-0.004,0.026,0.0,0.039,-0.049
1,1.058,0.0,1.176,0.361,0.491,0.676,0.698,0.647,0.019,1.23,-0.151,0.492,-0.634,0.714,-0.543,0.289,-0.646,0.072,-0.888,-0.151,-0.329,-0.316,-0.16,-0.525,-0.057,-0.472,0.219,-0.35,0.259,-0.242,0.262,-0.256,0.583,-0.044
0,1.427,0.0,0.068,0.009,-0.015,0.038,0.02,0.056,-0.075,0.01,0.015,-0.039,-0.038,0.056,-0.075,-0.043,-0.101,0.072,-0.029,0.047,0.012,0.033,-0.041,-0.015,0.038,-0.004,0.008,0.023,0.023,0.016,0.014,0.012,-0.065,-0.008
1,1.276,0.0,0.474,-0.008,0.466,0.009,1.149,0.001,0.619,0.006,0.482,-0.007,1.069,0.017,0.714,0.012,0.717,-0.008,0.434,-0.038,0.575,0.024,0.914,0.059,1.009,-0.016,1.153,0.005,1.014,-0.056,1.136,0.044,0.549,0.009
0,0.636,0.0,0.052,0.023,0.004,0.0,0.027,-0.025,0.016,-0.05,-0.034,-0.018,0.015,-0.019,0.0,-0.049,-0.059,-0.027,-0.016,0.03,0.028,0.003,0.052,-0.02,0.06,0.021,0.036,0.011,0.011,0.004,-0.026,-0.012,-0.009,0.023
1,0.824,0.0,0.433,0.258,0.367,0.37,0.186,0.274,0.022,0.69,-0.026,0.771,-0.456,0.333,-0.504,0.477,-0.337,0.078,-0.587,-0.158,-0.114,-0.163,-0.204,-0.452,-0.147,0.003,0.046,-0.322,0.127,-0.191,0.218,-0.136,0.362,0.033
0,1.181,0.0,0.113,0.004,0.101,-0.035,0.089,-0.093,0.123,-0.05,0.182,-0.011,0.079,0.071,0.156,-0.193,0.428,-0.029,0.242,0.068,0.167,0.0,0.107,-0.003,0.2,-0.117,0.118,0.015,0.092,-0.055,0.116,-0.075,0.149,-0.074
1,1.296,0.0,1.336,0.417,0.676,0.94,0.144,1.06,-0.289,0.725,-0.725,0.424,-0.523,0.0,-0.428,-0.432,-0.47,-0.819,-0.182,-0.542,0.3,-0.578,0.95,-0.502,0.919,-0.077,0.365,0.34,0.667,0.572,0.027,0.706,-0.206,0.728
0,0.804,0.0,0.026,0.008,0.032,-0.007,0.015,0.013,0.015,0.023,0.002,0.002,0.025,-0.031,-0.02,0.068,-0.037,0.036,-0.012,-0.002,0.059,-0.013,0.02,0.0,0.0,-0.011,0.019,-0.016,0.006,-0.01,-0.012,-0.014,0.01,0.0
1,1.258,0.0,1.272,0.001,0.566,-0.043,0.546,-0.053,0.872,0.105,0.568,0.178,1.175,-0.066,0.762,0.035,1.056,-0.091,1.053,-0.192,0.568,0.017,0.797,0.017,0.686,-0.029,1.194,-0.048,0.729,-0.053,0.621,-0.028,0.825,-0.055
0,1.372,0.0,0.775,-0.951,0.961,0.987,-1.342,1.092,1.394,-0.689,0.7,-1.056,-0.836,-0.971,-0.586,1.256,0.521,0.842,1.388,0.564,-0.871,1.214,0.795,-0.873,0.887,-1.421,0.546,0.566,0.915,0.81,-1.294,0.517,-0.867,1.119
1,1.19,0.0,1.119,0.457,0.322,0.989,0.101,0.889,-0.329,0.683,-0.906,0.478,-0.586,0.068,-1.233,-0.157,-0.952,-0.735,-0.133,-0.493,0.177,-0.686,0.673,-0.481,0.518,-0.327,0.418,0.295,0.294,0.318,0.127,0.731,-0.142,0.86
0,0.802,0.0,1.025,0.896,0.786,0.472,0.649,-0.577,1.289,1.161,0.036,0.026,1.414,0.964,0.0,0.0,1.286,-1.398,0.707,1.236,1.486,1.01,0.256,1.089,0.59,0.703,0.535,0.886,1.163,0.943,-0.809,1.429,0.0,0.0
1,0.904,0.0,1.489,0.623,0.916,1.0,0.029,0.568,-0.375,0.84,-0.923,0.53,-1.176,0.152,-0.583,-0.174,-0.939,-0.589,-0.231,-1.203,0.279,-0.677,0.769,-0.547,1.174,-0.292,1.168,0.308,0.632,0.478,0.303,1.17,-0.099,0.585
0,0.843,0.0,0.0,0.0,-1.47,-0.892,-1.312,0.941,0.0,0.0,-1.024,0.921,1.068,0.522,1.376,-0.946,0.0,0.0,0.0,0.0,-0.553,-0.638,-0.807,1.291,0.73,0.354,0.728,-0.864,0.0,0.0,-0.967,-0.682,-0.631,1.435
1,1.111,0.0,0.44,0.343,0.422,0.736,-0.218,1.176,-0.291,1.271,-0.832,0.243,-1.349,-0.143,-1.373,-0.303,-0.515,-1.124,0.825,-1.21,-0.203,-0.729,0.939,-0.314,0.481,0.0,0.833,0.657,0.545,0.621,0.116,0.717,-0.742,0.89
0,0.0,0.0,0.0,0.0,0.0,0.0,0.0,0.0,0.0,0.0,0.0,0.0,0.0,0.0,0.0,0.0,0.0,0.0,0.0,0.0,0.0,0.0,0.0,0.0,0.0,0.0,0.705,0.0,0.0,0.0,0.0,0.0,0.0,0.0
1,0.991,0.0,1.078,0.0,0.538,0.0,0.516,0.303,0.913,0.0,1.247,0.092,1.068,0.172,1.131,0.104,1.016,0.323,0.865,0.529,1.031,0.0,0.727,-0.243,0.257,0.35,0.771,0.253,0.67,0.323,0.794,0.236,0.697,0.326
0,0.0,0.0,-0.824,1.34,0.539,0.991,0.0,0.0,0.975,-0.797,1.08,-1.467,0.644,-0.831,-0.55,-1.058,0.0,0.0,-1.292,-1.387,0.0,0.0,0.0,0.0,-1.386,-0.982,0.85,-0.694,0.71,0.847,-0.825,-0.89,0.0,0.0
1,1.332,0.0,0.62,0.0,1.395,0.0,0.67,0.057,1.135,-0.14,0.639,-0.141,1.358,-0.232,0.772,0.0,0.452,0.0,0.951,-0.086,0.75,-0.163,0.471,-0.153,0.54,0.0,0.709,-0.055,1.486,0.067,1.183,-0.136,0.96,0.0
0,0.0,0.0,0.0,0.0,0.0,0.0,0.0,0.0,0.0,0.0,0.0,0.0,-1.108,-0.565,0.0,0.0,0.619,1.092,0.0,0.0,0.0,0.0,-0.582,1.403,0.0,0.0,1.158,-0.521,-0.592,-1.058,1.225,0.716,0.0,0.0
1,1.437,0.0,1.098,0.439,0.783,-0.622,0.93,0.117,0.584,-0.075,1.119,0.0,0.549,-0.159,0.726,-0.272,0.838,0.088,0.757,0.0,1.478,-0.371,0.726,0.13,1.07,-0.064,1.116,-0.072,1.37,0.484,0.534,-0.375,0.889,-0.132
0,1.4,0.0,0.594,-0.417,0.0,0.0,0.0,0.0,0.467,0.29,0.635,0.429,-0.086,0.33,0.326,0.243,-0.626,0.458,0.081,-0.181,0.02,-0.342,-0.498,0.159,0.4,-0.319,0.179,-0.732,0.23,0.316,0.112,-0.019,0.108,-0.232
1,1.285,0.0,0.893,0.159,0.575,0.325,0.824,0.466,0.897,0.06,0.68,0.132,0.547,0.147,1.016,0.345,1.221,-0.051,1.394,-0.112,1.286,0.316,0.723,0.323,0.766,-0.157,1.429,0.128,0.82,0.071,1.187,0.4,1.174,0.251
0,1.431,0.0,0.0,0.0,-1.169,-0.403,1.094,0.638,0.106,-0.276,-1.205,-0.387,0.104,-0.804,0.799,-0.638,0.0,0.0,0.791,-0.117,-0.15,0.976,0.187,-0.901,0.0,0.0,-0.163,-0.607,-0.185,-0.354,0.652,0.924,-0.933,0.42
1,0.608,0.0,1.038,0.227,1.158,-0.207,0.941,0.319,0.582,-0.11,1.35,0.045,0.652,0.116,0.792,0.0,0.736,0.025,0.955,0.069,0.656,-0.117,0.918,0.152,1.187,-0.122,0.636,0.038,1.009,0.295,0.807,0.0,1.011,0.041
0,0.895,0.0,0.249,-0.187,0.0,0.0,0.0,0.0,0.0,0.0,0.0,0.0,0.153,-0.206,0.0,0.0,0.0,0.0,0.0,0.0,0.0,0.0,-0.074,-0.096,0.113,0.062,0.098,-0.141,0.107,0.11,0.014,-0.068,0.206,0.098
1,1.335,0.0,1.105,-0.069,1.077,-0.169,1.333,-0.324,0.828,-0.448,0.495,-0.421,0.887,-0.465,0.635,-0.606,0.919,-0.784,0.686,-0.921,1.039,-0.629,0.415,-0.475,0.982,-0.937,0.632,-0.719,0.563,-0.876,0.183,-0.765,0.323,-0.906
0,0.747,0.0,0.881,0.517,-0.704,0.546,-1.056,-0.465,0.342,0.171,0.401,0.042,0.181,0.048,0.388,0.491,0.977,-0.051,0.219,0.789,0.0,0.0,-0.196,-0.141,1.163,-0.648,0.644,-0.887,1.261,-0.203,0.334,0.28,1.178,0.088
1,0.689,0.0,0.775,0.333,0.775,0.003,1.119,-0.422,0.745,-0.128,0.841,-0.122,0.676,-0.179,0.925,-0.52,0.491,-0.839,0.229,-0.527,0.833,-0.477,0.277,-0.229,0.151,-0.594,0.249,-0.282,0.083,-0.431,0.121,-0.451,0.237,-0.509
0,0.0,0.0,-1.165,1.289,0.835,-1.01,0.0,0.0,0.0,0.0,1.454,-1.414,1.266,0.59,0.0,0.0,0.857,-0.943,0.0,0.0,0.0,0.0,1.329,1.429,-0.666,1.163,0.535,-0.636,-0.886,0.921,-1.435,-1.398,0.0,0.0
1,0.819,0.0,1.308,-0.251,1.095,-0.218,0.687,-0.206,0.801,-0.348,0.681,-0.3,0.703,-0.336,0.573,-0.58,0.226,-0.996,0.303,-0.578,0.475,-0.409,0.237,-0.881,0.173,-0.613,0.13,-0.534,-0.074,-0.437,-0.023,-0.76,-0.039,-0.699
0,0.612,0.0,-1.312,-1.213,-0.441,1.312,1.18,-0.724,0.844,0.521,0.0,0.0,0.155,-1.47,1.489,0.841,0.0,0.0,1.411,0.764,1.45,0.682,0.0,0.0,-0.984,0.901,0.419,-0.522,1.089,-0.568,0.385,-0.946,0.644,0.941
1,0.904,0.0,1.104,0.342,0.578,1.017,0.145,0.788,-0.337,1.248,-0.587,0.495,-0.836,0.19,-0.749,-0.253,-0.328,-0.479,-0.158,-1.035,0.219,-1.237,0.739,-0.809,0.702,-0.399,1.006,0.088,0.56,0.385,0.336,0.857,-0.006,0.536
0,1.294,0.0,0.864,0.881,0.0,0.0,0.948,-1.204,-0.793,-1.445,1.176,1.398,0.926,-0.705,0.0,0.0,0.717,-0.736,1.094,1.231,0.0,0.0,1.338,-0.828,-0.511,-0.734,0.772,1.253,-1.363,0.705,-0.832,0.818,0.0,0.0
1,0.929,0.0,1.14,0.463,1.447,0.971,0.427,1.154,-0.337,1.078,-0.893,1.217,0.0,1.179,-0.893,0.55,-1.121,0.0,-1.147,-0.467,-1.032,-1.244,-0.605,-0.434,-0.431,-1.468,0.11,-1.209,1.442,-1.354,0.0,-1.033,1.199,-0.696
0,0.0,0.0,-1.255,1.292,-0.539,-0.991,0.0,0.0,-1.03,0.606,1.057,-1.467,-0.884,-0.957,-1.08,0.811,0.0,0.0,-0.71,-0.644,-0.85,0.908,0.0,0.0,0.975,-1.367,1.386,0.908,1.076,-0.991,0.88,1.058,0.0,0.0
1,1.006,0.0,1.465,0.042,1.486,0.14,1.292,0.184,0.993,-0.12,1.067,0.316,1.225,0.352,1.043,0.812,-0.318,0.89,0.785,0.0,0.582,1.233,0.677,1.028,1.342,0.964,1.0,1.421,0.81,0.157,1.135,0.797,0.951,0.706
0,0.0,0.0,-0.57,-1.273,0.0,0.0,0.0,0.0,0.0,0.0,0.0,0.0,0.0,0.0,0.693,-1.257,0.0,0.0,-0.716,-1.225,0.0,0.0,0.565,1.364,1.358,-1.332,1.395,-1.47,0.0,0.0,0.0,0.0,0.0,0.0
1,1.358,0.0,0.829,-0.058,0.34,-0.077,-0.181,-0.305,0.267,0.06,0.277,-0.199,0.269,-0.251,0.038,-0.111,0.3,-0.262,0.125,-0.151,0.13,-0.459,0.07,-0.166,0.031,-0.352,-0.0,-0.26,-0.033,-0.205,-0.065,-0.278,0.02,-0.328
0,0.726,0.0,0.0,0.0,0.0,0.0,0.0,0.0,0.0,0.0,1.164,-0.366,0.239,0.277,0.0,0.0,0.0,0.0,0.0,0.0,-0.271,-0.116,-0.106,1.259,-1.355,0.641,0.037,0.976,-0.244,-0.691,-0.153,-0.363,-0.14,-0.576
1,0.847,0.0,1.286,0.06,0.627,0.057,0.792,0.147,0.97,-0.194,0.439,0.498,0.827,0.183,0.605,0.31,0.384,0.258,0.831,0.187,0.75,0.434,0.579,0.197,0.265,0.341,0.296,0.229,0.15,0.285,0.123,0.119,0.162,0.255
0,1.296,0.0,0.867,-0.06,-1.274,-1.221,-0.851,-1.25,0.878,0.359,0.868,0.891,-0.875,-1.322,-1.123,1.467,0.654,0.976,1.285,0.919,0.817,-1.356,-0.766,-1.094,1.146,0.415,0.643,0.799,1.021,0.332,-1.101,-0.443,-0.91,0.572
1,1.244,0.0,1.195,-0.002,0.365,0.328,1.317,-0.491,0.728,0.236,0.917,0.066,0.928,0.078,0.893,0.04,0.786,-0.287,0.719,-0.171,1.244,0.344,0.451,-0.041,1.124,-0.031,0.935,-0.019,1.047,0.137,1.087,-0.11,1.264,-0.094
0,1.296,0.0,0.986,-0.945,1.407,1.117,0.688,1.332,0.517,-0.721,0.683,1.425,1.342,1.296,1.08,1.118,0.0,0.0,0.909,1.416,1.224,1.009,0.608,-0.504,1.143,0.634,0.666,0.615,1.389,-1.019,-0.772,0.853,1.367,1.166
1,1.467,0.0,0.688,0.251,0.784,-0.812,0.861,-0.086,0.636,0.156,1.343,0.335,1.227,-0.049,0.52,0.041,0.675,-0.213,0.822,-0.08,1.076,0.039,1.291,0.052,1.356,-0.014,0.808,-0.066,0.774,0.049,1.33,-0.11,0.976,-0.114
0,0.704,0.0,0.492,-0.987,-1.486,-1.483,-0.077,0.951,1.261,1.347,0.915,-0.504,-0.644,-0.603,-0.053,0.602,0.364,0.321,0.342,-0.409,-0.121,-0.164,-0.175,0.093,0.038,0.055,0.043,-0.016,-0.005,-0.016,-0.005,0.001,0.0,0.003
1,1.394,0.0,1.105,0.216,1.131,-0.148,0.586,-0.068,1.27,-0.042,0.882,0.267,1.439,0.023,0.677,0.024,0.852,-0.101,0.834,0.049,0.775,0.001,1.01,0.216,0.517,-0.166,0.915,-0.005,0.633,0.083,1.092,-0.267,0.867,-0.044
0,0.0,0.0,0.0,0.0,0.0,0.0,0.0,0.0,0.0,0.0,0.0,0.0,1.189,1.429,1.19,0.689,1.165,-0.857,0.0,0.0,0.573,0.647,0.776,-0.666,0.505,1.325,1.365,0.0,0.622,0.636,0.899,-1.089,0.0,0.0
1,1.173,0.0,0.964,-0.351,0.911,-0.179,0.753,-0.364,0.677,-0.164,1.315,-0.463,1.168,-0.23,0.437,-0.693,0.792,-0.52,0.419,-0.462,0.995,-1.036,0.428,-0.895,0.445,-0.601,0.413,-0.653,0.303,-0.618,0.214,-0.849,0.129,-0.984
0,0.941,0.0,0.0,0.0,0.0,0.0,0.0,0.0,-1.095,-1.409,0.0,0.0,1.258,-1.476,0.0,0.0,-1.297,-0.844,-0.724,-1.47,0.98,-1.18,-0.504,-0.568,1.312,0.728,-1.353,-0.184,0.553,-0.755,0.0,1.121,0.0,0.0
1,1.155,0.0,0.612,0.093,0.527,-0.086,0.623,0.0,1.411,0.0,1.232,0.0,1.068,0.055,1.327,-0.062,1.381,0.0,1.43,0.0,0.63,0.123,0.403,0.073,0.701,0.029,0.743,0.015,0.804,0.119,1.189,-0.079,0.589,0.06
0,0.0,0.0,0.0,0.0,-0.832,1.111,0.772,1.176,-1.29,-0.736,0.0,0.0,-1.445,-1.415,-1.254,-0.283,-0.948,-0.89,1.208,-1.094,0.874,-1.001,0.0,0.0,0.937,-0.728,-0.881,-1.444,0.0,0.0,0.926,-0.787,0.0,0.0
1,0.638,0.0,1.039,-0.062,1.256,0.14,0.923,0.111,0.664,-0.03,1.169,-0.212,1.046,0.197,0.77,0.029,1.344,0.0,0.864,0.0,0.463,0.065,0.503,0.024,1.031,0.043,0.967,0.038,1.086,-0.083,1.113,0.086,1.315,0.043
0,0.513,0.0,-0.644,0.908,-0.908,0.082,0.271,0.975,-1.076,1.032,-0.893,-0.884,0.929,0.606,-0.758,-0.242,0.389,-0.991,0.727,0.893,-0.169,-1.033,-0.825,-0.811,1.387,-1.367,-1.057,-0.044,1.292,-1.14,-1.255,-0.421,0.219,1.354
1,1.08,0.0,0.403,-0.146,0.696,0.026,0.907,0.014,0.678,-0.031,0.602,0.0,0.465,0.067,0.755,0.055,1.031,0.612,0.797,0.045,0.712,0.113,0.968,0.084,0.292,0.223,0.698,0.089,0.705,-0.135,0.487,0.091,0.473,0.069
0,1.331,0.0,-0.005,-0.503,0.0,0.0,-0.013,1.47,0.0,0.0,0.0,0.0,0.0,0.0,0.0,0.0,0.0,0.0,0.195,1.055,-0.201,0.385,-0.21,-0.47,0.0,0.0,-0.784,-0.696,0.0,0.0,0.0,0.0,0.0,0.0
1,1.427,0.0,1.321,0.617,1.108,0.329,0.426,0.573,1.403,-0.126,0.825,0.0,0.747,-0.423,0.342,0.161,1.206,-0.57,1.301,-0.278,0.97,-0.331,1.225,0.114,0.954,-0.081,1.375,0.05,1.456,0.269,0.972,0.797,0.791,0.246
0,0.0,0.0,-1.437,-0.584,1.282,-0.967,-0.726,1.119,0.0,0.0,0.866,-1.098,1.07,-1.171,0.0,0.0,0.0,0.0,0.0,0.0,-1.065,0.726,1.495,-1.478,-0.706,0.691,0.783,0.584,0.0,0.0,1.089,0.347,0.0,0.0
1,1.286,0.0,0.578,0.123,0.58,0.106,0.374,0.206,0.891,0.0,0.308,-0.057,0.315,-0.05,0.489,-0.013,0.568,-0.101,0.467,0.0,0.348,-0.05,0.245,0.121,0.444,-0.135,0.432,-0.023,0.224,0.0,0.44,0.0,0.309,-0.025
0,0.799,0.0,-1.067,-0.524,0.0,0.0,-1.132,0.89,-0.782,0.559,0.0,0.0,0.0,0.0,0.0,0.0,0.0,0.0,0.0,0.0,-0.875,-1.187,0.0,0.0,0.373,0.266,1.285,0.737,0.0,0.0,0.0,0.0,0.0,0.0
1,0.841,0.0,0.851,0.172,1.322,0.65,1.224,0.663,1.14,-0.133,0.547,-0.157,1.133,0.02,0.976,0.0,0.354,-0.185,0.953,0.05,1.071,-0.408,1.078,0.0,0.364,-0.292,1.181,0.04,1.094,0.042,0.724,0.789,0.975,0.0
0,0.0,0.0,1.329,0.986,1.244,-1.425,1.276,0.688,1.466,1.08,0.759,0.693,0.517,-1.317,1.296,1.407,0.909,-1.389,1.224,-1.118,1.473,1.457,0.666,0.782,1.416,-1.332,1.4,0.6,1.009,0.683,0.608,0.945,0.955,1.296
1,1.203,0.0,0.779,0.689,0.281,1.123,0.115,1.267,-0.42,1.139,-0.831,0.329,-0.584,0.195,-1.03,-0.252,-0.679,-0.652,-0.188,-1.112,0.19,-0.633,0.289,-0.49,0.349,-0.244,0.476,0.142,0.328,0.28,0.133,0.586,-0.097,0.627
0,0.0,0.0,1.301,-0.973,1.356,1.007,0.849,-1.449,0.839,0.691,1.417,-1.261,0.828,-1.483,1.258,-1.077,1.335,0.659,0.76,1.227,1.044,1.486,0.881,-1.034,0.602,0.827,0.644,1.491,0.715,0.861,1.343,1.258,1.261,-0.636
1,1.394,0.0,1.025,0.035,1.155,0.153,0.75,0.167,1.162,0.443,0.775,0.382,0.591,0.556,0.469,0.25,0.525,0.511,0.717,0.655,0.264,0.439,0.449,0.483,0.188,0.618,0.314,0.38,0.177,0.489,0.099,0.698,0.06,0.509
0,0.0,0.0,1.435,1.041,0.957,-0.828,0.546,-1.294,1.329,0.689,0.0,0.0,1.383,-0.776,0.0,0.0,0.0,0.0,0.0,0.0,-0.583,1.266,1.139,0.899,0.0,0.0,0.77,1.365,0.0,0.0,-1.102,-0.647,0.0,0.0
1,1.286,0.0,1.156,0.191,1.363,0.15,0.89,0.305,0.556,0.607,0.95,0.69,0.523,0.74,0.721,0.863,0.357,0.96,0.209,0.792,0.123,0.825,0.004,0.968,-0.075,1.14,-0.244,1.103,-0.313,0.412,-0.389,0.538,-0.705,0.299
0,0.0,0.0,1.274,-1.135,-1.258,1.46,-0.568,1.45,0.607,1.406,0.796,0.98,-1.289,-0.677,-0.79,-1.0,1.176,1.409,0.859,-0.522,-1.394,-0.755,-1.032,-0.904,0.764,0.0,0.707,-0.844,1.121,-0.911,-0.841,1.295,-0.649,1.297
1,1.024,0.0,0.509,0.18,0.533,0.26,0.848,0.099,0.5,0.429,0.324,0.401,0.303,0.624,0.37,0.533,0.084,0.491,-0.087,0.465,-0.04,0.395,-0.104,0.283,-0.145,0.291,-0.281,0.239,-0.131,0.388,-0.215,0.356,-0.146,0.43
0,0.0,0.0,0.99,-0.904,0.981,0.948,1.459,-1.415,0.717,0.772,0.937,-0.926,0.787,0.843,1.43,-1.176,1.29,-0.522,1.363,1.208,1.373,0.728,1.349,-1.444,0.89,-0.899,0.811,-1.111,0.772,1.21,0.736,-1.336,1.445,0.832
1,0.55,0.0,0.498,0.169,0.813,0.201,1.241,0.368,0.493,0.438,0.603,0.566,0.871,0.572,0.616,0.874,0.844,0.53,0.462,0.518,0.252,0.916,0.249,0.69,0.222,0.559,0.207,0.572,0.045,0.813,-0.04,0.975,-0.084,1.074
0,0.0,0.0,0.0,0.0,1.14,1.199,0.0,0.0,1.292,1.294,0.0,0.0,0.811,-0.7,0.0,0.0,0.0,0.0,0.0,0.0,0.0,0.0,0.0,0.0,0.0,0.0,1.354,-0.893,0.0,0.0,-1.468,0.929,0.0,0.0
1,0.908,0.0,1.353,0.214,0.712,0.247,0.466,0.303,0.628,0.585,0.508,0.435,0.238,0.806,0.303,0.574,0.204,0.754,0.04,0.491,-0.13,0.415,-0.201,1.046,-0.31,0.525,-0.276,0.515,-0.425,0.648,-0.737,0.397,-0.327,0.471
0,0.0,0.0,0.0,0.0,1.377,0.627,0.964,0.728,0.0,0.0,0.0,0.0,-1.135,-1.395,0.0,0.0,-1.273,-1.006,0.0,0.0,0.0,0.0,0.96,1.331,0.0,0.0,0.62,0.951,0.0,0.0,-1.47,1.028,0.0,0.0
1,0.565,0.0,1.173,0.467,0.4,0.769,0.396,1.214,-0.091,0.86,-0.478,1.057,-0.628,0.335,-0.446,0.395,-0.914,-0.103,-0.358,-0.18,-0.636,-0.398,-0.122,-0.7,0.055,-0.549,0.427,-0.442,0.457,-0.388,0.283,-0.085,0.45,0.065
0,0.0,0.0,0.972,-0.691,0.549,0.838,1.427,0.967,1.098,1.495,0.534,0.783,1.119,-1.282,1.02,0.706,0.729,1.375,1.369,-1.437,0.619,-1.065,0.584,-1.07,1.47,-0.584,0.757,0.825,1.276,-0.889,0.726,1.456,0.93,1.478
1,0.956,0.0,0.534,-0.536,0.854,0.071,0.88,0.166,0.356,0.035,1.007,0.135,0.937,0.158,0.801,0.285,0.582,0.146,0.882,-0.028,0.798,0.328,0.649,0.294,0.503,0.772,0.402,0.335,0.112,0.896,0.397,0.305,0.193,0.675
0,0.0,0.0,0.0,0.0,0.0,0.0,0.0,0.0,0.0,0.0,0.0,0.0,0.0,0.0,0.0,0.0,0.0,0.0,0.0,0.0,0.0,0.0,0.0,0.0,0.0,0.0,0.575,0.824,0.0,0.0,0.0,0.0,0.0,0.0
1,0.799,0.0,1.036,0.01,0.585,-0.003,1.347,0.004,0.778,0.016,1.007,0.042,0.949,0.054,1.411,0.02,1.136,0.052,1.361,-0.01,0.89,0.044,1.274,0.046,1.091,0.052,1.191,0.038,0.896,0.008,0.832,0.079,0.826,-0.003
0,0.0,0.0,1.133,0.683,-1.244,-1.457,-0.929,-0.666,0.0,0.0,0.0,0.0,-0.823,-0.955,0.0,0.0,0.0,0.0,0.0,0.0,-1.388,1.078,0.909,1.427,0.0,0.0,1.4,-1.276,0.0,0.0,-0.782,-0.779,-1.389,-0.608
1,1.367,0.0,0.654,-0.171,0.803,0.009,0.636,0.028,0.925,0.015,0.387,0.073,0.92,0.044,0.354,0.073,0.376,0.061,0.892,-0.037,0.333,0.039,0.434,0.051,0.579,0.186,0.566,0.042,0.552,0.09,0.358,0.121,0.466,0.117
0,0.76,0.0,0.843,1.465,1.247,-0.639,1.028,0.055,0.787,0.089,1.166,1.094,0.935,0.229,0.525,0.178,0.794,-0.368,0.781,0.207,0.457,0.212,0.43,0.802,1.007,-0.433,0.868,0.232,0.452,0.803,0.984,-0.033,0.571,0.288
1,1.301,0.0,0.726,-0.108,1.163,-0.178,0.564,-0.552,0.699,0.049,0.397,-0.371,0.971,-0.069,0.961,-0.741,0.698,0.016,0.567,-0.08,0.796,-0.165,0.987,0.319,0.77,-0.186,0.476,-0.365,0.664,0.013,0.942,-0.342,1.256,-0.811
0,0.521,0.0,0.266,0.12,0.259,0.077,0.296,0.231,0.283,0.102,0.272,0.267,0.279,0.404,0.122,0.13,-0.034,0.533,0.033,0.345,0.212,0.126,0.046,0.164,-0.021,0.369,-0.042,0.153,-0.203,0.075,-0.085,0.37,-0.266,0.238
1,0.622,0.0,0.581,-0.042,0.771,-0.031,0.708,-0.012,0.343,0.049,0.68,0.091,0.827,-0.026,0.887,0.011,1.012,0.015,0.866,0.019,0.336,-0.022,0.507,0.048,0.268,0.046,0.512,-0.016,0.917,-0.179,0.801,-0.018,0.416,-0.018
0,1.409,0.0,0.045,-0.12,-0.043,0.061,0.072,-0.025,-0.013,0.273,0.066,0.0,0.173,-0.112,0.048,0.0,0.028,-0.038,-0.102,-0.24,0.036,0.013,0.055,0.028,0.097,0.128,0.19,-0.069,-0.045,-0.11,0.057,0.064,0.083,-0.066
1,0.522,0.0,0.812,0.141,0.77,-0.05,0.666,0.025,1.005,0.003,1.058,0.115,0.577,-0.003,0.968,0.043,0.475,-0.156,0.633,-0.125,0.345,-0.018,0.719,0.065,0.599,-0.134,0.715,-0.024,0.535,0.043,0.603,-0.045,0.959,-0.045
0,0.73,0.0,0.155,0.188,0.0,0.0,-0.409,-1.208,0.0,0.0,0.06,-0.105,0.0,0.0,0.0,0.0,0.0,0.0,0.0,0.0,0.01,0.984,-0.231,0.215,-0.111,0.275,0.062,-0.99,0.0,0.0,0.051,-1.415,0.0,0.0
1,1.398,0.0,0.776,-0.009,1.056,-0.023,0.664,-0.013,1.193,-0.165,0.672,-0.08,0.767,0.009,0.84,-0.125,0.725,-0.044,1.237,-0.018,1.104,-0.107,0.786,-0.064,1.302,-0.24,0.73,-0.149,0.669,-0.122,1.008,-0.162,1.363,-0.119
0,1.217,0.0,0.516,-0.539,0.0,0.0,0.0,0.0,0.485,0.66,0.303,0.022,0.0,0.0,0.0,0.0,0.189,-0.406,0.698,-0.248,0.0,0.0,0.0,0.0,0.719,-0.531,-1.447,-1.14,-0.155,-0.911,0.0,0.0,0.0,0.0
1,0.811,0.0,0.94,0.01,0.558,0.013,0.498,0.019,0.479,-0.14,0.805,-0.082,0.864,-0.011,1.015,-0.088,1.262,-0.038,0.576,-0.051,0.729,-0.13,1.233,-0.165,0.822,-0.153,0.827,-0.104,0.727,-0.108,0.46,-0.161,0.616,-0.111
0,0.677,0.0,0.0,0.0,0.81,0.167,0.749,-0.012,0.0,0.0,0.982,-0.52,0.88,0.287,1.377,-0.051,0.627,-0.474,0.0,0.0,1.421,-0.028,1.028,-0.149,0.0,0.0,1.067,-1.342,0.0,0.0,1.006,0.094,0.874,-0.096
1,1.469,0.0,0.462,0.046,0.513,-0.001,1.044,0.007,1.11,-0.057,1.194,0.0,1.125,-0.039,0.619,0.002,1.144,-0.057,0.582,-0.072,0.733,-0.096,0.584,-0.026,0.56,-0.084,1.108,-0.127,0.745,-0.095,1.059,-0.058,1.032,-0.087
0,1.478,0.0,0.0,0.0,0.0,0.0,0.0,0.0,0.0,0.0,0.0,0.0,-0.521,1.358,0.895,0.825,0.0,0.0,0.0,0.0,0.0,0.0,0.0,0.0,0.0,0.0,1.427,0.565,0.0,0.0,0.0,0.0,0.0,0.0
1,0.614,0.0,0.344,0.025,0.481,-0.086,0.619,-0.026,0.354,0.132,0.573,0.046,0.776,-0.152,0.585,-0.021,0.715,-0.065,0.529,-0.007,0.259,-0.044,0.341,-0.006,0.795,0.0,0.536,-0.036,0.361,0.04,0.396,-0.058,0.51,-0.047
0,0.0,0.0,0.0,0.0,0.0,0.0,0.0,0.0,0.0,0.0,0.0,0.0,0.0,0.0,0.0,0.0,0.0,0.0,0.0,0.0,0.0,0.0,0.0,0.0,0.0,0.0,0.64,-0.897,0.0,0.0,0.0,0.0,0.0,0.0
1,1.257,0.0,1.291,0.696,0.936,0.24,0.277,0.824,0.149,1.147,-0.126,0.511,-0.443,0.681,-0.545,0.427,-0.416,0.204,-0.319,0.005,-0.322,-0.106,-0.12,-0.184,-0.111,-0.189,-0.012,-0.087,0.009,-0.046,0.014,-0.037,0.03,-0.019
0,0.966,0.0,0.0,0.0,0.0,0.0,1.378,1.079,-1.354,-0.639,0.0,0.0,1.2,-0.139,0.0,0.0,0.0,0.0,-1.459,0.893,1.192,0.656,0.793,-0.701,0.0,0.0,0.937,-1.096,0.0,0.0,0.0,0.0,0.997,0.97
1,1.497,0.0,0.737,0.426,0.578,0.45,0.39,0.449,-0.056,1.214,-0.604,0.788,-0.847,0.544,-0.688,0.221,-0.998,-0.095,-0.695,-0.445,-0.471,-0.593,-0.068,-0.526,0.083,-0.447,0.343,-0.598,0.446,-0.373,0.557,-0.045,0.429,0.21
0,1.054,0.0,0.0,0.0,0.0,0.0,0.0,0.0,-1.104,1.048,0.0,0.0,0.768,0.327,-0.063,-0.154,0.0,0.0,-1.007,-1.206,0.0,0.0,1.272,-0.942,0.0,0.0,1.485,0.161,0.0,0.0,0.0,0.0,0.0,0.0
1,0.586,0.0,0.73,0.549,0.839,0.72,0.12,1.414,-0.355,0.961,-0.759,0.729,-0.892,0.186,-1.362,-0.069,-0.775,-0.565,-0.239,-0.379,-0.114,-0.574,0.233,-0.417,0.532,-0.4,0.839,-0.239,0.763,0.14,0.417,0.199,0.476,0.852
1,1.429,0.0,0.43,0.018,0.101,0.309,0.217,0.79,-0.244,0.643,-0.071,0.246,-0.816,0.166,-1.26,-0.034,-0.092,-0.101,-0.218,-0.229,-0.069,-0.703,0.032,-0.178,0.184,-0.061,0.431,-0.074,0.283,-0.132,0.195,0.123,0.073,0.107
1,1.143,0.0,0.488,0.321,0.413,0.617,0.153,1.237,-0.186,0.652,-0.389,0.619,-0.788,0.12,-1.135,-0.263,-0.892,-0.729,-0.109,-1.138,0.131,-0.557,0.649,-0.921,1.083,-0.361,1.051,0.12,0.571,0.441,0.238,0.381,-0.037,0.763
1,1.195,0.0,0.397,-0.041,0.54,0.006,0.489,-0.038,0.486,0.006,0.701,-0.043,0.685,0.046,0.764,-0.115,0.714,0.101,0.601,0.0,0.753,0.055,0.349,0.039,0.419,0.186,0.457,0.027,0.341,0.024,0.797,-0.005,0.727,-0.07
1,1.286,0.0,0.775,-0.022,0.602,0.033,0.455,0.216,0.742,0.061,1.192,0.268,0.333,0.004,0.504,0.256,0.784,0.066,0.337,0.052,0.859,0.04,0.62,-0.266,0.957,-0.186,0.598,0.07,0.232,0.116,0.422,0.072,0.314,0.288
1,1.332,0.0,0.904,0.209,1.024,0.024,0.41,0.034,0.689,-0.059,0.57,0.094,0.807,0.074,1.061,0.083,0.638,-0.109,0.637,0.083,0.406,0.054,0.9,0.06,0.433,-0.074,0.542,0.078,0.606,0.35,0.502,0.062,0.335,0.086
1,0.688,0.0,0.924,0.081,1.2,0.001,0.823,0.003,0.503,0.104,0.417,0.049,0.707,0.005,1.092,0.008,0.861,-0.137,1.019,-0.042,0.507,0.014,0.691,0.008,0.6,-0.031,0.625,0.01,0.562,0.104,0.555,0.006,0.561,0.015
1,0.86,0.0,0.298,0.0,0.568,0.146,0.727,0.065,0.24,-0.043,0.529,-0.119,0.593,0.037,0.501,0.026,0.246,0.274,0.521,0.192,0.554,-0.035,0.22,-0.099,0.647,-0.005,0.613,0.065,0.479,0.023,0.362,0.151,0.434,0.159
1,1.104,0.0,0.48,0.084,1.039,0.114,0.676,0.391,0.977,0.475,0.762,0.645,0.624,0.558,0.579,0.349,0.309,0.899,0.235,0.541,0.088,0.462,0.027,1.078,-0.091,0.412,-0.074,0.502,-0.229,0.305,-0.207,0.618,-0.273,0.271
1,0.591,0.0,1.479,0.064,0.9,0.299,1.186,0.195,0.548,0.629,0.968,0.676,0.822,0.557,0.435,0.664,0.405,0.886,0.266,0.685,0.091,1.033,-0.02,0.642,-0.078,0.859,-0.173,0.678,-0.384,0.827,-0.369,0.677,-0.241,0.275
1,0.65,0.0,1.072,0.095,0.798,0.382,0.675,0.604,0.723,0.494,0.701,0.46,0.371,1.123,0.199,0.472,0.117,0.933,-0.093,0.706,-0.229,0.879,-0.243,0.481,-0.31,0.291,-0.51,0.609,-0.37,0.257,-0.409,0.159,-0.451,0.08
1,0.505,0.0,0.765,0.116,0.855,0.197,1.011,0.459,0.511,0.606,0.781,0.732,0.359,0.493,0.407,0.506,0.217,1.107,-0.005,1.137,-0.224,0.92,-0.363,0.888,-0.303,0.979,-0.428,0.974,-0.622,0.692,-0.561,0.443,-0.479,0.351
1,1.133,0.0,0.866,0.16,0.696,0.445,0.445,0.677,0.389,0.669,0.654,0.829,0.504,0.516,0.221,0.684,0.004,0.92,-0.174,0.799,-0.253,0.5,-0.569,0.573,-0.53,0.613,-0.823,0.387,-0.54,0.182,-0.865,0.13,-0.611,0.069
1,0.796,0.0,1.015,0.296,0.627,0.538,0.721,0.628,0.213,0.241,0.121,0.679,-0.092,0.419,0.0,0.48,-0.329,0.396,-0.806,0.342,-0.263,0.232,-0.339,0.096,-0.441,-0.041,-0.475,-0.122,-0.175,-0.138,-0.273,-0.223,-0.173,-0.316
1,0.853,0.0,0.813,-0.607,0.53,0.493,0.768,0.04,0.712,0.18,0.191,0.163,0.646,0.096,0.619,0.288,0.805,0.519,0.401,0.132,0.415,0.241,0.517,0.066,0.485,0.261,0.616,0.257,0.449,0.355,0.331,0.312,0.393,0.351
1,0.966,0.0,1.2,0.154,0.497,-0.137,0.72,0.141,0.918,0.016,0.312,-0.069,0.823,0.099,0.577,0.026,0.438,-0.03,0.846,0.108,0.906,0.04,0.392,0.076,0.349,0.53,0.735,0.114,0.159,0.29,0.452,0.28,0.666,0.164
1,1.416,0.0,0.823,0.067,0.572,-0.022,1.103,-0.023,0.601,-0.082,0.854,-0.072,0.693,-0.082,0.808,-0.054,0.292,0.024,0.404,0.012,0.699,-0.099,0.453,-0.093,0.593,-0.227,0.633,-0.069,0.704,-0.057,0.369,-0.138,0.6,-0.104
1,0.651,0.0,0.89,0.09,1.02,-0.005,0.501,-0.009,1.056,-0.049,0.677,0.017,0.501,-0.021,1.252,-0.018,0.518,0.012,1.135,-0.113,1.422,-0.025,1.405,-0.033,1.051,0.02,1.173,-0.02,1.212,-0.044,0.813,-0.039,1.339,-0.028
1,0.968,0.0,0.445,-0.095,0.631,-0.091,0.815,-0.239,0.394,0.052,0.271,-0.263,0.74,0.225,0.312,-0.162,0.433,0.075,0.632,-0.139,0.497,0.13,0.456,0.078,0.584,0.109,0.535,-0.079,0.154,-0.384,0.486,0.058,0.326,-0.651
1,0.645,0.0,0.522,-0.056,0.708,0.029,0.384,0.532,0.688,-0.004,0.716,0.108,1.04,-0.445,0.481,0.361,0.579,0.177,0.824,0.112,0.453,-0.151,0.674,0.08,0.454,0.135,1.002,0.184,0.74,0.081,0.964,0.143,1.016,0.492
1,1.297,0.0,0.46,-0.037,0.72,0.018,0.88,0.009,0.41,0.035,0.521,-0.002,0.547,-0.026,0.915,0.01,0.32,0.017,0.747,-0.067,0.353,0.116,0.517,-0.034,0.576,0.039,0.774,0.004,0.249,-0.018,0.693,0.14,0.477,-0.078
1,0.515,0.0,0.55,-0.008,0.417,-0.034,0.541,-0.07,0.827,0.047,0.378,0.068,0.661,0.185,0.664,-0.022,0.345,-0.057,0.596,-0.123,0.684,0.094,0.526,0.3,0.397,-0.072,0.412,0.001,0.359,-0.061,0.635,-0.113,0.167,-0.026
1,0.522,0.0,0.615,0.081,1.128,0.023,0.348,0.079,0.803,-0.004,0.96,0.062,0.344,0.059,0.734,0.09,1.006,-0.219,0.88,-0.084,0.367,0.009,0.384,0.078,0.475,-0.14,0.679,-0.024,0.797,0.028,0.668,-0.046,0.374,-0.047
1,0.93,0.0,0.307,-0.036,0.711,0.06,0.577,-0.029,0.475,0.05,0.433,-0.077,0.788,-0.017,0.68,0.08,0.391,0.079,0.525,-0.013,0.379,0.01,0.728,-0.043,0.396,-0.046,0.591,0.011,0.779,-0.003,0.774,-0.02,0.658,0.08
1,0.917,0.0,0.421,0.118,0.218,0.041,0.409,0.0,0.775,-0.018,0.641,0.025,0.453,0.026,0.619,0.004,0.704,-0.073,0.565,0.004,0.182,0.064,0.227,0.386,0.464,-0.083,0.402,0.054,0.364,0.238,0.371,0.0,0.223,-0.014
1,0.945,0.0,1.449,0.028,0.952,0.364,1.146,0.426,0.381,0.435,0.909,0.344,0.547,0.412,0.376,0.82,0.274,0.724,0.277,0.668,0.091,0.69,0.032,0.708,-0.245,0.58,-0.099,0.534,-0.145,0.826,-0.24,0.418,-0.492,0.487
1,1.493,0.0,1.018,0.22,0.73,0.421,0.535,0.561,0.717,0.385,0.788,0.977,0.347,0.495,0.251,1.113,0.037,0.727,-0.159,0.732,-0.216,0.708,-0.206,0.643,-0.679,0.644,-0.807,0.42,-0.584,0.191,-0.92,0.2,-0.383,0.018
1,0.774,0.0,0.56,0.234,0.801,0.567,0.829,0.385,0.34,0.511,0.473,0.75,0.142,0.958,-0.063,1.063,-0.332,0.978,-0.344,0.701,-0.329,0.446,-0.771,0.269,-0.811,0.205,-0.367,0.022,-0.44,-0.194,-0.322,-0.21,-0.586,-0.181
1,0.593,0.0,0.73,0.234,1.126,0.328,1.015,0.846,0.533,0.808,0.502,0.77,0.123,0.658,0.04,0.638,-0.3,0.753,-0.385,0.649,-0.563,0.59,-0.377,0.701,-0.946,0.457,-0.75,0.172,-0.576,-0.053,-0.69,-0.116,-0.474,-0.39
1,1.188,0.0,0.803,0.262,0.661,0.524,0.343,0.694,0.384,0.589,0.139,0.587,-0.26,0.665,-0.586,1.097,-0.472,0.638,-0.507,0.53,-0.482,0.177,-1.073,-0.051,-1.106,-0.325,-0.85,-0.5,-0.619,-0.64,-0.313,-0.418,-0.053,-0.655
1,0.666,0.0,0.788,0.389,0.496,0.672,0.305,0.477,-0.02,0.528,-0.147,0.801,-0.315,0.466,-0.542,0.292,-0.756,0.101,-0.578,-0.086,-0.765,-0.04,-0.423,-0.385,-0.17,-0.686,0.094,-0.475,0.171,-0.283,0.239,-0.445,0.41,0.107
1,0.636,0.0,0.27,0.123,0.27,0.154,0.034,0.347,0.138,0.342,0.044,0.134,-0.054,0.105,-0.063,0.048,-0.056,0.054,-0.054,0.021,-0.043,-0.003,-0.027,-0.013,-0.025,-0.021,-0.013,-0.013,-0.004,-0.017,0.001,-0.007,0.004,-0.009
1,1.215,0.0,0.572,-0.334,0.675,0.347,0.557,-0.003,1.198,0.267,0.382,-0.306,0.658,0.079,0.742,0.188,0.645,-0.414,0.903,0.057,0.415,0.294,0.662,-0.593,0.888,-0.059,0.68,-0.147,0.592,-0.078,0.178,-0.146,0.374,-0.077
1,0.937,0.0,0.548,0.073,1.053,0.078,0.985,0.123,0.224,0.118,0.431,0.238,0.7,0.121,0.416,0.17,0.259,0.038,0.382,0.152,0.311,0.093,0.187,0.184,0.188,0.08,0.205,0.091,0.317,0.138,0.155,0.154,0.203,0.118
1,0.846,0.0,1.172,0.142,0.832,0.01,1.218,0.017,0.505,-0.002,1.053,0.142,0.83,0.038,0.469,0.036,0.915,0.028,1.147,0.03,0.575,0.042,1.002,0.05,0.834,0.031,0.554,0.074,0.899,0.127,0.752,0.096,0.972,0.067
1,1.007,0.0,0.932,0.028,0.721,0.181,1.244,0.34,0.463,-0.112,1.108,-0.011,1.013,-0.342,0.87,0.166,0.986,-0.031,0.44,-0.012,0.646,-0.257,0.97,-0.36,1.079,-0.133,0.658,-0.026,0.595,-0.043,0.782,0.162,1.031,0.103
1,0.942,0.0,0.808,0.025,1.414,0.104,0.665,0.091,0.72,-0.048,1.058,0.03,1.371,-0.004,1.215,0.151,1.163,0.045,0.452,0.018,0.945,-0.083,1.048,0.0,0.871,-0.017,0.748,0.019,0.764,-0.007,1.18,0.165,0.73,0.041
1,0.663,0.0,0.418,0.181,0.051,-0.205,0.79,0.015,0.326,-0.053,0.405,0.009,0.24,0.282,1.058,-0.021,0.337,0.118,0.405,0.069,0.548,0.023,0.3,-0.103,0.605,-0.031,0.238,0.047,0.563,0.258,0.163,-0.089,0.249,-0.002
1,0.585,0.0,0.567,0.096,0.436,-0.191,1.14,-0.164,1.077,0.019,0.385,0.04,0.872,-0.052,1.207,-0.076,0.656,-0.254,1.009,-0.099,0.494,-0.003,0.457,0.057,0.575,-0.185,0.804,-0.105,0.275,-0.02,0.388,-0.454,0.469,-0.235
1,0.756,0.0,0.476,-0.031,1.098,-0.07,0.422,0.0,1.003,-0.081,0.45,-0.155,0.957,-0.105,1.042,-0.258,0.992,-0.167,0.808,-0.132,1.023,-0.216,1.003,-0.037,0.54,-0.275,0.674,-0.127,0.363,-0.243,0.587,-0.324,0.833,-0.194
1,0.549,0.0,1.118,-0.095,0.582,0.037,1.06,0.042,0.822,-0.016,0.945,-0.058,1.084,-0.099,0.433,-0.006,0.556,-0.12,0.63,0.039,0.665,-0.054,0.519,-0.41,0.761,-0.125,0.765,-0.073,0.937,-0.021,0.604,-0.132,0.694,-0.006
1,0.613,0.0,1.006,-0.069,0.297,0.127,0.379,0.121,0.399,-0.163,0.647,-0.312,0.748,-0.19,0.653,0.041,0.449,-0.005,0.695,-0.093,1.039,-0.242,0.854,-0.303,0.688,-0.102,0.737,-0.113,0.708,-0.275,0.475,0.05,0.622,-0.008
1,0.735,0.0,0.662,0.162,0.649,0.007,0.75,0.08,0.441,-0.205,0.316,0.02,0.899,-0.122,0.631,-0.045,0.595,-0.068,0.487,-0.062,0.715,-0.146,0.524,-0.072,0.552,-0.273,0.357,-0.14,0.426,-0.042,0.592,-0.16,0.387,-0.047
1,1.027,0.0,0.855,0.407,0.479,0.37,0.338,0.589,0.338,1.33,0.089,0.881,-0.103,0.758,-0.382,0.71,-0.584,0.809,-0.429,0.426,-0.682,0.285,-0.992,-0.079,-0.948,-0.137,-0.815,-0.401,-0.326,-0.903,-0.209,-0.798,-0.172,-0.989
1,0.622,0.0,0.555,0.408,0.956,0.5,0.596,0.885,0.204,0.751,0.062,1.295,-0.325,1.178,-0.646,1.107,-0.479,0.37,-0.835,0.376,-0.872,0.052,-0.821,-0.278,-0.826,-0.428,-0.616,-0.48,-0.536,-1.257,-0.068,-0.939,0.109,-0.969
1,0.927,0.0,0.951,0.243,0.954,0.746,0.368,0.776,0.047,1.443,-0.092,0.784,-0.34,0.828,-0.875,0.196,-0.709,0.246,-1.409,-0.005,-0.993,-0.495,-0.955,-0.256,-0.525,-0.619,-0.215,-1.222,-0.035,-1.118,0.24,-0.485,0.001,-0.521
1,0.768,0.0,0.99,0.273,1.024,0.312,0.559,0.776,0.17,0.778,-0.062,0.525,-0.28,0.761,-0.488,0.43,-0.604,0.379,-0.517,0.03,-0.979,-0.123,-0.346,-0.352,-0.417,-0.667,-0.202,-0.714,0.079,-0.745,0.341,-0.412,0.395,-0.183
1,1.015,0.0,0.548,0.215,0.453,0.5,0.405,0.546,0.2,0.894,-0.093,0.954,-0.606,1.163,-0.943,0.966,-1.057,0.483,-1.349,0.046,-0.936,-0.24,-0.523,-0.312,-0.759,-0.698,-0.268,-0.983,0.057,-0.827,0.422,-1.013,0.655,-0.515
1,1.077,0.0,0.578,0.232,0.8,0.483,0.195,0.65,0.206,1.041,-0.153,0.531,-0.494,0.628,-0.811,0.598,-0.998,0.262,-0.767,-0.032,-0.794,-0.184,-0.469,-0.588,-0.198,-0.868,-0.023,-0.753,0.289,-0.59,0.256,-0.302,0.327,-0.197
1,1.49,0.0,0.889,-0.028,0.859,-0.041,0.941,-0.084,1.3,0.015,1.344,-0.034,0.944,-0.073,0.871,-0.064,1.104,-0.064,0.774,-0.125,1.315,-0.033,1.084,-0.124,1.264,-0.08,0.679,-0.083,0.884,-0.107,0.903,-0.215,0.792,-0.115
1,0.941,0.0,0.583,-0.009,0.831,0.011,0.723,-0.014,0.801,-0.015,1.007,-0.053,0.536,-0.012,0.952,-0.046,1.107,-0.059,1.201,-0.051,1.16,-0.02,1.343,-0.062,0.586,-0.031,1.19,-0.056,1.265,-0.107,1.091,-0.091,1.049,-0.104
1,0.892,0.0,1.087,-0.136,0.508,-0.003,0.725,-0.238,0.896,0.135,0.898,0.003,0.9,-0.12,0.91,-0.002,0.766,-0.098,0.616,-0.259,1.258,0.128,0.855,-0.064,0.8,0.058,0.819,-0.059,1.075,-0.259,0.799,-0.068,1.331,-0.257
1,0.793,0.0,0.29,-0.04,0.538,0.054,0.63,-0.247,0.413,-0.021,0.606,-0.127,0.887,0.257,0.91,-0.504,0.555,0.017,0.703,0.024,0.772,0.295,0.933,0.033,0.289,0.136,0.704,-0.002,0.825,-0.048,1.243,-0.1,0.933,-0.146
1,1.228,0.0,0.478,-0.168,0.236,0.273,0.33,0.162,0.413,0.186,0.423,-0.1,0.684,-0.101,0.836,0.373,0.7,0.024,0.29,-0.2,0.246,-0.041,0.498,-0.029,0.484,0.054,0.413,-0.108,0.189,-0.197,0.279,-0.148,0.074,-0.584
1,0.687,0.0,0.64,0.877,1.079,0.279,0.374,1.2,0.301,0.56,0.351,0.91,0.224,1.112,-0.221,1.4,-0.254,0.628,-0.415,1.212,-0.674,0.792,-0.99,0.513,-1.256,0.369,-1.497,0.073,-1.305,-0.239,-1.007,-0.613,-0.866,-0.48
1,1.472,0.0,0.753,0.628,0.862,0.571,0.81,0.722,0.36,0.656,0.15,0.491,-0.06,0.655,-0.488,0.455,-0.27,0.676,-0.795,0.398,-0.581,0.242,-0.774,0.026,-1.014,-0.157,-1.029,-0.462,-0.867,-0.098,-0.414,-0.434,-0.247,-0.451
1,0.657,0.0,0.579,0.634,1.048,0.606,0.607,1.011,0.226,0.992,-0.12,0.714,-0.619,1.144,-0.686,0.533,-0.744,0.171,-1.2,0.05,-0.385,-0.164,-0.33,-0.62,-0.269,-0.486,-0.054,-0.392,0.192,-0.322,0.225,-0.233,0.34,-0.236
1,1.494,0.0,0.526,0.316,0.931,0.337,0.483,1.043,0.175,0.524,-0.198,0.524,-0.441,0.529,-0.831,0.476,-1.179,0.203,-0.52,-0.089,-0.664,-0.393,-0.826,-0.907,-0.206,-1.107,-0.063,-1.159,0.298,-0.891,0.711,-0.407,0.588,-0.406
1,1.277,0.0,0.699,0.408,0.455,0.831,0.225,1.097,-0.09,0.809,-0.22,0.944,-0.796,0.692,-0.576,0.378,-0.599,0.049,-0.586,0.039,-0.364,-0.568,-0.354,-1.009,-0.178,-0.47,0.269,-1.009,0.248,-0.788,0.639,-0.606,0.951,-0.076
1,0.996,0.0,0.755,0.146,0.784,-0.061,1.041,0.01,1.065,-0.162,1.091,-0.01,1.274,-0.013,0.522,-0.062,0.786,-0.105,1.328,0.075,1.018,-0.12,0.521,-0.027,0.956,-0.271,0.969,-0.08,0.63,0.046,1.286,-0.133,0.729,-0.063
1,1.032,0.0,0.639,-0.002,1.094,-0.122,0.481,-0.003,0.903,-0.684,0.657,0.152,1.468,-0.107,1.211,-0.034,0.882,-0.164,0.513,0.379,1.311,-0.217,0.966,-0.12,1.003,-0.017,0.618,-0.017,0.593,-0.027,1.159,-0.027,0.452,-0.018
1,0.897,0.0,0.707,0.348,0.473,0.631,0.219,0.631,0.098,1.248,-0.22,0.943,-0.64,0.63,-0.486,0.456,-0.651,0.163,-0.465,-0.133,-0.865,-0.128,-0.55,-0.351,-0.211,-0.474,0.011,-0.446,0.105,-0.198,0.258,-0.243,0.206,-0.114
1,1.301,0.0,1.09,0.274,0.889,0.955,0.358,0.793,0.029,0.859,-0.152,0.839,-0.839,0.652,-0.676,0.359,-0.592,0.115,-0.816,-0.164,-0.556,-0.657,-0.491,-0.603,-0.164,-0.45,0.174,-1.061,0.404,-0.343,0.605,-0.347,0.879,-0.145
1,0.795,0.0,1.192,0.551,0.921,0.659,0.193,0.751,-0.053,1.184,-0.284,0.461,-0.467,0.608,-1.073,0.225,-0.804,-0.144,-0.909,-0.641,-0.664,-1.074,-0.137,-1.042,0.248,-0.508,0.318,-0.378,0.637,-0.377,1.07,-0.057,0.766,0.19
1,0.94,0.0,0.859,-0.153,0.654,-0.157,1.025,-0.093,0.713,0.014,1.212,0.136,1.367,0.071,0.438,-0.048,0.786,-0.498,0.992,-0.018,1.111,0.039,0.896,0.149,0.78,-0.372,0.912,-0.044,0.756,-0.037,0.299,0.033,1.007,-0.035
1,1.199,0.0,0.759,0.005,0.636,0.015,0.968,0.023,1.124,0.013,0.517,0.088,0.513,0.032,0.716,0.038,0.9,0.182,0.65,0.034,0.654,0.079,0.573,0.068,0.757,0.062,0.772,0.106,0.504,0.022,0.345,0.117,0.628,0.073
1,0.916,0.0,0.502,0.021,0.746,0.02,0.685,0.014,0.872,0.047,1.287,0.084,1.217,0.032,0.59,0.066,0.606,0.017,1.413,0.0,1.172,0.076,0.921,0.091,0.862,0.132,0.956,0.059,1.121,0.104,0.783,0.122,0.56,0.106
1,0.702,0.0,1.411,-0.013,0.505,-0.003,0.958,-0.01,1.317,-0.017,0.945,-0.039,1.321,-0.018,0.663,-0.04,0.653,-0.028,1.354,-0.031,1.479,-0.032,0.63,-0.044,0.954,-0.052,0.665,-0.055,0.555,-0.08,0.605,-0.053,1.069,-0.063
1,1.452,0.0,0.808,-0.025,0.865,0.054,1.254,0.018,1.005,0.039,0.581,-0.014,1.126,-0.011,0.642,0.048,0.946,0.0,0.967,0.016,1.348,0.007,0.868,-0.022,0.788,0.022,1.012,0.022,1.022,0.002,1.075,0.039,0.989,0.028
1,1.171,0.0,0.676,0.01,1.215,-0.016,1.242,0.009,0.494,0.064,0.908,0.038,1.216,0.01,1.08,0.022,0.781,-0.024,0.833,-0.027,0.843,0.074,1.447,0.116,0.573,0.039,1.312,0.041,0.7,0.024,0.971,0.014,0.81,0.021
1,0.553,0.0,0.28,-0.233,0.641,0.019,0.554,0.085,0.778,0.08,0.202,-0.287,0.854,0.171,0.388,0.0,0.502,0.065,0.665,0.02,0.516,0.251,0.192,-0.084,0.576,0.074,0.485,0.08,0.486,-0.025,0.502,0.062,0.352,0.211
1,1.192,0.0,0.736,0.242,0.714,0.662,0.383,1.111,0.061,1.072,-0.346,0.729,-0.431,0.963,-0.753,0.414,-1.003,0.084,-0.853,-0.129,-0.263,-0.296,-0.184,-0.827,-0.036,-0.54,0.166,-0.755,0.313,-0.468,0.661,-0.245,0.58,0.018
1,0.677,0.0,1.1,0.568,0.72,0.889,0.431,0.778,-0.062,1.187,-0.346,0.646,-0.354,0.887,-0.926,0.306,-1.25,-0.028,-0.96,-0.177,-0.572,-0.406,-0.177,-0.821,0.08,-0.78,0.221,-0.657,0.659,-0.526,0.462,-0.203,0.748,0.105
1,0.709,0.0,0.84,0.316,0.352,0.535,0.314,0.531,-0.155,1.237,-0.555,1.173,-1.165,0.552,-0.936,0.164,-0.681,-0.241,-0.872,-0.302,-0.621,-0.775,-0.023,-1.131,0.372,-0.613,0.412,-0.849,0.591,-0.233,1.241,0.098,1.113,0.584
1,0.625,0.0,1.2,0.884,0.465,0.036,0.166,0.562,-0.401,0.985,-0.209,0.403,-1.128,0.378,-0.882,-0.099,-0.381,-0.448,-0.327,-0.422,-0.079,-0.615,0.377,-0.147,0.957,-0.477,0.702,-0.048,1.025,0.717,0.2,0.002,0.106,1.179
1,1.09,0.0,1.178,0.362,0.314,0.476,0.083,0.284,-0.176,0.843,-0.562,0.253,-0.449,0.0,-0.546,-0.099,-0.447,-0.271,-0.121,-0.815,0.301,-0.337,0.746,-0.333,1.039,-0.354,0.664,0.086,1.449,0.296,0.185,0.336,0.05,0.181
1,1.266,0.0,0.516,0.0,0.717,-0.035,1.288,-0.008,0.996,0.01,0.774,0.019,1.15,0.012,0.978,0.002,1.277,0.022,1.217,-0.008,0.958,0.026,1.026,0.049,0.56,0.064,1.045,0.017,0.83,0.005,0.634,0.05,1.115,-0.016
1,1.191,0.0,0.902,0.099,0.5,-0.119,1.131,-0.016,0.677,0.007,0.605,0.114,1.247,-0.006,0.504,0.0,0.993,0.189,0.546,-0.007,0.463,0.008,0.838,0.055,0.883,0.155,0.638,0.098,0.405,0.042,0.885,0.23,0.726,0.0
1,1.359,0.0,0.66,0.141,0.939,0.014,1.16,0.007,0.82,-0.007,0.488,0.143,1.172,0.03,1.028,0.027,1.212,0.085,0.883,0.036,0.523,0.063,0.637,0.029,0.863,0.116,0.594,0.088,0.951,-0.026,1.072,0.042,0.744,0.041
1,0.711,0.0,1.258,0.032,1.344,0.002,0.821,0.007,0.647,0.0,0.858,0.082,0.958,0.012,0.594,0.006,0.437,-0.091,0.899,0.03,1.191,0.024,0.614,0.026,0.587,-0.061,0.618,0.024,1.109,0.103,0.439,0.031,0.881,0.025
1,1.022,0.0,0.647,0.006,0.503,0.021,0.882,0.01,1.473,0.014,0.905,0.02,0.671,0.024,1.206,0.045,0.897,0.031,0.903,0.049,1.201,0.049,1.399,0.075,0.921,0.021,1.268,0.063,0.79,0.12,0.985,0.061,0.916,0.094
1,0.795,0.0,0.918,0.009,0.997,0.013,1.33,0.022,1.087,-0.009,1.296,-0.002,0.583,0.023,1.156,0.005,1.306,0.01,0.639,0.023,1.213,0.004,1.084,0.022,1.45,-0.006,0.609,0.014,1.372,0.014,1.373,0.017,0.849,0.025
1,0.849,0.0,1.409,-0.016,0.827,0.018,0.591,-0.003,0.654,0.081,1.411,0.025,0.565,0.025,0.927,0.081,0.671,0.036,0.638,0.022,1.133,0.092,1.299,0.068,0.787,0.057,1.15,0.054,1.279,0.107,1.186,0.109,1.242,0.076
1,0.917,0.0,0.457,0.411,1.003,0.765,0.319,0.953,0.02,0.862,-0.332,1.015,-0.543,0.433,-1.164,0.298,-0.644,-0.006,-0.953,-0.386,-0.494,-0.367,-0.209,-0.442,0.01,-0.414,0.201,-0.59,0.383,-0.495,0.636,-0.258,0.521,0.039
1,0.855,0.0,1.156,0.614,0.381,1.009,0.4,0.894,-0.121,0.902,-0.72,0.675,-0.657,0.616,-0.577,0.103,-0.867,-0.373,-0.831,-0.435,-0.21,-0.525,0.086,-0.666,0.365,-0.856,0.752,-0.737,0.515,-0.139,0.966,0.149,0.931,0.65
1,1.28,0.0,0.417,0.117,0.146,0.189,0.113,0.704,-0.231,0.947,-0.157,0.326,-0.447,0.139,-0.936,-0.004,-0.291,-0.215,-0.268,-0.554,-0.096,-0.598,0.138,-0.19,0.381,-0.121,0.521,-0.093,0.26,0.039,0.158,0.194,0.068,0.348
1,1.401,0.0,0.665,0.389,0.58,0.714,0.073,0.833,-0.454,0.518,-0.739,0.596,-0.588,0.064,-0.596,-0.379,-0.701,-0.715,-0.038,-1.214,0.23,-0.939,0.792,-0.491,0.608,-0.191,0.857,0.151,0.42,0.549,0.125,0.672,-0.246,1.038
1,1.284,0.0,0.148,0.045,0.035,0.282,-0.062,0.607,-0.219,-0.266,-0.529,0.046,-0.539,0.126,-0.164,-0.3,-0.1,-0.268,0.236,-0.109,0.488,-0.113,0.28,-0.183,0.16,0.338,0.047,0.277,-0.041,0.232,-0.195,0.093,-0.436,-0.467
1,1.2,0.0,1.388,0.001,1.215,0.0,0.628,-0.001,0.932,0.017,0.907,0.012,1.147,0.046,0.928,0.026,0.616,0.049,1.177,0.047,0.94,0.047,0.908,0.078,0.776,0.118,0.537,0.08,1.235,0.076,0.625,0.052,0.847,0.105
1,1.046,0.0,0.98,-0.075,0.802,0.003,0.622,-0.012,1.243,-0.049,0.413,-0.12,0.671,0.072,0.742,-0.07,0.635,0.091,1.109,0.054,0.951,-0.021,0.983,-0.051,0.928,-0.03,1.1,-0.033,0.716,-0.095,0.912,-0.05,1.081,0.009
1,1.07,0.0,0.507,-0.142,0.524,-0.013,0.873,-0.041,0.624,-0.092,0.515,-0.102,0.418,-0.073,0.535,-0.085,0.376,-0.199,0.716,0.063,0.722,-0.093,0.305,-0.048,0.639,-0.007,0.47,-0.069,0.476,-0.102,0.396,-0.056,0.362,-0.043
1,1.305,0.0,0.851,0.007,0.87,0.002,0.659,0.005,1.142,0.028,1.192,0.083,1.163,0.008,0.863,0.013,0.802,-0.07,0.543,0.045,0.521,0.017,0.658,0.015,0.727,-0.003,0.373,0.017,0.683,0.009,0.695,0.022,0.581,0.015
1,0.821,0.0,0.34,-0.017,0.861,0.041,0.41,0.633,1.066,-0.002,0.845,-0.101,0.594,-0.291,0.281,0.325,0.746,0.295,0.942,0.167,0.452,-0.314,0.979,0.007,0.31,0.072,0.703,0.088,0.535,0.113,0.298,0.259,0.082,0.659
1,1.368,0.0,0.651,0.107,1.072,-0.097,0.583,-0.035,1.043,-0.062,1.141,0.095,0.832,0.089,0.824,-0.122,1.429,-0.014,0.916,0.034,0.936,0.006,0.545,0.046,1.123,-0.023,0.772,0.001,0.645,0.168,0.541,-0.133,0.53,-0.03
1,1.291,0.0,0.604,0.004,1.234,-0.031,0.584,-0.017,0.85,0.022,1.442,0.043,1.039,0.101,0.514,-0.017,0.796,0.001,0.519,0.038,1.177,0.047,0.982,0.128,1.3,0.013,1.019,0.062,0.705,0.087,0.734,-0.0,1.245,0.06
1,1.195,0.0,0.598,-0.0,0.546,-0.047,1.039,-0.026,0.51,0.031,1.199,0.011,0.846,0.044,1.095,-0.008,1.249,0.016,0.958,0.017,0.825,0.056,1.004,0.075,0.994,0.021,0.645,0.022,0.981,0.012,1.095,0.002,0.829,-0.006
1,1.266,0.0,1.331,-0.022,0.541,-0.023,0.549,-0.047,1.125,0.001,0.678,-0.033,0.758,-0.014,0.959,-0.028,0.685,-0.005,0.783,-0.174,0.786,0.009,0.944,-0.025,0.927,-0.016,0.635,-0.061,0.597,-0.09,0.931,-0.044,1.116,-0.213
1,1.359,0.0,0.561,0.102,0.679,-0.083,1.072,0.057,1.305,-0.136,0.921,0.09,0.833,-0.005,1.06,-0.014,1.259,-0.034,0.62,-0.018,0.902,-0.134,0.745,0.048,0.578,-0.142,0.746,-0.066,0.48,-0.004,0.704,-0.096,0.642,-0.068
