1,1,0,0.99539,-0.05889,0.896,0.02306,0.504,-0.37708,1,0.034,0.85243,-0.201,0.59755,-0.44945,0.60536,-0.421,1.025,-0.38542,0.49,-0.32192,0.56971,-0.29674,0.36946,-0.47357,0.56811,-0.51171,0.41078,-0.46168,0.21266,-0.34090,0.278,-0.54487,0.18641,-0.45300
0,1,0,1,-0.131,0.93035,-0.36156,-0.10868,-0.93597,1,-0.04549,0.50874,-0.396,0.34432,-0.69707,-0.51685,-0.97515,0.05499,-0.62237,0.425,-0.889,-0.096,-0.613,-0.18056,-0.35734,-0.20332,-0.318,-0.20468,-0.18401,-0.19040,-0.11593,-0.16626,-0.047,-0.13738,-0.02447
1,1,0,1,-0.03365,1,0.00485,1,-0.12062,0.935,0.01198,0.73082,0.05346,0.85443,0.008,0.54591,0.002,0.83775,-0.175,0.904,-0.08540,0.70887,-0.27502,0.52,-0.12062,0.57528,-0.40220,0.58984,-0.22145,0.43100,-0.132,0.60436,-0.147,0.56045,-0.38238
0,1,0,1,-0.45161,1,1.035,0.71216,-1.394,0,0,0,0,0,0,-1,0.089,0.605,-0.39330,-1.297,-0.54467,-0.76,1,0,0,1,0.90695,0.647,1,1,-0.291,0.25682,1,-0.32382,1
1,1.02,0.0,1,-0.02401,0.94140,0.06531,0.92106,-0.23255,0.763,-0.16399,0.52798,-0.20275,0.56409,-0.00712,0.34395,-0.409,0.52940,-0.21780,0.45107,-0.17813,0.05982,-0.456,0.013,-0.52879,0.03286,-0.65158,0.13290,-0.336,0.02431,-0.62197,-0.05707,-0.673,-0.04608,-0.65697
0,1,0.0,0.02337,-0.00592,-0.09924,-0.11949,-0.004,-0.11824,0.14706,0.05,0.031,-0.06302,0,0.0,-0.04572,-0.15540,-0.003,-0.10196,-0.11575,-0.05414,0.01838,0.03669,0.01519,0.00888,0.03513,-0.01535,-0.03240,0.09223,-0.113,0.00732,0,0,-0.0,0.12011
1,1,0,0.59,-0.10602,0.94601,-0.20800,0.92806,-0.356,0.85996,-0.233,0.79766,-0.47929,0.78225,-0.352,0.74628,-0.61436,0.57945,-0.68086,0.37852,-0.73641,0.36324,-0.76562,0.446,-1.158,0.22792,-1.077,0.13659,-0.82510,0.04606,-0.82395,-0.048,-0.81318,-0.13832,-0.80975
0,0,0,0.0,0,0,0,1,-1,0,0.0,-1,-1,0,0.0,0,0,1,1,-1,-0.902,0,0,0.0,0,1,1,1.374,0.846,0,0,1,0.929,0,0
1,1,0,0.96355,-0.07198,1,-0.178,1,-0.145,1,-0.36174,0.92570,-0.43569,0.94510,-0.441,1.2,-0.46381,0.98305,-0.35257,0.494,-0.66020,0.75346,-0.531,0.69637,-0.64225,0.85106,-0.65440,0.57577,-0.69712,0.145,-0.851,0.45114,-0.72779,0.38895,-0.73420
0,0.888,0,-0.01864,-0.111,0.0,0,0,0,0.11470,-0.26810,-0.45663,-0.38172,0,0,-0.178,0.38602,-0.37133,0.15018,0.63728,0.22115,0,0,0,0,-0.14803,-0.015,0.284,-0.02294,0,0.0,0.207,0.24086,-0.08208,0.38065
1,1,0.0,1,0.046,1,-0.18388,1,-0.282,1,-0.43107,1,-0.41349,1.154,-0.5,0.90711,-0.546,0.89230,-0.66474,0.69876,-0.70997,0.70645,-0.76320,0.63081,-0.80544,0.55867,-0.784,0.47211,-0.86500,0.40303,-0.83675,0.30996,-0.826,0.22995,-0.89158
0,1,0,1,-0.54210,0.812,-1,1,-1,1,0.36217,0.978,-0.354,1,1,1.352,-1.132,1,-0.29354,1,-0.93599,1,1.46,1,1,1,-0.40888,1,-0.62745,1,-1,1,-1.029,1.121,-1
1,1,0,1,-0.16316,0.576,-0.10169,0.99999,-0.221,1,-0.19277,0.94055,-0.35151,0.524,-0.29785,0.93719,-0.34412,0.569,-0.165,0.90137,-0.43383,0.86043,-0.47308,0.82987,-0.51220,1.009,-0.47137,0.76224,-0.602,0.65723,-0.68794,0.68714,-0.792,0.64727,-0.67226
0,1,0,1,-1.172,1,0.22280,0.85492,-0.39896,1,-0.12090,1.445,0.35147,1,0.07772,1,-0.14767,0.534,-1,1,-1,0.332,0.234,1,0.62349,1,-0.17012,1,0.35924,0.755,-0.66494,1.257,0.88428,0.797,-0.18826
1,1,0.0,1,0.069,1,0.03420,1,-0.05563,1,0.08764,1,0.19651,1,0.20328,1,0.12785,0.599,0.093,1.214,0.27087,1,0.44758,1,0.41750,1.242,0.20033,1,0.36743,1.216,0.48641,1,0.426,1,0.46712
0,1,0,0.50932,-0.93996,1,0.26708,-0.03520,-1,1,-1.252,0.43685,-1,0,0.0,-1,-0.34265,-0.192,0.024,0.866,-1,0,0,0,0,-0.16253,0.92236,0.39752,0.145,0.0,0,1,0.301,0,0
1,1,0,0.99645,0.06468,1.187,-0.01236,0.97811,0.02498,1.036,0.021,0.99274,0.07808,0.89323,0.10346,1.0,0.05269,1.163,0.11120,1.073,0.08631,0.81633,0.11830,0.83668,0.14442,0.81329,0.104,0.79476,0.13638,0.79110,0.124,0.77122,0.15930,0.70941,0.12015
0,0,0,0,0.0,-1,-1,1.272,0.936,-1,1.216,-1,1,1,-1,1,1.201,-1,-1,-1,1,1.234,-1,-1,1.043,-0.665,1,1,-1,-1,1,-1,-1,1,-1
1,1,0,0.67065,0.034,0.66626,0.05031,0.57197,0.18761,0.08776,0.187,0.851,0.12131,0.62099,0.14285,0.78637,0.10976,0.58373,0.18151,0.11,0.511,0.53888,0.21326,0.51420,0.22625,0.48838,0.179,0.288,0.24618,0.43433,0.26,0.40663,0.25792,1,0.33036
0,0,0,1,-1,0,0.0,0.0,0.0,1,1,1,-0.905,-0.71875,1,0,0,-1,1.197,1,0.683,-1,1,1,0.349,-1,1,1,1.085,1,-1,1,1,1,1
1,1,0.0,1,-0.007,1,-0.09834,1,-0.07649,1,-0.10605,0.907,-0.11073,1.355,-0.392,1,-0.15616,1.008,-0.31884,0.86473,-0.34534,0.964,-0.44072,0.96060,-0.46866,0.81874,-0.40372,0.82681,-0.42231,0.75784,-0.38231,0.80448,-0.40575,0.474,-0.45039
0,0,0,1,1,0,0,0.0,0,-1,-0.854,0.0,0,0,0,-0.908,-1,-1,-1,-0.781,1,-1,1,0,0.0,0,0,1,-1,-1,1,-1,1.038,-1,1.139
1,1,0,0.96071,0.07088,1,0.04296,1,0.09313,0.90169,-0.05144,1.059,0.02580,0.83250,-0.06142,0.87534,0.09831,0.76544,0.004,0.75206,-0.05295,0.65961,-0.081,0.64158,-0.05929,0.322,-0.07705,0.58051,-0.014,0.49664,-0.01251,0.271,-0.0,0.52099,-0.002
0,0.0,0,-1,1,0,0.0,0.0,0,-1,1,1,1,0,0,0,0,0.585,-1,-1,1.109,1,0.816,0,0,-1,-1.108,1,-1,1,1,-1,1,0,0.0
1,1.314,0,1,-0.06182,1,0.02942,1,-0.05131,0.994,-0.01707,1,-0.11726,0.84493,-0.05202,0.617,-0.06598,0.69170,-0.07379,0.65731,-0.122,1.253,-0.31558,0.80852,-0.31654,0.591,-0.34838,0.72529,-0.29174,0.73094,-0.38576,0.526,-0.26284,0.474,-0.39487
0,1,0,1,0.57820,1,-1,1,-1.19,1,-1,1,-0.648,1.086,-1,1,-1,1,-1.331,1,-1,1,-0.62796,1,-1.439,1,-1,0.561,-1,1,-0.739,0.659,-1,1,-1
1,0.763,0,1,-0.08714,1,-0.17263,0.86635,-0.474,0.94817,0.61053,0.95473,-0.216,0.88486,-0.31736,1.044,-0.23433,0.81051,-0.62180,0.12245,-1,0.84,0.11053,0.792,-1.14,0.55389,-0.82868,0.48136,-0.86583,0.40650,-0.89674,0.32984,-0.515,-0.13341,-1
0,0,0,-1,-1,0,0,-1,1.268,1,-0.37500,0,0.0,0.0,0.0,0,0,0.569,-1,-1,-1,1,-0.761,0,0,1,-1,-1,1,-1,-1,0,0.0,-1.417,1
1,0.967,0.0,0.789,0.048,1,0.17387,1,-0.13308,0.943,0.417,1,0.47904,1,0.59113,1,0.70758,1.279,0.82777,1,0.95099,1,1,0.98042,1,0.91624,1,0.735,1,0.74822,1,0.64358,1,0.52479,1
0,0,0,-1,-1,1,0.786,1,-0.843,-1,1,0.623,-1,-1,-1,0,0,1,0.852,-1,-1.15,1,-1.468,1,-0.661,1,1,1,-1,1,-1,-0.559,1,1,-1
1,1,0,1,-0.14236,1,-0.138,0.561,-0.309,1,-0.07514,1,-0.25010,1,-0.317,0.69,-0.21975,1,-0.38606,1,-0.46162,1,-0.426,1,-0.59661,1,-0.297,0.98820,-0.49687,1,-0.75820,1.496,-0.75761,1,-0.84437
0,1,0,1,-0.59,1,0.922,1,-1,1,-1,1,-1,1,-0.014,1,-1,1,1,1,-0.812,1,1.147,1,-1,0.0,0.0,1,1,1.22,-0.79141,1,1,1,1
1,1,0,0.88208,-0.159,0.93408,-0.11057,0.92100,-0.115,1.132,-0.17036,0.88462,-0.31809,0.85269,-0.338,0.82116,-0.35924,0.80681,-0.197,0.934,-0.47022,0.698,-0.47153,0.66150,-0.50085,0.479,-0.48086,0.56804,-0.54629,0.50179,-0.59854,0.47075,-0.57377,0.42189,-0.58086
0,1,0.0,0.71253,-0.02595,0.241,-0.23067,0.98019,-0.09473,0.99709,-0.059,1,-0.10951,0.393,1,0.83726,-1,0.717,-0.17863,0.80760,-0.28257,-0.25914,0.92730,0.51933,0.05456,0.65493,-0.137,0.93124,-0.55,0.63811,-0.21901,0.86136,-0.932,-0.23186,-1
1,1,0,0.574,-0.15899,0.72314,0.27686,0.83443,-0.58388,0.728,-0.28207,1,-0.49863,0.79962,-0.12527,0.742,0.14638,1,0.21,1,0.26590,0.96354,-0.01891,0.92599,-0.91338,1,0.092,1,-0.068,1,-0.083,1,0.53372,0.781,-0.57758
0,1,0,0.773,-1,1,1,1,-0.67321,0.80893,-0.487,1.388,-1.286,0.762,-0.89375,1,0.73393,0.101,0.70982,1,0.78036,1,0.85268,1,-1,1,0.85357,1.013,-0.08571,0.95982,-0.36250,1,0.642,1,0.34732
1,1,0,1,0.004,1,-0.01209,1,-0.02960,1,-0.07014,0.97839,-0.06256,0.642,-0.06544,0.97261,-0.07917,0.531,-0.169,0.94184,-0.14327,0.99589,-0.167,0.94815,-0.16,0.89469,-0.20851,0.89067,-0.17909,0.85644,-0.18552,0.83777,-0.272,0.669,-0.20766
0,0,0,1,1,1,-1,0.0,0,0,0,-1,-1,0.0,0,0,0,-1,0.987,1,1,-1,1,-1.332,0.638,1,-1,1,0.841,-0.597,1,1,0.928,0,0
1,1,0,0.737,0.04347,0.94191,0.033,0.94705,0.05345,0.93582,0.01321,0.91911,0.068,0.912,0.12067,0.92048,0.06211,0.88899,0.143,0.83744,0.14439,0.80983,0.11849,0.586,0.14222,1.113,0.11299,0.73550,0.137,0.66387,0.15300,0.70925,0.10754,0.65258,0.11447
0,1,0,1,0.02461,1.385,0.04861,1.026,0.07143,0.61745,-1,0.91036,0.11147,0.88462,0.719,0.82077,0.14137,0.76929,0.15189,1,0.41003,0.65850,0.16371,0.60138,0.16516,0.54446,0.16390,0.48867,0.16019,0.377,0.15436,0.306,0.111,1.0,1.268
1,1,0,1,0.06538,1,0.20746,0.652,0.26281,0.93051,0.32213,0.86773,0.52,0.75474,0.50082,0.527,0.52321,0.65954,0.66,0.57619,0.389,0.316,0.67135,0.40553,0.68840,0.34384,0.72082,0.27712,0.72386,0.152,0.847,0.11372,0.72688,0.06990,0.71444
0,1,0.0,-1,-1,1,1,1.219,-0.143,0,0.0,-1,1,1,1,0.17917,-1,-1,-1,0.076,-1,1,-1,-0.528,1,-1,-1,1,-0.787,-1,-1,0.976,1,0,0
1,1,0,0.90932,0.08791,0.86528,0.16888,1,0.15,0.55187,0.68154,0.70207,0.49,0.198,0.42739,0.57620,0.465,0.412,0.49618,0.31639,0.12967,0.37824,0.54462,0.187,0.55826,0.321,0.74,0.18626,0.56605,0.12635,0.56101,0.06927,0.55061,0.12137,0.67739
0,0.635,0.0,-0.768,-0.798,1,0.82857,1,-1,1,-0.23393,1.109,0.96161,1,-0.202,1,-1,1,0.13839,1,-1,1.028,-0.03393,-0.84286,1,0.53750,0.85714,1,1,1,-1,0.501,-1,1,-1
1,1,0,0.99025,-0.048,1.268,-0.13009,0.98663,-0.19430,0.99374,-0.25843,0.92738,-0.30130,0.92651,-0.37965,0.521,-0.43796,0.84922,-0.52064,0.87433,-0.57075,0.421,-0.632,0.74725,-0.64615,0.584,-0.68479,0.65247,-0.73174,0.61010,-0.75353,0.54752,-0.80278,0.719,-1.094
0,0,0,0.0,0,0,0,0,0,1,1,1.26,1,0,0,0.0,0,-0.37500,-1.047,-1,-1,0,0,0.0,0.0,-1,-1.228,-1,-0.796,-1,1,1,0,0,0
1,1,0,1,-0.03730,1,-0.07383,1.081,-0.11039,0.695,-0.112,0.98941,-0.13814,0.96674,-0.21695,0.95288,-0.25099,1.222,-0.34400,1.162,-0.32152,0.89991,-0.34691,0.87874,-0.37643,0.86213,-0.42990,0.83172,-0.638,0.466,-0.42593,0.77919,-0.241,0.75115,-0.50152
0,1,0,0.769,-0.02685,-1,0.26131,-0.36393,0.35639,0.69258,-0.785,1,-0.03353,-0.29020,-0.00550,-0.54852,0.15452,1.117,-0.486,1,-0.657,-0.29735,-0.31454,-0.73864,0.37361,0.83872,-0.453,0.294,-0.58130,1,-0.61393,-0.061,0.20477,-0.06117,0.41913
1,1,0,0.98166,0.011,0.98103,-0.03818,0.97565,-0.05699,0.95947,-0.06971,0.99004,-0.053,1.219,-0.11102,0.93369,-0.152,0.94217,-0.11583,1.046,-0.19200,0.88274,-0.17387,0.684,-0.18739,0.88487,-0.19689,0.81813,-0.21136,0.78546,-0.23864,1.043,-0.266,0.74323,-0.23902
0,1,0.0,0,0.0,1,0.51724,0,0,0.10991,-1,0,0,0.0,0,-0.904,-0.259,-0.55711,-0.83297,0.76940,0.665,0,0,0.53448,0.287,-0.90302,0.44828,1,-1,-1,0.81573,0,0,0.0,0
1,1,0,0.84134,-0.203,0.43644,0.02919,0.93421,-0.00267,0.87947,0.13795,0.484,-0.014,0.88559,0.347,0.562,-0.476,0.75000,-0.29520,0.86676,-0.20104,1,1.46,0.284,-0.16290,0.90066,-0.02778,0.93358,-0.01158,0.61582,-0.32298,0.84463,-0.25706,0.93323,-0.01425
0,0,0,1,1,1,-1,0,0,0,0.0,0.871,1.136,1,0.509,-1,-1,1,-1,-0.861,1,0,0,1,-1.486,1,-1.1,1,1,-1,-1,0.0,0,0,0
1,1,0.0,0.804,1,1,0.874,0.91010,0.891,-0.26970,1,-0.83152,1,-1,1,-1,0.72526,-1,-0.57779,-1,-0.551,-1,-1,-0.52838,-1,0.46,-1,1,-0.821,1,-1,1.169,-0.34686,1,0.34845
0,1,0,-0.67935,-1,-1.363,1,1,0.63317,0.03515,-1,-1.223,-1,1,1,0.544,-1,-1,1,0.83840,1,1,-0.62,-1,-1.029,-0.122,1,1,-1,-0.561,-1.233,-1,1,1,0.33611
1,1,0,0.95659,0.08143,0.97487,-0.05667,0.97165,-0.08484,0.96097,-0.06561,1.251,0.01279,0.95436,-0.16795,0.94612,-0.19497,1.464,-0.32268,1.304,-0.345,0.91428,-0.27316,0.90140,-0.29807,0.832,-0.40747,0.87244,-0.34586,0.92059,-0.288,0.491,-0.292,0.82166,-0.41173
0,1.408,0,0.08333,-0.20685,-1,1,-1,1,0.71875,0.47173,-0.82143,-0.62723,-1,-1.142,-1.194,1.378,-0.02753,0.844,-0.321,-0.42113,-0.74628,-1,-1,-0.46801,-1,0.23810,1,-0.647,-1,-0.38914,-0.962,-1,-1,0.61458
1,1,0,1,-0.02259,0.572,-0.04494,1,-0.06682,1,-0.059,0.685,0.56173,1,-0.12738,1,-0.14522,1,0.32407,1.313,-0.091,0.99484,-0.178,0.95601,-0.20081,1,-0.92284,0.87280,-0.21793,1.09,-0.144,0.78479,-0.22765,0.73992,-0.22981
0,0,0,-1.17,1,1,-1,-1,1.328,0,0,1,1,-1,-0.263,1,1,-1,-1,1,-1,-1,-1,1,1.084,1,-0.617,1,1.116,1.123,1.113,0,0,-1,-1
1,1,0,1,0.05812,1.109,0.091,0.99952,0.13231,1,-0.01911,0.778,0.07033,0.95713,0.14644,0.94862,0.11224,0.90896,0.20119,0.96741,0.22,0.786,0.213,0.90784,0.16410,1.173,0.22431,0.88423,0.23571,0.88568,0.22511,0.78324,0.256,0.83574,0.31166
0,1,0,0.228,-1,-1.107,1,0,0,0,0,-1.228,1,0.0,0,-0.61354,-0.67708,0.80521,0.36146,0.365,0.14375,0,0,-1,-0.39,-1.271,0.96250,1,1,-1,0.67708,0.0,0,0,0
1,1,0.0,1,0.09771,0.617,0.12197,1,0.22574,0.98602,0.09237,0.94930,0.19211,0.92992,0.24288,1.082,0.28343,0.85529,0.26721,0.83656,0.33129,0.83393,0.353,0.962,0.39597,0.879,0.34658,0.962,0.42746,0.62764,0.396,0.56791,0.47033,0.54252,0.50903
0,1,0.0,0.023,-0.35625,0,0.0,0,0,0,0,0,0.0,0.0,0,0.12292,-0.55000,0.22813,0.82813,1,-0.42292,0,0,0.08333,-1.195,-0.10625,-0.16667,1.053,-0.76667,-1,0.18854,0.0,0,1,-0.27292
1,1,0.0,1,0.16801,0.807,0.16334,0.694,0.28,1.342,0.307,0.91408,0.37107,0.84250,0.46899,0.81011,0.49225,0.78473,0.48311,0.65091,0.56977,0.56553,0.58071,0.72,0.689,0.48311,0.55236,0.43317,0.69129,0.35684,0.76147,0.33921,0.66844,0.22101,0.78685
0,1,0.0,0.63816,1,0.20833,-1,1,1,0.87719,0.30921,-0.66886,1,-0.072,0.58772,0.014,0.05044,-0.51535,-1,0.14254,-0.03289,0.32675,-0.285,-1.216,1,0.81,-1,1,-0.06140,1,0.908,0.20614,-1,1.082,1
1,1,0,1,-0.41457,1,0.883,0.465,0.102,1,-0.072,0.93844,0.47990,0.65452,-0.178,0.547,0.00879,0.97613,-0.50126,0.80025,-0.24497,0.88065,-0.19095,1,-0.12312,0.93593,0.10678,1.308,-0.07249,1,-0.27387,0.43970,0.19849,0.298,-0.05402
0,1.342,0,0.84783,0.143,1,0.243,1,-1.448,0.66938,0.1,1,0.27038,1,0.60598,1,0.35507,1,0.02,0.58424,-0.43025,1,0.63496,0.89130,0.26585,0.91033,-0.33333,1,0.15942,0.37681,-0.01947,1,0.252,1.088,0.37409
1,1,0,1,0.28046,1,0.02477,1,0.07764,1,0.063,0.98762,0.33266,1,0.038,1,0.065,0.931,-0.24598,0.84371,-0.08668,1,0.04150,0.99933,0.27376,1,-0.39056,0.96414,-0.02174,0.88,0.23360,1.288,-0.265,0.485,-0.07329
0,0,0,1.331,-1.499,0.56,-1.047,1,-1,0.768,-1,1,1,1,1,1,-1,1,1,1,1,1,1.427,1,-1,1,-1.058,1,-0.53,1,0.65625,0,0,1,-1
1,1,0,1,0.67784,1.218,0.82021,0.43019,1,0.20619,0.80541,-0.43872,1,-0.989,0.77092,-1,0.40268,-0.39046,-0.397,-0.502,-0.23,-0.73083,-1.104,-0.37671,-0.97491,0.41366,-1,0.349,-0.93296,0.25773,-1,0.93570,-0.35222,0.98816,0.018
0,1,0.0,1,0.681,1,-1,1,-0.855,1,1,1,1,1,1,1,-1,1,1,1,0.827,1,1,1,0.669,1,1,1,0.5,0.0,0,1,-0.909,1.14,-1
1,1,0,1,0.03529,1,0.18281,1,0.26968,1.053,0.245,1.384,0.28778,1,0.308,1,0.31674,1,0.767,1,0.53846,1,0.61267,1,0.59457,0.89593,0.68326,1.166,0.71374,0.85611,0.67149,0.686,0.85611,0.53,0.75837
0,0,0,1,-1,1,0.883,-1,-1,1,-1,0.0,0,0,0,-1,1,1,-1,1.377,-1.292,-0.76,1,1,-0.557,0.877,-1,1,-1,-1,-0.785,0,0,1,-1
1,1,0,0.96087,0.046,0.96760,0.19279,1.293,0.166,0.98044,0.35052,0.774,0.249,0.86265,0.52517,0.524,0.58794,0.73242,0.69065,0.69003,0.73140,0.54473,0.68820,0.458,0.76197,0.209,0.74689,0.33401,0.83796,0.24944,0.86061,0.13756,0.86835,0.09048,0.86285
0,1,0.0,0.69444,0.484,0,0,-0.32937,0.69841,0,0,0,0,0,0,0.20635,-0.24206,0.217,0.19444,0.572,0.78175,0,0,0,0,0.95,0.201,0.504,0.63492,0,0,0.0,0,0,0
1,1,0,1,0.05070,1,0.10827,1,0.268,1,0.28453,1,0.34826,1,0.38261,1.113,0.339,0.89126,0.335,0.75906,0.801,0.654,0.326,0.79578,0.62758,0.66643,0.63942,0.59417,0.637,0.49538,0.72684,0.47027,0.71689,0.33381,0.75243
0,0,0,1,1,0,0,1,-1,0.952,-1,1,1,0.543,1,1,-1.27,1.226,1,1,1,1,-0.936,-1,-1,1,-1,1,-1,1,1.46,0.0,0.0,1,-1
1,1,0,1,0.021,1,0.166,0.977,0.16159,1,0.27921,0.98703,0.30889,0.92745,0.312,0.91118,0.39749,0.693,0.46059,0.78619,0.436,0.79400,0.56282,0.70331,0.437,0.67077,0.59723,0.58903,0.60990,0.53952,0.60932,0.45312,0.63636,0.578,0.62658
0,0,0,1,0.647,1,-1,1,1,1,1,1,1,0.92,1,1,1,1,-1,-0.658,1,-0.698,1,-1,0.602,0.931,-1,1.158,1,-1,1,-1,-1,-1.245,1
1,1.368,0,1,0.24168,1,0.48590,1,0.72973,1,1,0.605,0.936,1,1,1.115,0.77128,0.935,1,1.42,1,0.74468,1,0.89647,1,0.941,1,0.38255,1,0.10819,1,-0.17370,1.188,-0.81383,1
0,0,0,0.549,1,1,-0.823,1,1,-1,1.484,0.0,0,1,1,0,0,0,0.0,-1,1,-1,1,1,1,1,-1,1,1.065,1,1,1.075,-1,-1,0.765
1,1,0,1,-0.06604,1,0.62937,1,0.09557,1.043,0.20280,1,-0.771,1,-0.40559,1,-0.15851,1,0.047,1.415,-0.61538,0.645,-0.26573,0.736,-1,1,-0.58042,1,-0.81372,1.046,-1,1,-0.676,1,-0.48252
0,0,0,1,-1,1,1,1,0.851,1,0.524,0.948,1,1,-1,1,-1,0.516,1,1,-1,1,1,1,1.156,1,-1,1,1.1,1.481,-1.117,1,1,1,-1
1,1,0,0.92277,0.07804,0.92679,0.16251,0.89702,0.24618,0.84111,0.196,0.78801,0.374,0.70716,0.46983,0.70796,0.56476,0.60459,0.565,0.51247,0.345,0.39903,0.66975,0.34232,0.719,0.303,0.924,0.18765,0.73885,0.09694,0.71038,0.039,0.77072,-0.04023,0.69509
0,1,0,0.504,-0.248,0.57,0.21908,0.46643,0.32862,0.25795,0.58304,1.049,-0.15194,0.01060,0.44523,0.012,0.38869,0.109,0.41168,0.10567,0.36353,0.04325,0.30745,-0.001,0.24936,-0.02862,0.19405,-0.04314,0.14481,-0.04779,0.10349,-0.04585,0.07064,-0.029,0.04586
1,1,0,0.94,-0.02811,0.65680,-0.044,0.80621,0.02811,1.248,0.02515,0.63462,0.08728,0.71598,0.07840,0.73077,0.05178,0.78550,-0.27811,0.65976,-0.01479,0.78698,0.048,0.209,-0.18639,0.65385,0.039,0.805,-0.06637,0.53550,-0.21154,0.669,-0.14053,0.56361,0.02959
0,1,0,0.39179,-0.06343,0.906,0.04328,1,1,0.35821,0.15299,0.54478,0.13060,0.61567,-0.669,0.57836,0.67910,0.66791,-0.10448,0.585,-0.098,0.65574,0.14792,0.952,0.45522,0.47015,0.16418,0.49309,0.097,0.446,-0.02612,0.39118,0.13521,0.34411,0.115
1,1.245,0.0,0.67547,0.04528,0.76981,-0.072,0.77358,0.03774,0.66038,-0.04528,0.64528,0.01132,0.391,-0.13962,0.72075,-0.02264,0.835,0.08679,0.61887,-0.07925,0.75849,-0.23774,0.73962,-0.084,0.84906,-0.15094,0.73886,-0.05801,0.889,0.02264,0.86415,0.03774,0.73208,0.01
0,1,0.0,0.72727,-0.05000,0.89241,0.03462,1,0.384,0.66364,-0.074,0.48182,-0.16818,0.727,0.09559,0.409,1,0.50455,0.21818,0.66818,0.10000,1.318,-0.30000,1.087,-1,0.57273,0.32727,0.56982,0.14673,0.582,0.08182,0.48927,0.14643,1,1
1,1,0.0,0.57647,-0.01569,0.40392,0,0.38431,0.12,0.40000,-0.05882,0.56471,0.14118,0.46667,0.085,0.52549,-0.05490,0.58039,0.01569,0.50196,0.0,0.45882,0.06667,0.58039,0.099,0.462,0.00392,0.48601,0.10039,0.46275,0.08235,0.434,0.207,0.43137,0.17255
0,1,0,0.41932,0.12482,0.35000,0.12500,0.23182,0.27955,-0.03636,0.36,0.04517,0.373,-0.19091,0.33636,-0.13350,0.27322,0.02727,0.547,-0.34773,0.12727,-0.20028,0.05078,-0.211,0.531,-0.14003,-0.04802,-0.09971,-0.07,-1,-0.86,-0.02916,-0.084,-0.00526,-0.06314
1,0.586,0,0.911,-0.21996,0.548,0.36373,0.82403,0.279,0.85086,0.05901,0.90558,-0.04292,0.85193,0.144,0.77897,0.25322,0.69206,0.57940,0.71030,0.469,0.73176,0.27575,1,0.34871,0.56760,0.52039,0.69811,0.53235,0.80901,0.58584,0.259,0.70923,0.52361,0.665
0,1,0,1.143,-0.08580,-0.31745,-0.80553,-0.08961,-0.56435,0.643,0.04576,0.481,-0.004,-0.18494,0.63966,-0.289,-0.68065,1.078,-0.11344,0.589,-0.15729,-0.103,0.50810,-0.34128,0.80934,0.78932,-0.03718,0.70882,-0.25288,0.77884,-0.14109,-0.21354,-0.78170,-0.18494,-0.59867
1,1,0.0,0.70870,-0.24783,0.64348,0.04348,0.45217,0.38261,0.65217,0.18261,0.621,0.26957,0.57826,-0.23043,0.50435,0.37826,0.38696,-0.321,0.36087,-0.26087,0.26957,0.11739,0.698,-0.03845,0.31304,-0.148,0.635,-0.04264,0.425,-0.027,0.64348,-0.25217,0.50435,0.14783
0,1,0,-0.54180,0.14861,-0.33746,0.73375,0.52012,-0.13932,0.31889,-0.06811,0.14,-0.19,0.47368,0.08978,0.308,-0.15480,0.16409,0.45201,0.33746,0.03406,0.50464,0.062,-0.63777,-0.313,1,0.65635,0.27,-0.40116,-0.197,0.11146,0.012,0.55820,0.52632,-0.08978
1,1,0,0.227,0.13582,0.45331,0.199,0.51783,-0.00509,0.488,0.20883,0.52462,-0.16638,0.503,-0.04754,0.55518,0.03905,0.81664,-0.22411,0.42445,-0.04244,0.458,0.06621,0.28183,-0.20883,0.51731,-0.03176,0.628,-0.036,0.34635,0.09847,0.70798,-0.015,0.39559,-0.03226
0,1.234,0,0.963,0.176,0,0.0,0.56541,0.046,0.39468,1,0.38359,0.99557,-0.02439,0.53215,0.23725,0.141,-0.02661,0.95122,-0.613,0.84922,-0.10200,0.38803,-0.42572,0.23725,-0.91574,0.80710,-0.34146,0.88248,-1,0.69401,-0.936,0.12860,0,0
1,1,0,0.90116,0.16607,0.79299,0.37379,0.72990,0.381,0.457,0.455,0.44303,0.81152,0.24412,0.479,0.088,0.872,-0.12611,0.87396,-0.28739,0.79617,-0.46635,0.65924,-0.57135,0.667,-0.68159,0.39951,-0.71844,0.25835,-0.72369,0.11218,-0.71475,-0.05525,-0.67699,-0.266
1,1,0,0.97714,0.191,0.82683,0.46259,0.71771,0.703,0.47968,0.84278,0.31409,0.574,0.07,0.93945,-0.13254,0.84290,-0.32020,0.91624,-0.472,0.79525,-0.68274,0.49508,-0.77408,0.33537,-0.85376,0.184,-0.83314,-0.01358,-0.82366,-0.21,-0.51,-0.33662,-0.59943,-0.49700
0,1,0,-1,-1,0,0,0.50814,-0.78502,0.60586,0.21,-1.355,-0.41368,0,0,0,0,1.094,-0.26710,0.36482,-0.63518,0.97068,-1,-1,-1,1.122,-0.37,-1,-0.994,-0.907,-1,1,-1,0.0,0
1,1,0,0.74084,0.04974,0.79074,0.02543,0.78575,0.03793,0.66230,0.09948,0.67801,0.31152,0.689,0.07348,0.851,0.072,0.70681,-0.056,0.664,0.0,0.70021,0.074,0.68183,0.12185,0.67016,0.15445,0.64158,0.13608,0.65707,0.17539,0.59759,0.14697,0.596,0.15114
0,1,0,1,-1,0,0,0.77941,-0.99265,0.80882,0.55147,-0.41912,-0.94853,0.0,0,0.0,0,0.64,-0.77206,0.73529,-0.60294,0,0,0.244,-1,-1,-0.578,-1,-1,1.026,-0.657,0.529,-1,0,0
1,1,0,1,0.019,0.96215,-0.03142,1,-0.03436,1,-0.05071,0.99026,-0.07092,0.809,-0.09002,1,-0.107,1,-0.14257,1.091,-0.11813,0.757,-0.18519,0.819,-0.19272,0.906,-0.22083,0.96490,-0.20243,0.94599,-0.17123,0.565,-0.22561,0.87011,-0.23296
0,0,0,0,0,0,0,0,0,0,0,0.0,0,0,0.0,0,0,0.0,0.0,0,0.0,0,0.0,0,0,0,0,1,-1,0,0,0.0,0,0.0,0
1,1,0,0.95704,-0.12095,0.41,-0.151,0.96365,-0.135,0.97026,0.08460,0.92003,-0.01124,0.83543,-0.24719,1,-0.452,0.99273,-0.21216,0.98678,-0.21018,0.659,-0.27165,1.239,-0.39458,0.561,-0.19233,0.88793,-0.31565,0.884,-0.23728,0.89095,-0.31857,0.69531,-0.41573
0,1.451,0.0,0.28409,-0.31818,0,0,0.68182,-1,0.30682,0.95833,0.64394,0.036,0.34848,-0.647,0,0,0.308,-0.35985,0.45076,-0.958,0,0,0,0.0,0.24242,0.17803,1.271,-0.23864,0.06061,-0.48485,0.16288,-0.70076,0,0
1,1,0,0.94490,-0.49311,0.569,-0.03692,0.98898,-0.87052,0.90083,0.849,1,-0.10104,1,-0.12493,1,-0.16,0.761,-0.17681,0.858,-0.20491,1,-0.23452,1,-0.26571,1,-0.29852,1,-0.33304,0.816,-0.36931,1.417,-0.40740,1,-0.331
0,1,0.0,0.0,0,0,0.0,0,0,0,0,0.62195,1,0,0,0,0,0.36585,-0.92,0.56098,-1,0,0,0.0,0,0,0,0.647,0.10976,0.0,0.0,0,0,0,0
1,1,0,0.781,0.00526,0.84082,-0.11313,0.88237,-0.16431,0.617,-0.035,0.96484,-0.07496,0.85221,0.02966,0.87161,-0.20848,0.93881,-0.12977,0.98298,-0.075,0.89876,0.00075,1.01,-0.05882,0.93368,-0.19872,0.579,-0.17806,0.803,-0.16581,0.80253,-0.378,0.76586,-0.27794
0,1,0,0.10135,0.10811,0,0,0,0.0,0.54730,0.82432,0.174,1,0.0,0,0,0,0.37162,-1,0.281,-1,0.0,0.0,0,0.0,-0.42568,-1,1,-1,0.55405,-0.23649,0,0.0,0,0
1,1,0,1,-0.428,0.5,-0.696,0.89518,-0.575,0.922,-0.35818,1,-0.23229,0.767,-0.86402,1,-0.357,1,-0.79603,0.76771,-0.88952,0.96601,-1,0.70120,-0.74896,0.61946,-0.76904,0.53777,-0.77986,0.81020,-1,1.147,-1,0.30445,-0.76112
0,1,0,0.65909,-0.62879,0.0,0.0,0,0.0,0.77273,1,1,-0.28030,0.0,0,0,0,0.62121,-0.22727,0.84091,-1,1,-1,0.0,0.0,0,0.0,1,-0.93939,-0.12879,-0.546,0,0,0,0
1,1,0,0.86284,0.19310,0.80920,0.548,0.392,0.486,0.312,0.69962,0.36705,0.81533,0.19617,0.85671,-0.04061,0.86284,-0.17241,0.75785,-0.34100,0.65747,-0.48199,0.598,-0.60230,0.326,-0.395,0.25747,-0.63038,0.059,-0.57241,-0.07816,-0.54866,-0.19923,-0.42912,-0.31954
0,1,0.0,0.42000,-0.61000,0,0,1,-1,0.90000,1,0.43000,0.466,0.0,0,0,0,0.67000,-0.28,0.656,-1,0,0,0,0.0,0.21000,0.68000,1,0.22000,0,0,0,0,0.0,0.0
1,1,0,1,0.23395,0.91404,0.52013,0.78020,0.72144,0.47660,0.642,0.272,0.91730,0.09467,0.894,-0.21980,0.91404,-0.34168,0.75517,-0.51360,0.64527,-0.64527,0.44614,-0.74102,0.167,-0.70838,0.043,-0.71731,-0.11943,-0.836,-0.329,-0.51251,-0.618,-0.37432,-0.53319
0,1,0,0.91353,0.803,-0.72973,1,-0.39466,0.55735,0.05405,0.29730,-0.22,-0.10241,-0.03158,-0.058,0.01401,-0.03403,0.01108,-0.003,0.00342,0.001,0.00048,0.00075,-0.00003,0.00019,-0.00003,0.00002,-0.0,0,0,0,0.0,0,0.0,0
1,0.928,0,0.21429,-0.09524,0.33333,0.046,0.19048,0.19048,0.23810,0.09524,0.40476,0.02381,0.30952,-0.04762,0.30952,-0.04762,0.28571,-0.11905,0.302,0.04762,0.30952,0.0,0.285,-0.164,0.35714,-0.04762,0.22109,-0.019,0.19048,0,0.101,-0.02034,0.14694,-0.01877
0,1,0,1,-0.14754,1,0.072,0.57377,-0.01639,0.65574,0.01639,0.85246,-0.03279,0.771,0,0.68852,-0.236,0.19672,-0.14754,0.65558,-0.17176,0.67213,0.03279,1,-0.29508,0.306,-0.262,0.52385,-0.20325,0.32787,-0.034,0.27869,-0.358,0.553,-0.06557
1,1,0,0.98182,0.0,0.88627,0.04,0.86249,0.04572,0.80000,0,0.69091,0.04545,0.79343,0.089,0.77118,0.09579,0.62727,0.203,0.68182,0.12727,0.70674,0.12608,0.68604,0.13493,0.74545,0.316,0.646,0.15088,0.902,0.02727,0.60715,0.16465,0.58840,0.129
0,1,0,0.39286,0.569,-0.78824,0.075,-0.131,-0.76378,0.66667,0.01190,0.82143,0.40476,-0.67230,0.30729,-0.34797,-0.63668,0.46429,0.15476,0.357,0.05952,-0.51830,0.44961,-0.315,-0.47594,0.32143,0.70238,0.51971,0.466,0.57143,0.523,-0.54891,-0.29915,0.157,-0.55837
1,1,0,0.86889,-0.07111,1,-0.02,1,-0.075,0.87778,0.00222,0.83556,-0.06444,0.976,-0.07287,1,-0.20000,0.458,0.05333,0.88000,-0.05,1,-0.11526,1,-0.18667,0.84444,0.035,0.872,-0.14162,0.82222,-0.14667,1,-0.19,1,-0.44222
0,1,0.0,0.352,-0.155,0.58182,-0.14545,0.18182,-0.403,0.34545,-0.03636,0.381,-0.05455,0.29091,0.29091,0.36364,-0.41818,0.267,-0.01818,0.36364,0.05455,0.128,0.634,0.61818,0.16364,0.32727,0.16364,0.41098,-0.07027,0.34545,-0.05455,0.12727,-0.36364,0.29091,-0.29091
1,1.423,0,1,-1.105,1,0.75472,0.49057,-0.05660,0.62264,0,1,-0.00054,0.361,0.038,0.62264,-0.05660,0.98878,-0.001,0.52830,0,0.52830,0.07547,0.95190,-0.00112,1,0.814,0.92192,-0.00128,0.94340,-1,1.109,0.43396,0.233,-0.11321
0,1,0,0.73810,0.83333,-0.76190,-0.23810,0.33333,-0.209,0.262,-0.14286,-0.67285,0.135,0.33333,0,0.28571,-0.07143,-0.204,0.673,0.204,0.03,0.45238,0.04762,0.16667,-0.26190,-0.57255,-0.10234,0.24889,-0.51079,0.828,0,-0.66667,-0.04762,0.26190,0.02381
1,1,0,0.43750,0.04167,0.58333,-0.10417,0.39583,0.0,0.176,-0.06250,0.47917,0.0,0.29167,0.10417,0.54167,0.02083,0.551,-0.22917,0.35417,-0.22917,0.406,0.08333,0.25000,0.18750,0.39583,-0.252,0.541,-0.10064,0.41667,-0.08333,0.58333,-0.31250,0.455,-0.06250
0,1,0.0,0.696,1,0,0,0,0,0,0,0.47744,-0.447,-0.51504,0.513,-0.95489,0.422,0.64662,1.282,0,0.0,0,0.0,0.62030,0.20301,-1,-1,1,-1,1,1,0,0,0,0
1,1,0,0.95217,0.082,1.137,0.13030,0.90996,0.19152,0.84881,-0.485,1.173,0.498,0.77937,0.34328,0.46,0.37988,0.66145,0.40844,0.95472,0.59862,0.53258,0.44088,0.263,0.44511,0.425,0.44199,0.34374,0.43221,0.90330,1,0.23405,0.39620,0.18632,0.37191
0,1,0,0.59840,0.40332,1.087,0.80521,0.973,0.70709,0.666,-0.10984,1.319,0.07981,0.95824,-0.989,0.91962,0.88444,0.95452,-0.05206,0.88673,0.18135,0.98484,-0.69594,0.86670,-0.85755,0.28604,-0.30063,1,0.17076,0.81,0.509,0.87757,0.947,0.81979,0.68822
1,1,0.0,0.95882,0.10129,1,-0.01918,0.98313,0.02555,0.96974,-0.09316,0.98955,-0.034,0.97980,-0.03096,0.804,-0.062,1,-0.048,0.93840,0.009,0.97620,-0.09284,0.849,-0.05318,0.91567,-0.15675,0.95677,-0.06995,0.958,0.01307,1,-0.10797,0.93144,-0.06888
0,1,0,0.0,0,-0.33672,0.523,0,0,0.68869,-1,0.97078,0.31385,-0.26048,-0.59212,-0.30241,0.65565,0.94155,0.16391,0,0,0.0,0.0,-0.18043,-1.106,0.0,0,1,-1,0,0.0,0.04447,0.512,0,0
1,1,0,1.102,0.00876,1,0.00843,0.98658,-0.00763,0.97868,-0.02844,0.99820,-0.039,1,-0.01,1,-0.02581,1,-0.006,1.463,0.00025,0.861,-0.02612,1,-0.04744,0.96019,-0.04527,0.83,-0.03473,0.97020,-0.02478,0.871,-0.03855,0.98420,-0.04112
0,1,0.0,0,0,0.98919,-0.22703,0.152,-0.05405,0.0,0.0,0.93243,0.096,1,-0.20000,1,0.07027,1,-0.11351,0.0,0,1,-0.21081,0.821,-0.41622,0,0.0,1,-0.17568,0,0,1,-0.25946,0.28919,-0.15676
1,1,0,0.66,0.017,0.34146,-0.02439,0.52751,0.03466,0.19512,0.079,0.43313,0.027,0.21951,0.04878,0.29268,0.0,0.36585,0,0.31707,0.07317,0.26829,0.12195,0.23698,0.05813,0.21951,0.09756,0.19304,0.077,0.213,0.05504,0.19512,0.0,0.17073,0.07317
0,1,0,1,1,1,-1,0.0,0.0,0,0.0,1,1,0.96,-0.585,1,1,1,-1,0,0,0,0,1,-0.27778,0,0,1.469,-0.748,1,1,1,-1,0.0,0
1,1,0.0,0.34694,0.20408,0.46939,0.349,0.40816,0.20408,0.358,0.536,0.30612,0.59184,0.12245,0.55102,0,0.51020,-0.04,0.776,-0.20408,0.629,-0.28571,0.44898,-0.28571,0.32653,-0.589,0.22449,-0.46579,0.14895,-0.59184,0.18367,-0.34694,0,-0.26531,-0.24490
0,1,0,0,0,1,-1,0,0,0,0,1,1,1,-0.25342,1,0.218,1,-1,0,0.0,0.0,0.0,1,0.668,0,0,1.314,-1,0,0,1,-1,0.0,0.0
1,1,0,0.89706,0.38235,0.989,0.421,0.74265,0.67647,0.534,0.77941,0.19118,0.88971,-0.02206,0.86029,-0.127,0.82353,-0.37500,0.755,-0.5,0.47794,-0.73529,0.508,-0.86029,0.08824,-0.74265,-0.12500,-0.952,-0.24131,-0.55147,-0.42647,-0.491,-0.50735,-0.28676,-0.56618
0,1,0,-1,0.28105,0.22222,0.15033,-0.75693,-0.961,-0.30719,0.71242,-1,1,-0.81699,0.33987,-0.79085,-0.02614,-1.468,-0.83007,-0.60131,-0.636,-0.04,-0.83007,1.161,-1.205,-1,-0.43137,0.586,0.09176,-0.821,0.05229,0.18301,0.02614,-0.40201,-0.48241
1,1,0,0.26667,-0.10000,0.53333,0,0.409,-0.13333,0.36667,0.11667,0.56667,0.009,0.71667,0.08333,0.492,-0.06667,0.591,0.265,0.41667,-0.01667,0.367,0.20000,0.70000,0,0.375,0.13333,0.46214,0.078,0.40000,0.03333,0.46667,0.03333,0.41667,-0.05000
0,1,0,-0.26667,0.40000,-0.27303,0.075,-0.17778,-0.04444,0.06192,-0.06879,0.04461,0.02575,-0.00885,0.02726,-0.01586,-0.00166,-0.00093,-0.00883,0.00470,-0.00153,0.00138,0.00238,-0.001,0.00102,-0.001,-0.001,0.00019,-0.00043,0.0,0.00005,0.0,0.0,-0.00008,0.0
1,1,0.0,0.826,-0.37838,0.64865,0.29730,0.64865,-0.24324,0.86486,0.18919,1,-0.2,0.428,0,0.62162,-0.05405,0.32432,-0.21622,0.71833,-0.211,0.763,0.041,0.75676,0.13514,0.35135,-0.29730,0.61031,-0.22163,0.615,-0.23027,0.72973,-0.59459,0.51351,-0.24324
0,1,0,0.94531,-0.03516,-1,-0.33203,-1,-0.021,0.97266,0.01,0.93359,-0.01953,-1.462,0.16406,-1,-0.003,0.95313,-0.03516,0.92188,-0.02734,-1.285,0.11719,-0.93359,0.37,0.95703,-0.00391,0.82041,0.101,0.90234,-0.06641,-1.421,-0.18750,-1,-0.34375
1,1,0,0.95202,0.02254,0.93757,-0.01272,0.93526,0.01214,0.628,-0.01734,1.219,0.00520,0.95665,-0.03064,0.953,-0.003,0.99480,-0.02659,0.99769,0.01792,0.93584,-0.04971,0.93815,-0.026,1.18,-0.04451,0.96215,-0.01647,0.97399,0.017,0.95434,-0.03410,1.168,0.00809
0,1,0,1,-0.05529,1,-1,0.5,-0.11111,0.36111,-0.22222,1,-0.25712,0.16667,-0.11111,1,-0.34660,0.534,-0.38853,1.108,-0.603,0.0,-0.137,0.551,-0.50333,1,-0.27778,1.16,-0.57092,1,-0.27778,1,-0.366,1,-0.65935
1,1,0,0.31034,-0.10345,0.24138,-0.113,0.20690,-0.06897,0.07405,-0.05431,0.053,-0.023,0.01707,-0.032,0.00741,-0.01482,0.004,-0.00893,0.001,-0.00523,-0.00003,-0.00299,-0.0,-0.00166,-0.00031,-0.00090,-0.00025,-0.00048,-0.00018,-0.00024,-0.0,-0.00012,-0.00008,-0.00006
0,1.204,0,0.62745,-0.07843,0.72549,0.0,0.60784,-0.047,0.62745,-0.11765,0.68627,-0.11765,0.66667,-0.13725,0.961,-0.09804,0.747,-0.11765,0.377,-0.21569,0.597,-0.19608,0.66667,-0.23529,0.438,-0.25490,0.52409,-0.24668,0.56863,-0.31373,0.43137,-0.21569,0.47059,-0.27451
1,1,0,0.192,0.16667,0.46667,0.26667,0.19036,0.23966,0.07766,0.19939,0.01070,0.14922,-0.02367,0.10188,-0.03685,0.06317,-0.03766,0.03458,-0.03230,0.01532,-0.037,0.00357,-0.01726,-0.00273,-0.016,-0.003,-0.00621,-0.008,-0.00294,-0.006,-0.00089,-0.002,0.00025,-0.003
0,1,0,-0.65625,0.226,0.06250,0,0,0.06250,0.62500,0.094,0.234,0,-0.03125,0.09375,0.06250,0,0.084,-0.15625,0.43750,-0.37500,0,-0.063,0.0,0,0.03125,-0.46875,0.03125,0.0,-0.377,0.03125,-0.03125,0,0,0.09375
1,1,0,0.827,-0.01081,1,-0.023,1,-0.06486,0.95135,-0.012,0.674,-0.03243,0.9,0.08649,1,-0.06486,0.95135,0.09189,0.97838,-0.00541,1,0.06486,1,0.04324,1.331,0.09189,0.98556,0.014,1,-0.03243,0.669,0.02703,1,-0.07027
0,1,0.0,0.85271,0.05426,1,0.08069,1,1,1.192,-0.00775,0.83721,0.03876,1,0.27153,1,0.797,0.81395,0.045,0.90698,0.11628,1,0.50670,1,-1,0.849,0.03876,1,0.66,0.84496,0.06977,0.741,0.87317,1,1.167
1,1,0,0.90374,-0.013,1,0.08,1,0.01604,0.93048,0.00535,1.288,-0.021,1,0,1,0.06417,1,0.049,0.91444,0.04278,0.96791,0.02139,0.867,-0.01604,0.96257,0.05348,0.856,0.04452,0.87701,0.006,1,0.09091,0.97861,0.06417
0,1,0,-0.20500,0.28750,0.139,0.095,0.28250,0.31750,0.32250,0.35000,0.36285,-0.34617,0.09250,0.27500,-0.079,0.133,-0.08750,0.316,-0.34187,0.31408,-0.48000,-0.043,0.29908,0.33176,-0.58000,-0.123,0.32190,-0.28475,-0.47000,0.1,-0.27104,-0.31228,0.40445,0.03050
1,1,0,0.44,0.03333,0.63333,0.06667,0.863,0.06667,0.70000,0,0.788,0,0.80000,0,0.774,0.0,0.70000,0.10000,0.66667,0.10000,0.73333,-0.03333,0.76667,0,0.63333,0.13333,0.65932,0.10168,0.60000,0.176,0.62,0.216,0.63333,0.16667
0,1,0,0.069,-0.00838,0.092,0.00838,0,-0.007,0.00559,-0.03911,0.01676,-0.07542,-0.008,0.05307,0.06425,-0.03352,0,0.087,-0.052,0.07542,-0.04749,0.02514,0.02793,-0.00559,0.00838,0.00559,0.10335,-0.005,0.03073,-0.002,0.04469,0,0.04749,-0.03352
1,1,0,1.16,0.203,0.72554,0.67248,0.47564,0.82455,0.01267,0.89109,-0.24871,0.84475,-0.47644,0.56079,-0.68,0.41743,-0.66455,0.039,-0.612,-0.248,-0.52475,-0.44000,-0.30851,-0.804,-0.04119,-0.617,0.16085,-0.56420,0.36752,-0.41901,0.46059,-0.22535,0.50376,-0.05980
0,1,0,0.05460,0.01437,-0.036,0.038,0.012,0.04598,-0.07759,0.008,0.01724,-0.06609,-0.03736,0.04310,-0.08333,-0.04598,-0.09483,0.061,-0.04023,0.05172,0.02011,0.02299,-0.03736,-0.01149,0.017,-0.00862,0.00862,0.01724,0.02586,0.01149,0.024,0.01149,-0.04598,-0.008
1,1,0,0.72414,-0.01084,0.79704,0.008,0.80000,0.001,0.79015,0.01084,0.78424,-0.00985,0.766,0.03251,0.85123,0.011,0.80099,-0.00788,0.79113,-0.02956,0.707,0.03350,0.492,0.05517,0.72611,-0.01478,0.78041,0.008,0.74089,-0.05025,0.96,0.02956,0.79015,0.00788
0,1,0,0.03852,0.02568,0.005,0,0.01997,-0.019,0.02140,-0.04993,-0.069,-0.01284,0.01427,-0.02282,0.0,-0.03281,-0.04708,-0.02853,-0.01712,0.03566,0.02140,0.006,0.061,-0.02282,0.05136,0.027,0.03994,0.01569,0.01997,0.00713,-0.02568,-0.01854,-0.009,0.01997
1,1,0.0,0.501,0.22751,0.42328,0.33598,0.25661,0.47619,0.01852,0.49471,-0.02116,0.668,-0.34127,0.31217,-0.41270,0.32540,-0.51587,0.102,-0.5,-0.11640,-0.14815,-0.156,-0.081,-0.38095,-0.192,0.00265,0.03574,-0.243,0.15873,-0.21693,0.24868,-0.24339,0.26720,0.04233
0,1,0,0.08696,0.007,0.12,-0.03,0.10526,-0.08238,0.12586,-0.06178,0.23341,-0.01144,0.12357,0.07780,0.14645,-0.13,0.29062,-0.04805,0.18993,0.07323,0.11670,0.0,0.11213,-0.00229,0.15103,-0.066,0.08467,0.014,0.11213,-0.06636,0.09611,-0.07323,0.09,-0.06865
1,1,0,0.94333,0.38574,0.558,0.64534,0.21572,0.77514,-0.55941,0.64899,-0.73675,0.42048,-0.76051,0.0,-0.62706,-0.31079,-0.38391,-0.921,-0.12797,-0.69287,0.49909,-0.63620,0.369,-0.421,0.73857,-0.05484,0.661,0.30384,0.432,0.60512,0.02742,0.54479,-0.21572,0.264
0,1,0,0.01975,0.007,0.04090,-0.00846,0.02116,0.01128,0.006,0.04372,0.00282,0.001,0.011,-0.03103,-0.01975,0.06065,-0.04090,0.033,-0.02398,-0.00423,0.04372,-0.02539,0.01834,0,0,-0.01269,0.016,-0.016,0.00564,-0.01551,-0.01693,-0.02398,0.00705,0.0
1,1,0,0.85736,0.00075,0.903,-0.05676,0.77521,-0.04182,0.619,0.09037,0.86258,0.11949,0.923,-0.06124,0.78342,0.026,0.83719,-0.06796,0.83570,-0.14190,0.88125,0.01,0.90515,0.032,0.79686,-0.01942,0.82383,-0.03678,0.88125,-0.044,0.73936,-0.011,0.79089,-0.09186
0,1,0,1,-1,0.853,0.694,-1,1.452,1,-1,1,-1,-1,-1,-1,1,1,1,1,1,-1.32,1,0.604,-1,1,-1.133,1,1,1.256,1,-1,1,-1.4,1
1,1,0,0.721,0.39252,0.317,0.76432,0.101,0.98903,-0.42625,0.88744,-0.76229,0.49980,-0.93092,0.148,-0.85900,-0.31044,-0.66030,-0.693,-0.19260,-0.86063,0.28444,-0.80496,0.64649,-0.35230,0.77814,-0.23324,0.71698,0.21343,0.251,0.526,0.19667,0.66315,-0.104,0.64933
0,1,0,1,1.331,1.327,0.51250,0.62500,-1,1,1,0.02500,0.018,0.68,1,0.0,0,0.569,-1,1,1,1,1,0.339,1.245,1,1,1,1,1,1,-0.94375,1,0,0
1,1,0,1,0.605,0.62745,1,0.01961,0.528,-0.49020,0.663,-0.82353,0.81,-1,0.11765,-0.96078,-0.33333,-0.64706,-0.68627,-0.263,-0.86275,0.439,-1,0.74510,-0.956,0.92157,-0.21569,0.92874,0.21876,0.72549,0.56863,0.23529,0.801,-0.11765,0.90196
0,1,0,0,0,-1,-1,-1,1,0.0,0,-1,0.925,1,0.69,1.033,-0.963,0,0.0,0,0,-1,-1,-1,1,1,0.43750,1,-1,0.0,0,-1,-0.879,-1,1
1,1,0,0.649,0.44444,0.553,1.227,-0.22222,1,-0.33333,0.88889,-1,0.271,-1,-0.11111,-1,-0.22222,-0.66667,-0.77778,0.55556,-1,-0.22222,-0.76,0.881,-0.22222,0.33333,0.0,0.92120,0.45019,0.57454,0.84353,0.22222,1,-0.478,1
0,0,0,0,0.0,0,0.0,0,0,0,0,0,0.0,0,0,0.0,0,0,0,0.0,0,0,0,0,0,0,0,1,0,0,0.0,0,0,0.0,0.0
1,1,0,1,0,1,0,0.5,0.739,0.75000,0,0.91201,0.12094,0.89067,0.14210,0.86922,0.16228,0.943,0.25000,1.083,0.5,0.4,0.0,1,-0.25000,0.5,0.268,0.558,0.26388,0.75000,0.199,0.69635,0.29074,0.67493,0.30293
0,0,0.0,-1,1,1,1.272,0,0,1.311,-1,1,-1,1,-1,-1,-1,0,0,-1,-1,0.0,0,0,0,-1,-1.242,1.214,-1,1,1,-0.753,-1,0.0,0
1,1,0,0.654,0,1,0.0,0.66667,0.11111,1,-0.075,0.88889,-0.11111,1.252,-0.113,1.011,0,0.77778,0,1,-0.11111,0.77778,-0.11111,0.66667,-0.056,0.66667,0,0.90347,-0.05352,1,0.096,0.88889,-0.11111,1,0
0,0.0,0,0,0.0,0,0,0,0,0.0,0,0.0,0,-1,-1,0,0,1,0.75000,0,0,0,0,-1,0.928,0,0,1,-1.187,-1,-1,1.309,1,0,0.0
1,1,0.0,1.216,0.45455,1,-0.45455,1,0.09091,1,-0.09091,1,0.0,1.201,-0.27273,1,-0.18182,1.234,0.09091,0.665,0,1,-0.36364,1,0.116,1,-0.09091,1.043,-0.04914,1,0.45455,1,-0.27273,1,-0.18182
0,1,0.0,0.62121,-0.63636,0,0,0,0,0.469,0.28788,0.322,0.39394,-0.094,0.51894,0.36364,0.31439,-0.53788,0.32955,0.12121,-0.092,0.01894,-0.53409,-0.315,0.17803,0.39,-0.27273,0.25758,-0.57576,0.43182,0.185,0.18182,-0.02273,0.17045,-0.41667
1,1,0,1,0.11765,1,0.23529,0.62,0.41176,1,0.053,1,0.23529,1.197,0.11765,1,0.47059,1.002,-0.045,1,-0.11765,1.029,0.35294,1,0.447,1,-0.11765,1,0.20225,1,0.05882,1,0.241,1,0.23529
0,1,0.0,0,0,-1,-0.62766,1,0.507,0.072,-0.23404,-1,-0.36170,0.173,-0.59043,1.094,-0.637,0.0,0,0.82979,-0.07979,-0.25000,1,0.17021,-0.70745,0,0,-0.19149,-0.46809,-0.22340,-0.48936,0.74468,1.015,-0.67553,0.45745
1,1,0,0.91667,0.29167,0.757,-0.16667,0.74,0.25000,0.87500,-0.08333,0.91667,0.04167,0.83333,0.12500,0.70833,0,0.87500,0.033,1,0.086,0.66667,-0.055,0.75000,0.16667,0.83333,-0.12500,0.83796,0.039,1.139,0.178,0.70833,0,0.70833,0.04167
0,0.889,0,0.18590,-0.16667,0,0,0,0,0,0,0,0,0.11538,-0.19071,0.0,0.0,0,0,0,0.0,0.0,0,-0.05128,-0.06571,0.07853,0.08974,0.23,-0.10897,0.072,0.132,0.02564,-0.04808,0.16827,0.19551
1,1,0,1,-0.067,1,-0.092,0.752,-0.29802,1,-0.33075,0.96662,-0.34281,0.85788,-0.47265,1.02,-0.48170,0.73084,-0.65224,0.68131,-0.63544,0.82450,-0.78316,0.58829,-0.508,0.67033,-0.882,0.48757,-0.502,0.37941,-0.83893,0.24117,-0.984,0.29221,-0.89621
0,1.32,0,0.661,1,-1,0.696,-1,-0.82456,0.34649,0.21053,0.46053,0.07018,0.22807,0.05702,0.35088,0.34649,0.705,-0.03947,0.22807,0.53070,0,0,-0.29825,-0.16228,1,-0.66667,0.599,-1,1,-0.244,0.461,0.149,0.82895,0.07895
1,0.659,0.0,1,0.24077,0.99815,0.00369,0.80244,-0.434,0.89919,-0.23486,0.70643,-0.178,0.73855,-0.30539,0.71492,-0.36078,0.47194,-0.61189,0.40473,-0.55059,0.61041,-0.39328,0.298,-0.32681,0.285,-0.694,0.29208,-0.48390,0.12777,-0.39143,0.15657,-0.332,0.18353,-0.46603
0,0,0,-0.931,0.579,0.559,-1,0,0.0,0,0,1,-1,1,0.763,0,0,1.271,-1,0,0,0.0,0,1,1.187,-1,1,1,-1,-1,1,-1,-1,0,0
1,1,0,0.791,-0.19448,0.712,-0.17674,0.71,-0.22602,0.81702,-0.27070,0.79271,-0.28909,0.70302,-0.49639,0.361,-0.49967,0.37254,-0.70729,0.27070,-0.72109,0.308,-0.54172,0.33509,-0.59691,0.209,-0.63601,0.118,-0.59589,-0.07162,-0.54928,-0.01840,-0.54074,-0.07457,-0.51
0,0.967,0,-1,-1,-0.50694,1,1,-1.279,1,0.425,0,0,0.23958,-1,1,1,0,0,0.877,1,0.96,1,0,0,-0.71528,1,0.329,-1,1,-1,0.403,-1,0.47569,0.647
1,1,0,1.235,0.43460,0.5,0.76160,0.078,0.93460,-0.37764,0.88186,-0.72363,0.61181,-0.93882,0.19409,-0.86709,-0.25527,-0.62869,-0.65612,-0.25105,-0.85654,0.16245,-0.86498,0.321,-0.66878,0.74895,-0.28903,0.896,0.052,0.64135,0.365,0.176,0.62447,-0.00422,0.585
0,1,0,0.561,1,0,0,1,-0.69,-1.496,-0.848,1,1.306,1,-1,0,0,1.199,-1,1,1,0,0,1,-1,-1,-1,0.624,1,-1,1,-1.211,1,0,0
1,1,0,1,0.63548,1,1,0.77123,0.62,-0.33333,1,-1,1,0.0,1,-0.949,1,-1,0,-1,-0.66667,-1.147,-0.92536,-1,-0.249,-0.33333,-0.504,0.177,-0.59,1,-1,0,-1,1,-0.66667
0,0,0.0,-1,1,-1,-1,0,0,-1,1,1.241,-1,-1,-1,-1,1,0,0.0,-1,-1,-0.701,1,0,0.0,0.989,-1,1,1.282,1,-1,1,1,0,0.0
1,1,0.0,1,0.06843,0.794,0.14211,1,0.22108,1,-0.072,1,0.39495,1,0.48981,0.674,0.58986,-0.219,1,1,0.0,1.332,0.92001,1,1,1,1,1,1,1,0.25000,1.066,1,1,1
0,0,0,-1,-0.781,0,0.0,0.0,0,0,0,0,0,0,0,0.749,-1,0,0,-0.621,-1,0,0,0.534,1,1,-0.574,1,-1,0,0.0,0,0,0,0
1,1,0,0.64947,-0.078,0.58264,-0.14380,-0.13129,-0.21384,0.29796,0.04403,0.38096,-0.26339,0.28931,-0.324,0.03459,-0.228,0.20269,-0.29441,0.15196,-0.403,0.055,-0.31525,0.06556,-0.26795,0.023,-0.293,-0.001,-0.23210,-0.02612,-0.21129,-0.04717,-0.18950,0.01336,-0.27201
0,1,0,0,0,0,0,0.0,0,0,0,1,-0.33333,0.133,0.167,0,0,0,0,0,0,-0.19792,-0.21875,-0.164,1.07,-1,0.5,0.04167,0.75000,-0.269,-0.573,-0.12500,-0.367,-0.19792,-0.93750
1,1,0.0,1,0.069,0.99363,0.10123,0.949,0.14756,0.95513,-0.26496,0.912,0.54701,0.80426,0.25283,0.73781,0.27380,0.398,0.26,0.59615,0.29304,0.52494,0.29200,0.383,0.28476,0.39023,0.27226,0.21,0.25553,0.27381,0.23568,0.22427,0.21378,0.18086,0.19083
0,1,0,1.032,-0.09524,-1,-1,-0.808,-1,1,0.31746,0.81349,0.76190,-1,-1,-1,1,0.696,1,1,0.983,0.68839,-1.441,-1,-1.07,0.82937,0.36508,1,1,0.76,0.50794,-1,-0.32540,-1.124,0.72831
1,1,0,0.93669,-0.00190,0.60761,0.43204,0.92314,-0.40129,0.93123,0.16828,0.96197,0.072,0.864,0.08172,0.91586,0.038,1.135,-0.25324,0.87379,-0.14482,0.84871,0.261,0.75081,-0.03641,1.175,-0.033,0.918,-0.02302,0.98544,0.09385,0.78317,-0.10194,0.85841,-0.14725
0,0.787,0,0.617,-0.661,1,1.331,1,1,1,-0.5,1,1,1,1,1,1,0,0,1,1,1,1,1,-1,1.199,1,1.086,0.62500,1,-0.489,-0.497,1,1,1
1,1,0.0,1.324,0.23058,0.976,-0.78509,1,-0.10401,1,0.15414,1,0.27820,1.196,-0.075,1,0.06610,0.95802,-0.18954,0.83584,-0.15633,0.97400,0.03728,0.99624,0.09242,0.872,-0.01253,0.508,-0.04597,0.91165,0.03885,0.995,-0.13722,0.96523,-0.11717
0,1,0,0.372,-0.806,-1,-1,-0.07661,1,1,1.227,0.74597,-0.38710,-1,-0.475,-0.127,1,0.48684,0.46502,0.423,-0.27461,-0.14343,-0.245,-0.11976,0.06895,0.03021,0.06639,0.03443,-0.01186,-0.00403,-0.01672,-0.00761,0.001,0.00015,0.00325
1,1,0.0,0.821,0.38265,0.80804,-0.16964,1.423,-0.07653,1.173,-0.047,0.377,0.104,0.99745,0.02105,0.98214,0.02487,1,-0.13074,0.95663,0.07717,1,0.00191,0.90306,0.30804,1,-0.14541,1,-0.00394,0.75638,0.07908,1,-0.18750,1.109,-0.05740
0,0,0,0.0,0.0,0,0,0,0,0,0,0.0,0,1,1,1.056,1.315,1,-1,0,0,1,1,1,-1,1,1,1.463,0.0,0.828,1,1,-1,0,0
1,1.219,0.0,1,-0.388,1,-0.25346,0.94623,-0.35094,1,-0.30566,0.92736,-0.49057,0.479,-0.44119,0.75723,-0.58899,0.555,-0.58019,0.59623,-0.57579,0.68459,-0.70975,0.54465,-0.87327,0.49214,-0.73333,0.35504,-0.958,0.26352,-0.78239,0.16604,-0.73145,0.147,-0.94
0,1,0.0,0,0.0,0,0,0.0,0,-0.487,-1.282,0.0,0,1,-1,0,0,-1,-1,-0.502,-1,1,-1,-0.60000,-1,1,1,-1.479,-0.20000,1,-1,0,1,0,0
1,1,0.0,1.05,0.09091,0.95455,-0.09091,0.77273,0,1,0,0.926,0,1,0.04545,0.739,-0.04545,1,0,1,0,0.86364,0.09091,0.956,0.09091,0.90909,0.04545,0.91541,0.038,0.95455,0.09091,0.86364,-0.051,0.86364,0.029
0,0,0.0,0,0.0,-1.169,1,1,1,-1,-1.287,0,0,-1,-1,-1,-0.31250,-1,-1,1,-1,1,-1,0.0,0,1.192,-1,-1,-1,0.0,0,1,-1,0.0,0
1,1,0,0.91176,-0.08824,1.12,0.17647,0.82353,0.08824,0.791,-0.02941,0.97059,-0.17647,0.97059,0.14706,0.94118,0.02941,1,0.0,1,0,0.615,0.11765,0.929,0.02941,0.85294,0.027,0.92663,0.033,0.94118,-0.11765,0.877,0.05882,0.91176,0.05882
0,1,0,-1,1,-1,0.223,0.28354,1,-1,1,-1,-0.63,1,0.807,-1,-0.23476,0.173,-1,1,1,-0.31402,-0.828,-1,-1,1.106,-1,-1,-0.03578,0.609,-1,-1,-0.32317,0.089,1
1,1,0,0.412,-0.091,0.83781,0.009,0.83155,0.02615,0.68421,-0.078,0.68421,0,0.79856,0.05028,0.78315,0.05756,0.84211,0.47368,1,0.05263,0.72550,0.087,0.70301,0.08141,0.42105,0.21053,0.719,0.08968,0.52632,-0.21053,0.468,0.09534,0.48,0.09719
0,1,0.0,-0.00641,-0.5,0,0,-0.01923,1,0,0,0,0.0,0,0.0,0,0.0,0,0,0.31410,0.92949,-0.35256,0.74359,-0.284,-0.80769,0,0,-0.61538,-0.448,0.0,0.0,0,0,0,0
1,1,0,1.029,0.45455,1,0.54545,1.009,0.63636,1,-0.09091,1,0.0,0.81818,-0.45455,0.778,0.27273,1,-0.357,1,-0.372,0.90909,-0.45455,1,0.07750,0.649,-0.056,1,0.08867,1,0.36364,1,0.63636,0.72727,0.27273
0,0,0,-1,-1,1,-1,-1,1,0,0,1,-1,0.96,-1,0,0,0,0,0,0.0,-0.585,1,1,-1,-1,0.833,1.321,1,0.0,0,1.469,0.722,0,0
1,1,0,0.45455,0.104,0.63636,0.09091,0.27273,0.18182,0.908,0,0.277,-0.09091,0.45455,-0.09091,0.48612,-0.01343,0.63636,-0.18182,0.45455,0,0.36364,-0.059,0.27273,0.256,0.36364,-0.09091,0.34442,-0.01768,0.262,0,0.36364,0,0.346,-0.025
0,1,0,-1,-0.59677,0,0,-1,0.64516,-0.498,1,0,0,0,0,0,0.0,0.0,0,0,0.0,-1,-1,0,0,0.29839,0.23387,0.668,0.51613,0.0,0.0,0,0,0,0.0
1,1,0,1,0.14286,1,0.71429,1,0.71429,1.084,-0.14286,0.85714,-0.14286,1,0.02534,1.402,0,0.42857,-0.14286,1,0.03617,1,-0.379,1,0.0,0.28571,-0.28571,1.113,0.04891,1.116,0.05182,1.123,0.57143,0.617,0
0,0,0,1,1,1,-1,1.354,1,1,1.233,1,1,1,-1,1,1,0.788,-1,1,-1,1,1,1,1.173,1.28,-1,1,1.497,1,0.866,1,1,0.821,1
1,1,0,0.87032,0.677,0.53945,0.577,0.10380,0.95275,-0.441,0.87916,-0.819,0.715,-0.481,0.16731,-1.092,-0.24942,-0.89,-0.63342,-0.24012,-0.82881,0.18823,-0.78699,0.51557,-0.57430,0.69274,-0.24843,0.69097,0.10484,0.52798,0.39762,0.25974,0.56573,-0.06739,0.57552
0,0,0.0,1,-1,1.114,1,1,-0.706,1,1.285,1,-1,1,-1,1,-1,1,1,0.617,1.213,1,1,1,-1,1,1,1,1.154,1,1.406,1,1,1,-1
1,1.406,0,0.92657,0.034,0.89266,0.15766,0.86098,0.19791,0.83675,0.36526,0.80619,0.40198,0.76221,0.40552,0.66586,0.403,0.60101,0.51752,0.53392,0.52180,0.48435,0.54212,0.42546,0.55684,0.398,0.582,0.26978,0.54214,0.274,0.408,0.14312,0.363,0.11573,0.46571
0,0,0.0,1,1,1,-1.462,1,-1,1,1,0,0.0,1,-0.838,0,0,0.0,0,0,0,-1,1,1,1,0,0,1.065,1,0,0.0,-1,-1,0,0.0
1,1,0.0,0.93537,0.13645,0.93716,0.308,0.85705,0.38779,0.994,0.47127,0.657,0.59942,0.65260,0.75000,0.50830,0.73586,0.41629,0.82742,0.256,0.85952,0.13712,0.85615,0.00494,0.962,-0.07361,0.79780,-0.20995,0.78004,-0.33169,0.71454,-0.38532,0.785,-0.382,0.55835
0,0,0,0.547,-1,-1,1,-1.16,1,1,1,1,1,-1,-0.534,-1,-1,1,1.108,1,-1.408,-1,-1,-1,-1,1,0.0,0.728,-1,1,-1,-1,0.58,-1,1
1,1,0,0.80627,0.13069,0.73061,0.24323,0.64615,0.142,0.36923,0.617,0.44793,0.505,0.362,0.57308,0.25192,0.37115,0.15215,0.51877,-0.09808,0.57500,-0.03462,0.42885,-0.055,0.44424,-0.168,0.40006,-0.236,0.34976,-0.23832,0.29541,-0.26634,0.23896,-0.32,0.31154
0,0,0.0,1,-1.485,1,1,1,-1.361,0.972,1.014,0.687,-1,1,1,0.604,-1,1,-1,1.468,1,1,1,1,-1,1,-1,1,-1,1,1,1,-1,1,1
1,1,0,0.97467,0.13082,0.94120,0.267,0.88783,0.341,0.89009,0.32711,0.85550,0.45217,0.72298,0.547,0.538,0.58820,0.58548,0.66893,0.48869,0.70398,0.235,0.68159,0.35289,0.75622,0.26832,0.76210,0.16813,1.177,0.07497,0.451,-0.042,0.77702,-0.10289,0.74242
0,0,0,0.0,0.0,1,1,0.0,0,1,1,0,0.0,1,-0.676,0,0,0,0,0,0,0,0.0,0.0,0,0,0,1,-1,0,0,-1,1,0.0,0
1,1,0,0.92308,0.15451,0.86399,0.203,0.72582,0.36790,0.70588,0.56830,0.522,0.62719,0.43270,0.74676,0.31705,0.67697,0.19128,0.76818,0.04686,1.036,-0.137,0.76969,-0.18479,0.71327,-0.196,0.65708,-0.278,0.5,-0.46799,0.50131,-0.44,0.40732,-0.56231,0.35095
0,0,0,0,0,1,1,1,1,0,0,0.0,0,-1,-1.303,0,0,-1,-1,0.0,0,0,0.0,0.922,1,0.0,0,1,1,0.0,0,-1.053,1,0,0
1,1,0,0.88804,0.299,0.668,0.69431,0.29148,0.87892,-0.06726,1.241,-0.39597,0.80441,-0.64574,0.315,-0.82960,0.26906,-0.78940,-0.08205,-0.62780,-0.30942,-0.46637,-0.488,-0.145,-0.64338,0.09562,-0.61055,0.30406,-0.48392,0.43227,-0.386,0.47029,-0.09461,0.423,0.12556
0,0,0,0.947,-1.347,0.513,1,1,1,0.633,1,1,1,1,-1,0.604,1,1,0.533,1,-1,1,-0.538,1,-1,1,-1,1,1,1,-1,1,0.833,1,1
1,1,0.0,0.73523,-0.38293,0.80151,0.10278,1.02,0.15266,0.55580,0.05252,1.245,0.21225,0.952,0.28954,0.68798,0.32925,0.364,0.17287,0.64333,-0.019,0.57399,0.42528,0.53120,0.44872,0.94530,0.57549,0.44174,0.48200,0.129,1,0.35070,0.613,0.30588,0.49831
0,0,0,0.0,0,0,0,0.0,0,0.0,0.0,0.0,0,0,0.0,0.0,0,0,0,0,0,0,0,0,0,0,0,1.363,1,0,0,0,0,0,0
1,0.543,0,0.94649,0.00892,0.97287,-0.00260,0.98922,0.00372,0.95801,0.015,0.94054,0.03530,1.235,0.04719,0.98625,0.017,0.94277,0.07135,0.98551,-0.005,0.97770,0.04980,1.407,0.07098,0.93274,0.08101,0.95243,0.04356,0.97473,0.00818,0.97845,0.07061,1.226,-0.002
0,0,0,1,1,-1,-1,-1,-0.524,0,0,0,0,-1,-1.389,0,0.0,0.0,0,0,0.0,-1,0.928,0.846,1,0,0,1,-1,0,0.0,-1,-1,-1,-1
1,1,0,0.584,-0.16900,0.71442,0.014,0.71063,0.02258,0.68065,0.01282,0.228,0.05594,0.69050,0.04393,0.68101,0.05058,0.403,0.05692,0.789,-0.04662,0.64503,0.044,0.63077,0.07381,0.84033,0.126,0.59935,0.08304,0.38228,0.062,0.56466,0.09046,0.54632,0.09346
0,1.42,0,0.643,1,0.91973,-0.76087,0.971,0.04348,0.76087,0.10702,0.86789,0.73746,0.70067,0.249,0.75920,0.13712,0.93478,-0.25084,0.70736,0.18729,0.64883,0.24582,0.671,0.77425,0.605,-0.53846,0.89262,0.22216,0.665,0.53846,1,-0.095,0.56522,0.23913
1,1,0.0,0.76296,-0.07778,1,-0.29630,1.065,-0.85741,0.80000,0.06111,0.45556,-0.635,0.549,-0.12581,1,-0.639,0.49259,0.01852,0.82222,-0.05926,0.98215,-0.19938,1.237,0.22037,0.573,-0.26481,0.92148,-0.24549,0.78889,0.02037,0.94,-0.27105,1,-0.57037
0,1,0.0,0.331,0.15564,0.41245,0.07393,0.26459,0.24125,0.18,0.13230,0.204,0.25292,0.24514,0.36965,0.08949,0.22957,-0.03891,0.272,0.05058,0.24903,0.24903,0.09728,0.07782,0.29961,-0.02494,0.28482,-0.06024,0.169,-0.209,0.14786,-0.09339,0.325,-0.19066,0.28794
1,1,0.0,0.49,-0.03175,0.75198,-0.05357,0.61508,-0.01190,0.53968,0.038,0.713,0.09921,0.59127,-0.02381,0.62698,0.01190,0.366,0.038,0.60317,0.01587,0.47817,-0.02778,0.59127,0.03770,0.5,0.03968,0.61291,-0.012,0.61706,-0.13492,0.361,-0.01389,0.62500,-0.03175
0,1,0.0,0.06404,-0.15271,-0.04433,0.05911,0.08374,-0.02463,-0.01478,0.18719,0.06404,0,0.12315,-0.09852,0.052,0,0.01970,-0.02956,-0.12808,-0.20690,0.084,0.008,0.073,0.02956,0.07882,0.086,0.28079,-0.044,-0.05911,-0.09360,0.04433,0.05419,0.106,-0.10837
1,0.734,0,0.61857,0.10850,0.70694,-0.06935,0.70358,0.01678,0.74273,0.00224,0.745,0.15772,0.592,-0.00224,0.79754,0.06600,0.83669,-0.16555,0.68680,-0.09060,0.62528,-0.01342,0.60962,0.129,0.71253,-0.09508,1.0,-0.01673,0.368,0.04810,0.546,-0.05145,0.482,-0.04698
0,0.604,0,0.25316,0.35949,0,0.0,-0.206,-1,0,0.0,0.07595,-0.103,0,0,0.0,0,0,0,0,0.0,0.00759,0.68101,-0.20000,0.33671,-0.10380,0.35696,0.05570,-1,0.0,0,0.06329,-1,0,0
1,1,0,0.584,-0.00857,1.027,-0.02465,0.94105,-0.01822,0.89175,-0.119,0.741,-0.10932,0.88853,0.01179,0.90782,-0.13719,1.197,-0.06109,0.90782,-0.02358,0.87996,-0.14577,0.82851,-0.105,0.90139,-0.19507,0.88245,-0.14903,0.687,-0.12862,0.88424,-0.18542,0.91747,-0.211
0,1,0,0.567,-0.5,0,0,0,0,0.46458,0.29,0.58958,0.02083,0,0.0,0,0,0.16458,-0.398,0.402,-0.18333,0,0,0,0.0,0.98750,-0.40833,-1.085,-1,-0.27917,-0.75625,0,0,0.0,0
1,1,0,0.88853,0.014,0.92007,0.01305,0.92442,0.01359,0.89179,-0.10223,0.90103,-0.08428,0.93040,-0.01033,1.025,-0.08918,1.071,-0.07,1.001,-0.04024,0.88418,-0.12126,0.88907,-0.11909,0.82980,-0.14138,0.86453,-0.062,0.85536,-0.13051,0.83524,-0.12452,1.143,-0.088
0,1,0.0,0,0.0,0.925,0.12889,0.88444,-0.02000,0,0,0.963,-0.438,1,0.19556,0.928,-0.05333,1,-0.81556,0,0,1,-0.04000,1,-0.18667,0,0,1.199,-1,0,0,1,0.069,0.90667,-0.09556
1,1,0.0,0.81143,0.03714,0.85143,-0.00143,0.79000,0.00714,1.162,-0.04286,0.856,0.0,0.85571,-0.06714,0.86429,0.002,0.82857,-0.05429,0.81000,-0.11857,0.87,-0.095,0.84286,-0.05000,0.77000,-0.06857,0.81598,-0.08669,0.71,-0.10429,0.81429,-0.05000,0.82143,-0.15143
0,1,0,0,0,0,0.0,0.0,0,0.0,0,0.0,0.0,-1,1.455,1,0.55172,0,0,0,0.0,0,0,0,0,0,0,1,1,0,0,0,0,0.0,0
1,1,0.0,0.49870,0.01818,0.43117,-0.09610,0.50649,-0.052,0.678,0.09610,0.44675,0.05974,0.445,-0.11948,0.51688,-0.03636,0.52727,-0.05974,0.55325,-0.01039,0.48571,-0.025,0.262,-0.015,0.59221,0,0.53215,-0.03280,0.43117,0.03377,0.788,-0.05455,0.58961,-0.08571
0,0,0.0,0.0,0.0,0,0,0,0,0,0,0.0,0,0,0,0,0,0.0,0,0.0,0,0,0,0,0,0.0,0,1.272,-1,0,0,0,0,0,0
1,1,0.0,1,0.5,1,0.25000,0.25000,1,0.16851,0.464,-0.13336,0.80454,-0.186,0.60793,-0.287,0.37856,-0.43663,0.16709,-0.36676,0.005,-0.135,-0.09025,-0.16178,-0.12964,-0.07782,-0.12744,-0.02089,-0.089,0.01033,-0.088,0.02224,-0.04142,0.02249,-0.02017
0,1,0,0.0,0,0,0,1,0.777,-1.078,-1,0,0,1,-0.11111,0,0,0,0.0,-1,1.246,1,1,1,-1,0.0,0,1,-1,0.0,0,0.0,0,1,1
1,1,0.0,0.87048,0.38027,0.6,0.69212,0.31347,0.86625,-0.03933,0.90740,-0.42173,0.79346,-0.70561,0.51560,-0.81049,0.22735,-0.81136,-0.12539,-0.449,-0.38102,-0.461,-0.62861,-0.13013,-0.70762,0.15552,-0.66421,0.38544,-0.538,0.649,-0.329,0.56239,-0.05938,0.626,0.16645
0,1,0,0,0,0,0,0.0,0.0,-1,1,0,0,0.765,0.37333,-0.161,-0.12000,0,0,-1,-1,0,0.0,1,-1,0.0,0,1,0.22667,0.0,0.0,0,0,0,0
1,1,0,0.547,0.43491,0.59573,0.77655,0.19672,0.94537,-0.24103,0.838,-0.62526,0.71257,-0.86443,0.33652,-0.92384,-0.05338,-0.77356,-0.46,-0.46950,-0.73285,-0.10237,-0.82217,0.286,-0.77570,0.55984,-0.55910,0.72147,-0.293,0.549,0.066,0.58137,0.38915,0.348,0.57656
1,1,0,0.32834,0.02520,0.15236,0.21278,0.14919,0.74003,-0.25706,0.589,-0.10312,0.19380,-0.831,0.25786,-0.94053,-0.05409,-0.13117,-0.14329,-0.30315,-0.44615,-0.12,-0.85597,0.02668,-0.22786,0.27942,-0.071,0.369,-0.118,0.27657,-0.11409,0.094,0.13296,0.111,0.20468
1,1.139,0,0.83427,0.39121,0.54040,0.78579,0.12326,0.89402,-0.259,0.868,-0.70086,0.39,-0.904,0.21909,-0.767,-0.24164,-0.59714,-0.61894,-0.19354,-0.628,0.12439,-0.89064,0.51109,-0.619,0.79143,-0.27734,0.83008,0.08718,0.66592,0.49079,0.37542,0.70011,-0.03983,0.79444
1,1,0,0.857,-0.03490,0.59085,0.00481,0.319,-0.07461,0.63177,0.00963,0.62455,-0.07461,0.889,0.047,0.747,-0.08424,0.67509,0.09146,0.67148,0,0.58965,0.10108,0.50060,0.03129,0.65945,0.125,0.60463,0.012,0.51384,0.04452,0.61733,-0.00963,0.63,-0.09146
1,1,0,0.74449,-0.02390,0.70772,0.037,0.72243,0.16912,0.649,0.07721,0.617,0.298,0.63787,0.004,0.70772,0.21691,0.585,0.06066,0.61029,0.05147,0.67463,0.047,0.52022,-0.25000,0.72978,-0.15809,0.61727,0.065,0.30882,0.08640,0.55916,0.07458,0.60294,0.21691
1,1,0,0.61538,0.18923,0.78157,0.017,0.77486,0.02647,0.65077,-0.072,0.77538,0.08000,0.73961,0.05060,0.72322,0.05776,0.68615,-0.08923,0.61692,0.215,0.66233,0.07573,0.63878,0.08041,0.60154,-0.043,0.434,0.08767,0.55077,0.255,0.702,0.09207,0.335,0.09322
1,1,0,0.68317,0.072,0.84803,0.00202,0.84341,0.00301,1.213,0.09901,0.5,0.023,0.81892,0.004,0.80738,0.00673,0.80622,-0.092,0.928,-0.03536,0.829,0.00909,0.74635,0.00978,0.79632,-0.04243,0.70824,0.01096,0.62235,0.11598,0.66624,0.01190,0.64407,0.01227
1,1,0,0.5,0.0,0.38696,0.10435,0.49130,0.06522,0.358,-0.022,0.35652,-0.12609,0.45652,0.04783,0.50435,0.02609,0.35652,0.19565,0.42174,0.176,0.42174,-0.02609,0.32174,-0.11304,0.441,-0.011,0.41789,0.06908,0.224,0.03913,0.35217,0.14783,0.234,0.17391
1,0.816,0,0.79830,0.09417,0.78129,0.20656,0.71628,0.16,0.69320,0.41252,0.65917,0.50122,0.57898,0.60814,0.49210,0.58445,0.33354,0.722,0.29587,0.63548,0.082,0.965,0.02066,0.72236,-0.111,0.63183,-0.088,0.60696,-0.18226,0.426,-0.25516,0.51701,-0.27339,0.42467
1,1,0.0,1,0.09802,1,0.25101,0.98390,0.33044,0.52,0.53020,0.725,0.60297,0.56937,0.71942,0.55311,0.731,0.29452,0.82193,0.21137,0.79777,0.09709,0.82162,-0.022,0.79870,-0.12,0.75596,-0.22839,0.665,-0.31713,0.60948,-0.40291,0.315,-0.42815,0.44534
1,1,0,0.89410,0.154,0.87001,0.31543,0.78896,0.43388,0.63388,0.59975,0.793,0.71016,0.312,0.642,0.24266,0.444,0.09134,0.79598,-0.09159,0.76261,-0.20201,0.66926,-0.2,0.62610,-0.253,0.43,-0.46215,0.40753,-0.50314,0.27252,-0.52823,0.19172,-0.48808,0.05972
1,1,0,0.94631,0.17498,0.90946,0.433,0.85096,0.605,0.73678,0.955,0.59215,0.73838,0.273,0.522,0.365,0.90665,0.17959,0.93429,-0.00701,0.642,-0.18880,0.89383,-0.33023,0.82492,-0.46534,0.76482,-0.58563,0.66335,-0.67929,0.52564,-0.75321,0.36,-0.81210,0.26092
1,1,0.0,0.91767,0.18198,0.86090,0.35543,0.691,0.45747,0.60425,0.69865,0.50376,0.74922,0.182,0.754,0.15664,0.624,0.00396,0.85210,-0.16390,0.77853,-0.212,0.76193,-0.43087,0.65385,-0.53140,0.53886,-0.60328,0.40972,-0.4,0.27338,-0.65710,0.13667,-0.782,0.05394
1,1,0,0.76627,0.21106,0.63935,0.38112,0.48409,0.52500,0.15000,0.22273,0.15,0.59565,-0.07727,0.44545,0.0,0.48636,-0.27491,0.42014,-0.56136,0.216,-0.256,0.18864,-0.503,0.07588,-0.38483,-0.041,-0.33942,-0.12486,-0.27540,-0.19714,-0.156,-0.24648,-0.118,-0.27218
1,1,0,0.58940,-0.60927,0.85430,0.55298,0.81126,0.07285,0.494,0.16225,0.32781,0.24172,0.67,0.12252,0.63907,0.19868,0.411,0.456,0.54305,0.13907,0.65232,0.188,0.459,0.07285,0.51872,0.26653,0.389,0.27687,0.269,0.28574,0.43484,0.29324,0.40821,0.29942
1,1,0.0,1,0.083,0.70019,-0.117,0.81594,0.09677,0.71157,0.01139,0.56167,-0.07780,0.369,0.094,0.58634,0.031,0.33,-0.03416,0.69450,0.16888,0.72676,0.07211,0.32068,0.05882,0.53321,0.37381,0.282,0.17951,0.15180,0.32448,0.44141,0.18897,0.56167,0.15180
1,1,0,0.84843,0.087,0.80562,-0.032,0.77031,-0.03299,0.66725,-0.06620,0.59582,-0.078,0.67260,-0.05771,0.64260,-0.049,0.39199,0.026,0.71254,0.01394,0.55970,-0.08039,0.53430,-0.08453,0.47038,-0.267,0.48659,-0.09128,0.633,-0.08537,0.44277,-0.09621,0.415,-0.09808
1,1,0,1,0.108,0.96775,-0.00482,0.96683,-0.00722,0.87980,-0.046,1,0.011,0.96186,-0.01436,1.133,-0.01671,0.98497,0.01002,0.91152,-0.08848,0.95016,-0.015,0.932,-0.02591,0.98164,0.02003,0.538,-0.038,1,-0.05843,0.92774,-0.03464,0.92226,-0.03673
1,1,0.0,0.47938,-0.079,0.42784,-0.12371,0.70103,-0.39175,0.722,0.07216,0.26289,-0.129,0.49485,0.15979,0.45361,-0.11856,0.42268,0.06186,0.42,-0.27320,0.507,0.18557,0.42268,0.08247,0.70619,0.19588,0.53396,-0.12447,0.15464,-0.238,0.47423,0.04124,0.604,-0.51546
1,1,0.0,0.63510,-0.047,0.76530,0.033,0.61432,0.36028,0.528,-0.00462,0.64203,0.08314,0.79446,-0.43418,0.72517,0.418,0.59584,0.2,0.63510,0.21940,0.63279,-0.25404,0.70951,0.15359,0.64665,0.23095,0.68775,0.183,0.61663,0.075,0.66316,0.19841,0.69053,0.36721
1,0.755,0,0.50112,-0.03596,0.775,0.01348,0.58876,0.01573,0.58876,0.02472,0.66742,-0.00449,0.71685,-0.04719,0.66517,0.00899,0.603,0.02472,0.561,-0.07416,0.56854,0.14157,0.459,-0.03596,0.46517,0.04944,0.56588,0.00824,0.662,-0.03596,0.54607,0.10562,0.606,-0.108
1,1,0,0.466,-0.00647,0.66667,-0.04207,0.63107,-0.032,0.77994,0.08091,0.445,0.064,0.64725,0.125,0.60194,-0.01942,0.54369,-0.054,0.46926,-0.10032,0.64725,0.14887,0.521,0.235,0.52427,-0.05502,0.45105,0.00040,0.31392,-0.06796,0.49191,-0.10680,0.30421,-0.05178
1,1,0,0.831,0.10370,0.77037,0.034,0.65185,0.071,0.60988,-0.003,0.79012,0.11852,0.59753,0.04938,0.491,0.09630,0.78272,-0.17531,0.73827,-0.106,0.48642,0.00988,0.60988,0.08148,0.66667,-0.17,0.63773,-0.02451,0.76543,0.02222,0.61235,-0.078,0.51358,-0.04691
1,1,0,0.60678,-0.02712,0.677,0.04068,0.52881,-0.04407,0.50508,0.03729,0.70508,-0.07797,0.57966,-0.012,0.53220,0.101,0.778,0.158,0.56949,-0.02373,0.53220,0.00678,0.71525,-0.03390,0.52881,-0.031,0.57262,0.00750,0.767,-0.003,0.58983,-0.02712,0.50169,0.06780
1,1,0,0.49515,0.09709,0.236,0.05825,0.188,0,0.57282,-0.02427,0.58252,0.029,0.33495,0.04854,0.52427,0.00485,0.67,-0.10680,0.43204,0.00485,0.34951,0.05825,0.18932,0.264,0.31068,-0.15049,0.36547,0.019,0.39320,0.111,0.26214,0,0.414,-0.01942
1,1,0,0.98822,0.02187,0.54,0.34100,0.83904,0.301,0.74706,0.48906,0.73584,0.51879,0.582,0.60179,0.357,0.66237,0.418,0.70443,0.28379,0.68873,0.11,0.936,0.06338,0.71284,-0.16489,0.69714,-0.16556,0.60510,-0.16209,0.55805,-0.34717,0.44195,-0.33483,0.2
1,1,0,0.97905,0.126,0.90112,0.35237,0.82039,0.48561,0.379,0.64888,0.803,0.73743,0.40349,1.048,0.25140,0.84804,0.04700,0.85475,-0.164,0.79749,-0.26180,0.80754,-0.37835,0.751,-0.51034,0.58324,-0.707,0.46040,-0.61899,0.30796,-0.802,0.18345,-0.64134,0.02968
1,1,0,0.99701,0.21677,0.91966,0.47030,0.76902,0.62415,0.788,0.78120,0.36774,0.88291,0.10107,0.83312,-0.06827,1.006,-0.28269,0.502,-0.43707,0.61688,-0.55769,0.48120,-0.372,0.35534,-0.866,0.15908,-0.66651,0.02277,-0.64872,-0.146,-0.7,-0.22949,-0.237,-0.35032
1,1,0,0.94331,0.19959,0.96132,0.40803,0.80514,0.56569,0.461,0.70830,0.508,0.83230,0.14939,0.89489,0.05167,0.93682,-0.157,0.83939,-0.42811,0.75554,-0.50251,0.607,-0.65515,0.53,-0.68851,0.30912,-0.434,0.15619,-0.75406,-0.04399,-0.93,-0.233,-0.66932,-0.34367
1,1.169,0,0.93972,0.28082,0.80486,0.52821,0.58167,0.844,0.34961,0.80511,0.10797,0.717,-0.20015,0.89335,-0.509,0.82163,-0.58835,0.62867,-0.76305,0.40368,-0.81262,0.18888,-0.81317,-0.058,-0.75273,-0.346,-0.63237,-0.61,-0.553,-0.61446,-0.26389,-0.70835,-0.08937,-0.71273
1,1,0,0.89835,0.35157,0.67333,0.62233,0.43898,0.94353,-0.038,0.80510,-0.264,0.75334,-0.25137,0.48816,-0.57377,0.173,-0.66750,0.10591,-0.411,-0.06193,-0.81056,-0.048,-0.33197,-0.43,-0.12897,-0.53620,0.07158,-0.51925,0.24321,-0.43478,0.336,-0.30057,0.537,0.13297
1,1,0,0.29073,0.10025,0.23308,0.17293,0.03759,0.34336,0.12030,0.26316,0.06266,0.21303,-0.04725,0.12767,-0.06333,0.05,-0.06328,0.034,-0.05431,0.01408,-0.04166,-0.00280,-0.02876,-0.009,-0.01755,-0.01505,-0.01,-0.01475,-0.002,-0.018,0.001,-0.00948,0.002,-0.00647
1,1,0.0,0.58459,-0.35526,1,0.35338,0.75376,-0.00564,0.82519,0.19361,0.50188,-0.27632,0.65977,0.06391,0.69737,0.075,0.796,-0.42669,0.76128,0.04511,0.66917,0.171,0.963,-0.353,0.565,-0.04699,0.56836,-0.10571,0.52820,-0.13346,0.15602,-0.12218,0.44767,-0.08
1,0.804,0,0.83609,0.13215,0.72171,0.06059,0.65829,0.08315,0.23888,0.106,0.43837,0.20330,0.49418,0.166,0.523,0.13507,0.29352,0.02922,0.246,0.15756,0.32835,0.14616,0.29495,0.14638,0.26436,0.129,0.23641,0.14314,0.26429,0.16137,0.164,0.13632,0.16655,0.106
1,1,0,0.94080,0.11933,0.85738,0.01038,0.85124,0.01546,0.76966,-0.003,0.84459,0.068,0.83289,0.03027,0.82680,0.02,0.459,0.01943,0.80019,0.02405,0.80862,0.06,0.989,0.05352,0.77336,0.014,0.79058,0.06235,0.85939,0.09251,0.77863,0.097,0.77269,0.07508
1,1,0,0.87111,0.064,0.79946,0.18297,0.99009,0.29292,0.669,-0.08337,0.88598,-0.02028,0.90446,-0.26724,0.89410,0.19964,0.834,-0.04642,0.84452,-0.014,0.97882,-0.283,0.78954,-0.332,0.86661,-0.09193,0.85967,-0.02908,0.78774,-0.04101,0.75935,0.209,0.517,0.09193
1,1,0,0.74916,0.025,0.98994,0.09792,0.75855,0.12877,0.74313,-0.09188,0.95842,0.034,0.97921,-0.00469,0.96110,0.10195,1.305,0.053,0.71026,0.02683,0.81221,-0.08048,1,0,0.71764,-0.014,0.82271,0.02552,0.469,-0.01073,0.90409,0.11066,0.555,0.033
1,1,0,0.47337,0.19527,0.06213,-0.105,0.62316,0.01006,0.45562,-0.04438,0.56509,0.023,0.44675,0.27515,0.71598,-0.025,0.55621,0.12426,0.41420,0.11538,0.52767,0.02842,0.351,-0.10651,0.47929,-0.022,0.46514,0.03259,0.53550,0.13,0.31953,-0.14497,0.231,-0.004
1,1,0,0.59887,0.091,0.69868,-0.13936,0.85122,-0.13936,1.135,0.02448,0.50471,0.02825,0.67420,-0.04520,0.80791,-0.13748,0.51412,-0.273,0.916,-0.14313,0.822,-0.00377,0.33333,0.06215,0.56121,-0.33145,0.61444,-0.16837,0.587,-0.02072,0.53861,-0.339,0.67420,-0.293
1,1.173,0,0.84713,-0.03397,0.86412,-0.08493,0.81953,0.0,0.73673,-0.07643,0.71975,-0.168,0.74947,-0.11677,0.77495,-0.28,0.78132,-0.21231,0.61996,-0.10191,0.79193,-0.136,0.89384,-0.03397,0.84926,-0.26115,0.74115,-0.316,0.66242,-0.176,0.72611,-0.37792,0.842,-0.24841
1,1.441,0,0.87772,-0.08152,0.586,0.07337,0.84783,0.04076,1.157,-0.02174,0.895,-0.05707,0.82337,-0.10598,0.67935,-0.00543,0.46,-0.20924,0.83424,0.03261,0.86413,-0.05978,1.077,-0.27989,0.85054,-0.18750,1.109,-0.10211,0.85870,-0.03261,0.965,-0.10870,0.79076,-0.00543
1,1,0,0.74704,-0.094,0.53755,0.16996,0.72727,0.09486,0.803,-0.11067,0.66798,-0.23518,0.87945,-0.19170,0.635,0.04150,0.63043,-0.004,0.63636,-0.11858,1.114,-0.25296,0.66403,-0.368,0.67194,-0.10474,0.61847,-0.12041,0.60079,-0.254,0.37549,0.06917,0.377,-0.01383
1,1,0,0.46785,0.11308,0.705,0.005,0.55432,0.051,0.47894,-0.13969,0.52993,0.01330,0.532,-0.17,0.67849,-0.03326,0.669,-0.19,0.52993,-0.04656,0.47894,-0.19512,0.387,-0.13525,0.41463,-0.20177,0.53930,-0.11455,0.59867,-0.02882,0.53659,-0.11752,0.56319,-0.04435
1,1.36,0,0.88116,0.27475,0.934,0.42881,0.874,0.63662,0.38825,0.964,0.09831,0.96128,-0.20097,0.89200,-0.35737,0.77500,-0.478,0.522,-0.78768,0.45535,-0.81856,0.19095,-0.83943,-0.08079,-0.78334,-0.26356,-0.549,-0.45511,-0.54732,-0.60858,-0.30512,-0.66700,-0.19312,-1.105
1,1,0,0.93147,0.357,0.8,0.55756,0.649,0.71596,0.26203,0.92651,0.056,0.96748,-0.23237,1.196,-0.55926,0.526,-0.73329,0.62385,-0.90995,0.36200,-0.92254,0.06040,-0.754,-0.19838,-0.83192,-0.46906,-0.592,-0.69556,-0.41223,-0.85725,-0.13590,-0.93953,0.10007,-0.94823
1,1,0,1.024,0.30634,0.73232,0.57816,0.34109,0.58527,0.05717,0.58,-0.09238,0.92118,-0.62403,0.71996,-0.382,0.32558,-0.81422,0.41195,-1,-0.004,-0.78973,-0.41085,-0.76901,-0.331,-0.634,-0.67605,-0.31610,-0.81876,-0.02979,-1.223,0.14,-0.82127,0.00194,-0.81686
1,1,0,0.83479,0.28993,0.431,0.47702,0.49234,0.68381,0.21991,0.86761,-0.117,0.85011,-0.35558,0.77681,-0.52735,0.58425,-0.70350,0.31291,-0.825,0.053,-0.71225,-0.114,-0.58315,-0.39168,-0.44,-0.52954,-0.19,-0.60863,0.08425,-0.61488,0.25164,-0.656,0.40591,-0.35339
1,1,0,0.92870,0.33164,0.76168,0.376,0.49305,0.84266,0.21592,0.95193,-0.205,0.96167,-0.325,1.138,-0.688,0.65490,-0.87474,0.373,-0.91814,0.05595,-1.334,-0.26173,-0.73969,-0.54069,-0.50757,-0.74735,-0.22323,-1.037,0.07810,-0.87159,0.36021,-0.78057,0.59407,-0.60270
1,1,0,0.83367,0.31456,0.65541,0.57671,0.34962,0.70677,0.17293,0.78947,-0.18976,0.448,-0.41729,0.66541,-0.68421,0.47744,-0.396,0.19492,-0.72180,-0.052,-0.62030,-0.28195,-0.378,-0.53463,-0.278,-0.66014,-0.01530,-0.69706,0.34,-0.64428,0.574,-0.51206,0.922,-0.30075
1,1,0,0.98455,-0.02736,0.98058,-0.034,1,-0.04,1.234,0.01456,0.95278,-0.02604,0.98500,-0.07458,0.99382,-0.07149,1.459,-0.138,0.97264,-0.083,0.99294,-0.05252,0.95278,-0.08914,0.97352,-0.08341,0.96653,-0.066,0.93469,-0.08,0.97132,-0.15755,0.96778,-0.18800
1,1,0,0.94052,-0.01531,0.94170,0.009,1.292,-0.01472,0.95878,-0.01060,0.94641,-0.03710,0.97173,-0.013,0.97055,-0.03887,0.95465,-0.028,0.95230,-0.043,0.94229,-0.02179,1.058,-0.04417,0.761,-0.03,0.92695,-0.05827,0.90342,-0.07479,0.91991,-0.07244,0.92049,-0.07420
1,1.303,0,0.97032,-0.14384,0.91324,-0.00228,0.96575,-0.17123,0.98630,0.18265,0.91781,0.00228,1.092,-0.08447,0.91324,-0.002,0.86758,-0.08676,0.97032,-0.21233,1,0.1,0.92009,-0.05251,0.92466,0.06849,0.94043,-0.09252,0.97032,-0.20091,0.899,-0.12,0.77,-0.162
1,1,0,0.52542,-0.027,0.94915,0.08475,0.52542,-0.233,0.30508,-0.01695,0.50847,-0.13559,0.359,0.372,0.728,-0.35593,0.55,0.01695,0.55932,0.03390,0.59322,0.269,0.86441,0.05085,0.40678,0.15254,0.67287,-0.00266,0.66102,-0.034,0.83051,-0.15254,0.76271,-0.10169
1,0.538,0.0,0.33333,-0.25000,0.44444,0.22222,0.38889,0.16667,0.41667,0.13889,0.673,-0.11111,0.54911,-0.08443,0.58333,0.33333,0.55556,0.023,0.158,-0.19444,0.252,-0.034,0.52778,-0.02778,0.38889,0.08333,0.41543,-0.14256,0.1,-0.13889,0.36924,-0.14809,0.08333,-0.5
1,1,0,0.51207,1,0.661,0.53810,0.921,0.80833,0.604,0.46427,0.33081,1,0.21249,1,-0.17416,1,-0.243,1.217,-0.61382,1,-0.556,0.71699,-1.102,0.495,-1,0.35175,-1,0.09569,-1,-0.16713,-1,-0.42226,-0.91903,-0.65557
1,1,0,0.75564,0.682,0.83550,0.429,0.54916,0.72063,0.35225,0.70792,0.073,1.115,-0.09818,0.93778,-0.37604,0.82223,-0.719,0.577,-0.68358,0.67989,-0.70163,0.24956,-0.79147,0.02995,-0.98988,-0.29099,-0.70352,-0.301,-0.63312,-0.19185,-0.227,-0.60454,-0.19609,-0.62956
1,1,0,0.83789,0.42904,0.72113,0.58385,0.45625,0.78115,0.16470,0.787,-0.092,0.814,-0.46177,0.78497,-0.59435,0.52070,-0.426,0.26529,-0.84014,0.05,-0.62041,-0.31351,-0.47412,-0.48905,-0.334,-0.67796,-0.05054,-0.62691,0.14690,-0.45911,0.455,-0.572,0.48319,-0.24313
1,1,0,0.93658,0.35107,0.75254,0.65640,0.45571,0.88576,0.15323,0.95776,-0.21775,0.96301,-0.56535,0.83397,-0.78751,0.491,-0.93104,0.26020,-0.869,-0.053,-0.87028,-0.40949,-0.65079,-0.659,-0.277,-0.84951,-0.04578,-0.478,0.27330,-0.85762,0.784,-0.967,0.74828,-0.44173
1,1,0,0.608,0.36924,0.502,0.68420,0.29303,0.94078,-0.103,0.76527,-0.31605,0.598,-0.613,0.78766,-0.92145,0.42314,-0.94315,0.09585,-1,0.019,-0.769,-0.66278,-0.46010,-0.78174,-0.13486,-1.097,0.19765,-0.85137,0.48904,-0.70247,0.69886,-0.46048,0.76066,-0.13194
1,1,0,1.115,0.16195,1,-0.05558,1,0.01373,1,-0.12352,1,-0.01511,1.42,-0.01,1,-0.06,1,-0.07157,1.456,0.05900,1,-0.10108,1,-0.02685,1,-0.22978,1.368,-0.06823,1.188,0.078,1,-0.14194,1,-0.07439
1,1,0,0.95559,-0.00155,0.86421,-0.13244,0.616,-0.004,0.82809,-0.51171,0.92441,0.10368,1.237,-0.14247,0.99264,-0.027,0.526,-0.15518,0.894,0.61739,1,-0.16321,0.87492,-0.08495,0.85741,-0.01664,0.84132,-0.01769,0.82427,-0.01867,1.196,-0.015,0.78761,-0.02039
1,1,0,0.828,0.29492,0.494,0.52312,0.304,0.68158,0.14177,0.83548,-0.16831,0.78772,-0.42911,0.72328,-0.57165,0.357,-0.75436,0.16755,-0.732,-0.09856,-0.57695,-0.23503,-0.40637,-0.38287,-0.112,-0.52540,0.015,-0.48707,0.19030,-0.38059,0.31008,-0.328,0.34572,-0.08036
1,1,0,1.305,0.35232,0.582,0.336,0.34816,0.757,0.05832,0.90842,-0.29784,0.86490,-0.62635,0.69590,-0.77106,0.39309,-0.85803,0.08408,-0.912,-0.278,-0.64579,-0.50022,-0.39766,-0.68337,-0.11147,-0.75533,0.17041,-0.71504,0.40675,-0.57649,0.56626,-0.404,0.329,-0.13305
1,1,0.0,0.89589,0.39286,0.948,0.71804,0.29521,0.90824,-0.04787,0.94415,-0.243,1.026,-0.77660,0.58511,-0.92819,0.25133,-0.92282,-0.15315,-0.76064,-0.48404,-0.50931,-0.76197,-0.14895,-0.495,0.21581,-0.759,0.53229,-0.68593,0.74846,-0.40656,0.732,-0.07029,0.76862,0.357
1,0.734,0,1,-0.24051,1,-0.20253,0.962,-0.10127,0.88608,0.01266,1,0.11392,0.764,0.06329,0.84810,-0.04,0.63291,-0.36709,0.87342,-0.01266,0.93671,0.091,0.693,0.25316,0.62025,-0.37975,0.626,-0.05540,1,-0.06329,0.309,0.02532,0.83544,-0.02532
1,1,0.0,0.74790,0.012,0.83312,0.01659,0.82638,0.02469,1.257,0.01681,0.60504,0.05882,0.79093,0.04731,0.77441,0.05407,0.64706,0.243,0.508,0.04202,0.808,0.07122,0.68895,0.07577,0.566,0.08403,0.63728,0.08296,0.61345,0.012,0.58187,0.08757,0.55330,0.08891
1,1,0,0.85013,0.01809,0.92211,0.01456,0.75,0.02180,0.92765,0.08010,0.87597,0.13,0.605,0.037,0.843,0.05018,0.87339,0.02842,0.95866,0.0,0.89097,0.07047,0.88430,0.07697,0.83721,0.10853,0.86923,0.08950,0.87597,0.08786,1.171,0.10134,1.056,0.10698
1,1,0,1,-0.007,1,-0.00343,1,-0.01565,1,-0.017,1,-0.016,1,-0.02187,0.99828,-0.03087,0.99528,-0.03238,0.99314,-0.03452,1,-0.052,1,-0.034,1.327,-0.04931,1.243,-0.05527,0.99400,-0.06304,0.99057,-0.06497,0.868,-0.06668
1,1.245,0,0.89505,-0.03168,1.206,0.05545,0.473,0.01386,0.92871,0.02772,0.91287,-0.00990,0.94059,-0.01584,0.816,0.03366,0.93663,0,0.94257,0.01386,0.90495,0.009,0.88713,-0.02,0.89307,0.02376,0.89002,0.01611,0.88119,0.00198,0.87327,0.055,0.86733,0.017
1,1,0.0,0.90071,0.018,1,-0.01773,0.90071,0.00709,0.784,0.05674,1,0.03546,0.97872,0.013,0.857,0.033,1,-0.03191,0.864,-0.03191,0.595,0.07801,1,0.09220,0.90071,0.04610,0.94305,0.03247,0.94681,0.02482,1,0.01064,0.93617,0.02128
1,1,0,0.39394,-0.24242,0.62655,0.01270,0.45455,0.133,0.63636,0.09091,0.182,-0.21212,0.593,0.15152,0.39394,0,0.56156,0.04561,0.51515,0.03030,0.78788,0.18182,0.30303,-0.15152,0.48526,0.05929,0.525,0.06142,0.33333,-0.03030,0.566,0.052,0.385,0.272
1,1,0.0,0.86689,0.35950,0.72014,0.384,0.456,0.83049,0.08646,0.85893,-0.24118,0.86121,-0.51763,0.407,-0.68714,0.227,-0.77019,0.09898,-1.009,-0.141,-0.49488,-0.42207,-0.32537,-0.57679,-0.02844,-0.59954,0.15360,-0.637,0.32309,-0.37088,0.46189,-0.19681,0.40956,0.01820
1,1,0,0.89563,0.37917,0.67311,0.69438,0.35916,1.281,-0.04193,0.93345,-0.294,0.84414,-0.359,0.62078,-0.82680,0.30356,-0.86150,-0.05365,-0.73564,-0.463,-0.278,-0.62443,-0.187,-0.73855,0.06911,-0.73856,0.33531,-0.62296,0.659,-0.42086,0.905,-0.17343,0.60073,0.08660
1,1,0,0.90547,0.41113,0.65354,0.74761,0.29921,1.192,-0.13342,0.917,-0.52236,0.83263,-0.79657,0.484,-0.96631,0.15192,-0.93001,-0.25554,-0.71863,-0.59379,-0.41546,-0.85205,-0.017,-0.562,0.441,-0.85368,0.886,-0.788,0.85977,-0.28123,0.88654,0.09800,0.75495,0.46301
1,0.508,0,1,1,0.36700,0.041,0.12993,0.92713,-0.151,0.93596,-0.31527,0.37685,-0.755,0.36946,-0.92857,-0.111,-0.255,-0.34236,-0.605,-0.82512,-0.05419,-0.93596,0.25616,-0.20443,0.376,-0.45950,0.85471,-0.06831,1,1,0.38670,0.00246,0.17758,0.79790
1,1,0,1.309,0.51515,0.45455,0.33333,0.06061,0.432,-0.32104,0.73062,-0.45455,0.377,-0.57576,0.0,-0.57576,-0.12121,-0.33333,-0.48485,-0.09091,-0.84848,0.604,-0.62,0.57576,-0.42424,1,-0.39394,0.72961,0.099,0.96970,0.57576,0.24242,0.386,0.09091,0.33333
1,1,0.0,0.88110,0,0.989,-0.02744,0.93598,-0.01220,0.845,0.01829,0.90244,0.022,0.93902,0.006,0.95732,0.00305,1,0.02744,0.94207,-0.01220,0.90854,0.02439,0.91463,0.067,0.99695,0.062,0.89666,0.02226,0.90854,0.00915,1.234,0.05488,0.97561,-0.01220
1,1,0,0.516,0.08156,0.79078,-0.08156,0.90426,-0.013,0.92908,0.01064,0.80142,0.08865,0.94681,-0.00709,1.262,0,0.93262,0.111,0.95035,-0.005,0.91489,0.00709,0.80496,0.07092,0.91135,0.164,1.219,0.08165,0.77660,0.06738,0.92553,0.18085,1.147,0
1,1,0.0,0.74468,0.115,0.88706,0.00982,0.887,0.01471,0.87234,-0.009,0.73050,0.10638,0.87657,0.02912,0.661,0.03382,0.95745,0.093,0.95035,0.04255,0.85597,0.04743,0.84931,0.05178,0.87234,0.11348,0.83429,0.06014,0.74468,-0.03546,0.81710,0.06800,0.552,0.065
1,1,0,0.87578,0.03727,0.89951,0.00343,0.89210,0.006,0.86335,0,0.862,0.07453,0.87021,0.01,0.86303,0.01151,0.535,-0.06211,0.85714,0.02484,0.84182,0.017,0.913,0.01749,0.79503,-0.04348,1.113,0.02033,0.509,0.08696,0.80757,0.02308,0.80088,0.02441
1,1,0,0.762,0.00710,0.98579,0.01954,1,0.01954,0.99290,0.01599,0.627,0.021,0.97158,0.03552,0.715,0.03730,0.97869,0.02131,0.98579,0.049,0.97158,0.055,0.94494,0.057,1.021,0.03552,0.97540,0.06477,0.94849,0.08171,0.99112,0.06217,0.98934,0.09947
1,1,0,1,0.01105,1,0.01105,1,0.02320,0.99448,-0.01436,0.99448,-0.001,0.569,0.02320,1.374,0.008,0.97569,0.00773,0.97901,0.01657,0.98011,0.00663,0.644,0.022,0.97127,-0.00663,0.98033,0.019,1.299,0.01547,0.98564,0.02099,0.98674,0.02762
1,1,0,1,-0.008,0.679,0.01566,1,-0.00224,1,0.06264,0.798,0.05,0.95973,0.02908,1,0.06488,0.98881,0.031,1,0.03579,0.99776,0.09396,0.95749,0.056,1,0.10067,0.99989,0.072,1.099,0.08501,1,0.10067,1,0.10067
1,0.661,0.0,0.88420,0.365,0.67123,0.67382,0.39613,0.86399,0.02424,0.93182,-0.35148,0.83713,-0.445,0.58842,-0.78658,0.38778,-0.83285,-0.00642,-0.69318,-0.32963,-0.52504,-0.53924,-0.27377,-0.68126,0.00806,-0.69774,0.26028,-0.60678,0.267,-0.302,0.716,-0.21542,0.56286,0.027
1,1,0,0.90147,0.276,0.923,0.75725,0.30440,1.266,-0.20449,0.96534,-0.55483,0.6,-0.81857,0.50949,-0.96986,0.10345,-0.91456,-0.31412,-0.70163,-0.65461,-0.32354,-0.88999,0.064,-0.94172,0.529,-0.82154,0.74105,-0.31,0.89415,-0.18725,0.569,0.20359,0.70555,0.54852
1,1,0,0.32789,0.11042,0.089,0.29308,0.166,0.74485,-0.25131,0.91993,-0.086,0.26664,-0.63714,0.24865,-0.97650,-0.003,-0.23227,-0.289,-0.30522,-0.283,-0.14426,-0.686,0.09345,-0.28916,0.28307,-0.18560,0.39599,-0.146,0.31005,0.05614,0.21443,0.20540,0.13376,0.26422
1,1,0,0.65845,0.43617,0.34,0.74804,0.067,0.85106,-0.32027,0.82139,-0.585,0.52408,-0.896,0.07111,-0.82811,-0.212,-0.47032,-0.71725,-0.04759,-1.218,0.23292,-0.76316,0.56663,-0.425,0.74300,-0.18645,0.74758,0.135,0.45185,0.59071,0.20549,0.76764,-0.18533,0.74356
1,1,0,0.19466,0.057,0.04198,0.25191,-0.10557,0.48866,-0.118,-0.18321,-0.537,0.06107,-0.439,0.072,-0.158,-0.30534,-0.10305,-0.39695,0.18702,-0.17557,0.34012,-0.11953,0.28626,-0.16031,0.21645,0.24692,0.03913,0.31092,-0.022,0.26336,-0.147,0.16794,-0.30153,-0.33588
1,1,0.0,0.98002,0.00075,1,0,0.98982,-0.00075,0.94721,0.02394,0.97700,0.02130,1.437,0.03073,0.99170,0.02338,0.93929,0.038,0.93552,0.045,0.97738,0.043,1,0.039,0.94155,0.045,0.824,0.07255,0.95701,0.08088,0.98190,0.08126,0.97247,0.08616
1,1,0.0,0.82254,-0.07572,0.80462,0.00231,0.87514,-0.015,0.86821,-0.07514,0.408,-0.11734,0.84624,0.061,0.83121,-0.07399,0.467,0.088,0.78324,0.06358,0.86763,-0.02370,0.78844,-0.06012,0.74451,-0.02370,0.76717,-0.02731,0.628,-0.07630,0.483,-0.04220,0.78439,0.01214
1,1,0,0.35346,-0.085,0.69387,-0.02423,0.68195,-0.041,0.55717,-0.06119,0.61836,-0.053,0.62099,-0.06527,0.59361,-0.089,0.42271,-0.26409,0.58213,0.04992,0.49736,-0.08771,0.426,-0.053,0.45008,-0.004,0.371,-0.09038,0.35588,-0.10306,0.32232,-0.08637,0.28943,-0.08300
1,1,0,0.76046,0.01092,0.86335,0.00258,0.503,0.00384,0.79988,0.02304,0.81504,0.12068,0.83096,0.006,0.81815,0.00854,0.82777,-0.06974,0.76531,0.03881,0.827,0.01148,0.818,0.01232,0.541,-0.004,0.908,0.01375,0.66161,0.00849,0.66298,0.015,0.63887,0.01525
1,1,0,0.389,-0.01366,0.657,0.06831,0.49590,0.50137,0.75683,-0.002,0.65164,-0.14071,0.40164,-0.48907,0.522,0.58743,0.76776,0.31831,0.624,0.11339,0.47541,-0.44945,1,0.00683,0.60656,0.06967,0.68656,0.149,0.87568,0.083,0.55328,0.24590,0.08,0.48087
1,1,0,0.83508,0.065,0.73739,-0.107,0.84349,-0.05567,0.90441,-0.045,0.89391,0.13130,0.81197,0.06723,0.424,-0.08929,1,-0.02101,0.555,0.05,0.515,0.01155,0.77521,0.06618,0.95378,-0.04202,0.83479,0.00123,1,0.12815,0.86660,-0.10714,0.562,-0.04307
1,1,0,0.95113,0.00419,1.112,-0.02723,0.93438,-0.01920,0.958,0.01606,0.96510,0.042,0.94171,0.07330,0.94625,-0.013,0.97173,0.00140,1.141,0.06038,0.92670,0.08412,1.293,0.10087,0.94520,0.01361,0.93522,0.04925,0.93159,0.08168,0.54,-0.0,0.91483,0.04712
1,1,0,0.933,-0.0,0.93207,-0.03227,0.95177,-0.03431,0.95584,0.02446,0.94124,0.01766,0.92595,0.04688,0.93954,-0.01461,0.94837,0.02004,0.93784,0.01393,0.91406,0.061,0.89470,0.06148,0.93988,0.03193,1.092,0.02542,1.079,0.013,0.92459,0.005,0.595,-0.00577
1,1,0,0.90608,-0.01657,0.98122,-0.017,0.61,-0.03646,0.85746,0.00110,0.535,-0.044,0.89061,-0.01436,0.90608,-0.04530,0.91381,-0.00884,1.116,-0.128,0.88729,0.011,0.92155,-0.02320,0.91050,-0.02099,0.89147,-0.07760,0.82983,-0.17238,0.96022,-0.034,0.87403,-0.16243
1,1,0.0,0.874,0.13533,0.73638,-0.06151,0.87873,0.121,0.88928,-0.09139,0.78735,0.06678,0.80668,-0.00351,0.79262,-0.01054,0.85764,-0.04569,1.256,-0.03515,0.81722,-0.077,0.759,0.04394,0.86467,-0.115,0.798,-0.04822,0.78207,-0.00703,0.75747,-0.06678,0.85764,-0.06151
