0,1,4.126,3.5,1.259,0.224
0,2.081,6.182,1.998,1.4,0.2
0,3,4.952,3.2,1.29,0.136
0,4.522,4.6,3.336,1.5,0.276
0,5,4.064,3.713,2.084,0.2
0,6,4.672,3.9,1.738,0.343
0,7,4.735,3.4,1.227,0.359
0,4.497,3.588,2.74,1.5,0.2
0,11.948,2.477,2.9,0.828,0.2
0,10,3.222,3.813,1.509,0.1
0,11,2.774,3.7,1.792,0.27
0,12,4.914,3.524,1.821,0.2
0,7.477,4.8,3.767,1.926,0.1
0,10.658,4.3,4.253,1.326,0.1
0,15,8.471,4,1.606,0.284
0,16,6.667,5.048,1.5,0.417
0,15.611,5.4,2.393,1.896,0.4
0,24.684,5.915,4.439,1.4,0.3
0,19,5.487,2.894,1.7,0.351
0,16.452,4.043,3.8,1.5,0.319
0,15.901,2.944,3.4,1.7,0.199
0,22,2.916,3.7,1.088,0.4
0,33.28,5.274,5.397,1,0.2
0,31.781,3.583,3.3,1.7,0.323
0,25,5.696,2.05,1.9,0.166
0,30.964,7.225,3.029,1.6,0.2
0,27,4.705,3.88,1.334,0.4
0,28,5.05,3.896,1.477,0.2
0,17.782,5.2,3.4,0.921,0.103
0,21.971,6.225,3.2,1.498,0.2
0,31,6.525,2.18,2.284,0.2
0,32,5.4,1.947,1.122,0.546
0,25.303,6.19,2.099,1.5,0.1
0,42.014,5.5,4.337,1.691,0.2
0,46.78,4.9,4.26,1.5,0.168
0,36,4.963,3.026,0.953,0.2
0,37,6.084,2.054,0.889,0.2
0,38,3.731,3.6,1.268,0.071
0,39,4.676,3.987,1.3,0.24
0,40,2.696,2.994,2.231,0.2
0,30.526,3.789,3.5,1.371,0.3
0,42,5.242,2.282,1.61,0.3
0,43,5.794,3.2,0.795,0.178
0,44,4.978,3.5,1.082,0.319
0,32.223,5.1,2.634,1.9,0.366
0,50.824,6.217,3,1.4,0.22
0,25.568,2.763,3.8,1.6,0.189
0,27.646,6.558,3.2,1.814,0.2
0,49,5.283,3.462,1.203,0.2
0,50,5.638,4.753,1.4,0.169
1,61.556,3.589,3.2,3.404,1.4
1,65.211,7.026,2.387,4.5,1.5
1,48.856,6.9,4.415,5.602,1.5
1,54,4.295,2.3,5.555,1.646
1,68.686,6.339,2.292,4.6,1.5
1,56,5.628,2.8,3.25,1.337
1,57,3.185,4.463,4.758,1.6
1,58,4.9,2.867,4.843,1.163
1,46.585,8.266,2.9,4.6,1.728
1,39.562,4.893,2.7,4.515,1.4
1,74.748,5,2,4.23,1.373
1,58.624,3.382,3,4.394,1.5
1,63,5.323,2.824,4,1.274
1,72.037,6.355,3.929,4.7,1.4
1,65,5.621,3.103,5.295,1.3
1,66,6.7,2.638,6.12,2.087
1,57.757,7.82,3.465,4.5,1.5
1,68,5.8,1.944,2.123,0.666
1,69,7.336,2.096,2.925,1.5
1,70,6.664,1.375,3.9,0.866
1,45.317,5.9,3.186,3.992,1.8
1,72,8.454,2.294,4,1.054
1,54.167,6.3,2.72,4.82,1.5
1,74,4.668,3.282,3.093,1.2
1,61.112,4.516,2.808,4.3,1.3
1,76,6.6,3.932,5.547,1.099
1,60.731,6.8,2.552,4.397,1.4
1,108.577,6.7,4.456,5,1.516
1,88.653,6,4.175,4.5,1.718
1,110.839,5.7,1.392,3.364,1
1,112.928,5.5,1.593,3.8,0.652
1,82,4.664,3.497,3.7,1.284
1,83,5.402,3.162,2.515,1.2
1,84,5.33,2.314,5.1,1.855
1,85,5.504,3.606,4.5,1.526
1,86,5.055,2.341,4.002,1.6
1,87,10.035,3.509,4.7,2.056
1,88,9.422,1.514,4.4,1.692
1,89,5.647,2.243,3.372,1.3
1,127.594,7.446,3.55,4,1.3
1,91,7.281,2.735,6.037,1.2
1,92,7.817,2.087,5.736,1.4
1,57.046,5.8,3.357,2.497,1.2
1,89.928,5,2.3,3.146,0.969
1,95,5.202,1.894,4.2,1.128
1,96,3.533,3.03,2.701,1.2
1,78.551,3.502,2.9,4.2,1.273
1,102.315,6.2,3.483,3.319,1.3
1,88.918,4.262,3.595,3,1.1
1,66.962,8.103,2.8,3.571,1.3
2,109.116,6.3,1.83,6.772,2.5
2,77.898,7.655,1.832,5.1,1.9
2,103,9.669,2.348,8.585,2.1
2,87.947,6.3,2.733,3.879,1.8
2,105,6.5,1.856,3.519,2.51
2,106,3.878,4.15,5.337,2.1
2,107,3.832,3.564,3.899,1.7
2,146.36,8.303,2.9,8.288,1.8
2,109,9.525,2.5,5.759,2.581
2,111.134,7.2,3.592,7.956,2.5
2,111,7.638,2.986,5.1,1.068
2,112,5.232,2.7,5.943,1.203
2,154.799,9.565,3.536,5.5,2.1
2,114,7.879,2.081,3.471,2
2,115,4.045,1.762,5.1,1.463
2,163.658,5.711,3.2,6.733,2.3
2,117,5.855,3.406,5.5,2.366
2,117.113,11.403,3.8,3.767,2.2
2,140.698,10.892,1.999,6.9,2.3
2,120,6,1.44,6.815,2.015
2,121,4.371,4.245,7.067,2.3
2,122,3.534,3.439,4.9,1.242
2,80.088,7.487,3.025,6.7,2
2,120.835,6.3,2.7,2.659,2.601
2,125,3.989,1.708,6.866,2.1
2,104.898,7.2,1.776,7.699,1.8
2,161.832,9.009,2.8,4.8,2.546
2,96.136,3.14,3,4.9,2.504
2,129,7.848,2.524,3.064,2.1
2,106.153,7.556,3.946,5.8,1.6
2,131,8.032,1.481,5.782,1.9
2,166.472,7.9,3.202,8.507,2
2,133,4.347,3.358,3.538,2.2
2,100.75,6.3,2.538,5.278,1.5
2,126.335,6.1,1.574,3.986,1.4
2,136,8.845,3,4.867,3.229
2,137,5.121,3.292,5.405,2.4
2,138,7.509,3.807,5.471,1.8
2,139,6,3.494,4.009,0.997
2,140,5.116,2.815,2.828,2.1
2,141,8.889,2.622,5.6,1.801
2,142,9.572,3.088,3.316,2.3
2,143,7.284,3.916,5.1,2.326
2,79.311,6.8,3.172,3.647,2.3
2,145,8.58,2.814,7.524,2.5
2,146,4.325,1.948,7.518,2.3
2,147,5.09,2.5,2.834,0.955
2,216.379,8.474,3,2.702,2
2,139.593,8.033,3.4,5.578,2.3
2,150,5.9,4.434,5.509,1.135
